2501.49	50154
2500.78	49535.9
2500.07	46016.3
2499.36	45615.6
2498.64	46001.5
2497.93	45572.9
2497.22	45804.2
2496.51	46189.8
2495.79	46084.2
2495.08	46231.1
2494.37	46223.7
2493.66	46566.9
2492.94	46797.8
2492.23	46762.3
2491.52	46586.5
2490.8	46733.2
2490.09	46992
2489.38	46816.3
2488.66	47061
2487.95	46703.2
2487.23	46821.7
2486.52	47234.3
2485.81	47590.7
2485.09	47429.1
2484.38	47701.4
2483.66	47259.9
2482.95	48189.8
2482.23	48363.9
2481.52	47908.5
2480.8	47788.9
2480.09	47375.7
2479.37	47843.5
2478.66	48157.3
2477.94	48107.6
2477.23	48547
2476.51	48231.8
2475.79	48922.6
2475.08	48411.9
2474.36	48739.2
2473.65	48661.6
2472.93	49226.1
2472.21	49148.4
2471.5	49042.8
2470.78	48993.1
2470.06	49208.4
2469.35	49312.1
2468.63	49164.7
2467.91	49784.3
2467.2	49204.6
2466.48	49921.6
2465.76	50192.3
2465.04	49919.4
2464.33	49911.4
2463.61	49638.7
2462.89	49728.2
2462.17	50332.9
2461.45	50046.3
2460.74	50121.8
2460.02	50183.3
2459.3	50871.2
2458.58	50431.6
2457.86	50632.1
2457.14	50220.5
2456.42	51144.4
2455.7	51247.4
2454.99	50766.4
2454.27	50813.8
2453.55	51139.2
2452.83	50992
2452.11	51470.1
2451.39	51517.4
2450.67	51217.4
2449.95	51653.5
2449.23	51909.1
2448.51	51650.8
2447.79	51725.7
2447.07	51828.4
2446.35	52125.4
2445.63	51964.3
2444.9	52275.1
2444.18	52252.7
2443.46	51897.6
2442.74	51861.5
2442.02	52352.2
2441.3	52662.6
2440.58	52792.7
2439.86	52340.8
2439.13	52789.5
2438.41	53279.7
2437.69	52966.4
2436.97	53331.8
2436.25	52686.2
2435.52	53286.9
2434.8	53292.1
2434.08	53408.1
2433.36	53537.8
2432.63	53446.2
2431.91	53506.7
2431.19	53124.6
2430.46	53517.1
2429.74	53702
2429.02	53624.2
2428.29	53726.1
2427.57	54007.6
2426.85	54095.6
2426.12	53727.7
2425.4	53898.6
2424.68	54566.6
2423.95	54143.5
2423.23	54894.1
2422.5	54678.2
2421.78	54807.4
2421.05	54715.7
2420.33	55272.6
2419.6	55125.7
2418.88	54454.7
2418.15	54873.4
2417.43	55416.1
2416.7	55186.6
2415.98	55205.2
2415.25	55320.3
2414.53	55531.8
2413.8	55578
2413.07	55569
2412.35	56097.1
2411.62	55991.7
2410.9	55941.3
2410.17	55932.2
2409.44	55799.3
2408.72	56313.2
2407.99	56510.5
2407.26	56831.6
2406.54	56519.7
2405.81	56661.9
2405.08	56694
2404.35	57276
2403.63	56936.8
2402.9	57944.6
2402.17	57179.5
2401.44	57046.5
2400.71	57380.7
2399.99	57330.2
2399.26	57746.7
2398.53	57435.3
2397.8	57673.1
2397.07	57361.7
2396.34	57640.7
2395.62	57603.9
2394.89	57896.4
2394.16	58271.1
2393.43	58412.5
2392.7	58403.1
2391.97	58325
2391.24	58164.8
2390.51	58251.3
2389.78	58721.5
2389.05	58890.1
2388.32	59045
2387.59	59528.5
2386.86	58368.5
2386.13	59605.1
2385.4	59390
2384.67	58983.5
2383.94	59357.1
2383.21	59607.5
2382.48	59214.7
2381.75	59150.4
2381.02	59414.4
2380.28	59268
2379.55	59586.5
2378.82	59795.6
2378.09	60059.3
2377.36	59680.5
2376.63	60313.1
2375.89	59975.4
2375.16	60580.3
2374.43	59901.3
2373.7	59604.8
2372.97	60455.3
2372.23	61155.3
2371.5	60927
2370.77	60316.7
2370.03	60948.2
2369.3	61115.6
2368.57	61092.1
2367.84	61000.3
2367.1	61208.6
2366.37	61212.3
2365.63	61216
2364.9	60933.5
2364.17	61318.7
2363.43	61703.9
2362.7	62034.4
2361.96	61561.3
2361.23	61987
2360.5	61554.9
2359.76	61871.6
2359.03	61929.6
2358.29	62436.7
2357.56	62032
2356.82	61885.8
2356.09	62052.6
2355.35	62627.3
2354.62	62277.2
2353.88	62620.6
2353.14	62324.9
2352.41	62912.8
2351.67	63323.8
2350.94	62742.9
2350.2	63248.9
2349.46	62736.1
2348.73	63106.1
2347.99	62905.8
2347.25	63778
2346.52	63781.2
2345.78	63784.4
2345.04	63624.7
2344.31	64116.4
2343.57	64011
2342.83	63620.8
2342.1	64397
2341.36	64589.9
2340.62	64199.8
2339.88	64324.9
2339.14	65208.8
2338.41	64696.9
2337.67	64266.4
2336.93	65122.8
2336.19	64990.3
2335.45	65006.8
2334.71	65443
2333.98	65567.7
2333.24	65299.9
2332.5	65289.3
2331.76	65441
2331.02	65687.4
2330.28	66082.4
2329.54	65638.9
2328.8	65695.9
2328.06	66023.1
2327.32	66107
2326.58	65961.1
2325.84	66261.1
2325.1	66588
2324.36	66766.3
2323.62	66390.8
2322.88	66528.5
2322.14	66747.2
2321.4	67262.8
2320.66	67089.8
2319.92	66674.1
2319.17	67337.8
2318.43	67124.5
2317.69	67275.4
2316.95	67857.8
2316.21	67684.9
2315.47	67660.4
2314.72	67649.4
2313.98	68123.5
2313.24	67816
2312.5	68451.6
2311.76	68507.8
2311.01	68564
2310.27	68377.7
2309.53	68622.4
2308.79	68732.3
2308.04	68505.8
2307.3	68696.5
2306.56	68577.6
2305.81	69212.1
2305.07	68931.9
2304.33	69324
2303.58	69608.5
2302.84	70013.9
2302.09	69532.1
2301.35	69762.6
2300.61	69482.5
2299.86	70478.8
2299.12	70279.2
2298.37	70146.9
2297.63	70081.7
2296.88	69680.9
2296.14	70005.1
2295.39	69993.7
2294.65	70250.7
2293.9	70212.4
2293.16	70576.5
2292.41	71530.7
2291.67	70996
2290.92	71292.8
2290.17	71656.6
2289.43	71269.6
2288.68	71847.6
2287.94	71326.7
2287.19	71435.6
2286.44	71638.3
2285.7	71439.1
2284.95	71855.9
2284.2	72085.1
2283.45	72408
2282.71	72168.7
2281.96	71982.9
2281.21	72171.8
2280.47	71972.8
2279.72	72054.6
2278.97	72377.2
2278.22	73274.6
2277.47	73235.9
2276.73	72876.4
2275.98	72503.6
2275.23	73293.5
2274.48	73321.6
2273.73	73443.2
2272.98	72830.2
2272.23	73218.9
2271.49	73260.3
2270.74	72834.5
2269.99	73183
2269.24	74091.8
2268.49	74093
2267.74	73774.1
2266.99	74802.4
2266.24	74110
2265.49	74604.6
2264.74	74779
2263.99	74273.6
2263.24	74794.5
2262.49	74755.6
2261.74	74103.9
2260.99	74664.6
2260.24	74998.6
2259.49	75412.5
2258.73	75693.1
2257.98	75294.6
2257.23	75481.9
2256.48	75496.2
2255.73	75683.4
2254.98	75750.8
2254.23	75632
2253.47	75672.8
2252.72	75979.6
2251.97	75820.9
2251.22	75981.3
2250.46	76048.6
2249.71	75757.1
2248.96	76183.1
2248.21	76077.6
2247.45	76490.2
2246.7	76583.9
2245.95	76571.3
2245.19	76903.9
2244.44	77077.2
2243.69	77051.2
2242.93	77158
2242.18	77676.1
2241.43	77039.9
2240.67	76841.6
2239.92	77598.1
2239.16	77625.1
2238.41	78261.9
2237.65	78063.5
2236.9	77971.2
2236.15	77892.2
2235.39	78780.2
2234.64	78224.3
2233.88	79059
2233.13	79085.7
2232.37	79430.2
2231.61	78675.9
2230.86	78914.5
2230.1	79232.3
2229.35	78531.4
2228.59	79166.6
2227.83	79550.4
2227.08	79629.9
2226.32	79445
2225.57	79577.3
2224.81	79590.7
2224.05	79511.6
2223.3	79802.4
2222.54	80278.1
2221.78	79855.4
2221.02	79617.8
2220.27	80700.7
2219.51	80212.2
2218.75	80357.4
2217.99	81373.6
2217.24	80528.9
2216.48	80660.8
2215.72	80634.4
2214.96	81043.1
2214.2	81135.3
2213.45	80977
2212.69	81952.3
2211.93	81912.5
2211.17	82162.6
2210.41	82056.9
2209.65	81872.1
2208.89	82438.2
2208.13	82819.7
2207.37	82937.8
2206.61	82516
2205.85	82923.7
2205.09	83699.6
2204.33	83659.6
2203.57	83369.5
2202.81	82856
2202.05	82434.7
2201.29	82605.2
2200.53	83183.2
2199.77	83655.9
2199.01	83852.5
2198.25	84167.2
2197.49	83824.9
2196.73	84244.6
2195.97	84467.2
2195.2	83914.8
2194.44	84570.7
2193.68	84451.7
2192.92	84345.9
2192.16	85132.6
2191.39	86312.6
2190.63	89617.6
2189.87	85562.8
2189.11	85535.6
2188.34	85521.5
2187.58	86149.9
2186.82	86057
2186.06	85728.3
2185.29	86277.7
2184.53	85647.7
2183.77	86092.1
2183	85606.4
2182.24	86103
2181.48	86036.4
2180.71	86572.1
2179.95	86557.8
2179.18	86465.1
2178.42	86921.9
2177.66	86515.1
2176.89	86775.5
2176.13	86852.7
2175.36	86903.8
2174.6	87033.3
2173.83	87241.2
2173.07	87239.9
2172.3	87565.3
2171.54	87237.3
2170.77	88176.5
2170	88057.5
2169.24	88356.4
2168.47	88028.4
2167.71	88392.5
2166.94	88795.6
2166.17	88859.3
2165.41	88896.8
2164.64	89117
2163.87	88841.4
2163.11	88852.8
2162.34	89112
2161.57	88732.2
2160.81	89121.7
2160.04	89289.5
2159.27	88401.7
2158.5	89611.8
2157.74	88932.6
2156.97	89191.5
2156.2	89749.7
2155.43	88914.7
2154.67	90071.6
2153.9	89887.5
2153.13	90263.1
2152.36	91185
2151.59	89856
2150.82	90153.4
2150.05	90541.6
2149.28	91072.8
2148.52	91200.8
2147.75	91536.7
2146.98	91209.7
2146.21	90843.7
2145.44	91127.6
2144.67	91645.1
2143.9	91383.2
2143.13	91394.1
2142.36	91534.8
2141.59	91376.9
2140.82	91751.1
2140.05	92320
2139.28	91020.2
2138.5	93262.4
2137.73	92948.7
2136.96	92596.1
2136.19	93216.2
2135.42	93836
2134.65	94092.7
2133.88	93597.6
2133.1	93621
2132.33	93579.7
2131.56	94030.5
2130.79	95038.1
2130.02	93662.7
2129.24	93983.9
2128.47	94343.7
2127.7	94263.4
2126.93	95347.8
2126.15	94491
2125.38	95536.2
2124.61	94977.1
2123.83	95879.6
2123.06	95100.9
2122.29	95395.4
2121.51	94785
2120.74	95686.9
2119.97	95361
2119.19	95887.8
2118.42	96608.2
2117.64	96114.4
2116.87	96292.1
2116.09	96495.7
2115.32	95950.5
2114.54	96257.2
2113.77	96280
2113	97038.2
2112.22	96751.2
2111.44	96477.2
2110.67	96603.1
2109.89	97090
2109.12	96687.2
2108.34	97934.3
2107.57	97557.2
2106.79	97554
2106.01	98555.6
2105.24	97753.5
2104.46	97814.6
2103.68	98480.8
2102.91	97936.6
2102.13	99362.1
2101.35	98522
2100.58	98827.3
2099.8	98811
2099.02	99720.8
2098.24	99266.9
2097.47	98787.5
2096.69	99645.5
2095.91	99024.8
2095.13	99021.2
2094.36	99480.3
2093.58	100363
2092.8	99203.2
2092.02	99495
2091.24	99632.6
2090.46	99808.7
2089.68	100357
2088.9	100648
2088.13	99797.5
2087.35	100320
2086.57	100496
2085.79	100556
2085.01	101027
2084.23	100612
2083.45	100762
2082.67	101464
2081.89	102126
2081.11	102083
2080.33	101362
2079.55	101575
2078.77	100841
2077.98	101375
2077.2	101077
2076.42	102481
2075.64	101632
2074.86	102165
2074.08	102289
2073.3	102822
2072.51	102959
2071.73	103070
2070.95	103219
2070.17	103125
2069.39	103721
2068.6	102860
2067.82	104160
2067.04	104078
2066.26	104176
2065.47	103686
2064.69	103375
2063.91	103345
2063.12	104069
2062.34	104575
2061.56	104353
2060.77	104068
2059.99	103910
2059.2	104135
2058.42	104679
2057.64	104598
2056.85	105243
2056.07	105392
2055.28	105756
2054.5	105739
2053.71	105963
2052.93	105729
2052.14	106336
2051.36	105859
2050.57	105651
2049.79	106372
2049	105539
2048.22	106502
2047.43	105797
2046.64	105385
2045.86	106029
2045.07	105642
2044.28	105841
2043.5	106154
2042.71	106695
2041.92	107122
2041.14	107181
2040.35	107290
2039.56	108072
2038.78	107800
2037.99	107998
2037.2	108463
2036.41	107924
2035.62	108198
2034.84	107343
2034.05	107693
2033.26	108258
2032.47	108583
2031.68	108298
2030.89	108863
2030.11	108871
2029.32	109600
2028.53	109278
2027.74	109716
2026.95	109318
2026.16	109413
2025.37	109268
2024.58	109807
2023.79	109346
2023	110113
2022.21	110107
2021.42	110063
2020.63	110943
2019.84	110925
2019.05	110565
2018.26	110420
2017.47	111248
2016.68	110711
2015.88	110339
2015.09	110586
2014.3	110391
2013.51	111029
2012.72	111516
2011.93	112331
2011.13	111959
2010.34	111738
2009.55	112098
2008.76	112382
2007.96	112502
2007.17	112572
2006.38	112124
2005.59	112332
2004.79	113146
2004	112698
2003.21	113347
2002.41	113707
2001.62	114066
2000.83	113694
2000.03	114418
1999.24	113794
1998.44	114266
1997.65	114386
1996.86	115449
1996.06	114020
1995.27	115147
1994.47	115027
1993.68	115523
1992.88	115064
1992.09	115422
1991.29	115503
1990.5	114905
1989.7	116269
1988.9	116752
1988.11	115413
1987.31	116600
1986.52	116580
1985.72	116825
1984.92	116554
1984.13	116221
1983.33	117281
1982.53	117261
1981.74	117091
1980.94	117059
1980.14	117692
1979.35	117923
1978.55	117715
1977.75	117382
1976.95	118377
1976.16	118170
1975.36	118238
1974.56	118130
1973.76	119087
1972.96	118642
1972.16	118760
1971.37	118314
1970.57	119246
1969.77	119075
1968.97	118743
1968.17	119036
1967.37	118953
1966.57	120422
1965.77	119413
1964.97	119619
1964.17	119886
1963.37	120591
1962.57	120221
1961.77	121163
1960.97	120256
1960.17	120510
1959.37	120690
1958.57	120844
1957.77	121074
1956.97	122065
1956.17	121096
1955.36	121175
1954.56	120968
1953.76	121696
1952.96	121576
1952.16	121905
1951.36	121273
1950.55	122101
1949.75	122180
1948.95	122346
1948.15	122513
1947.34	122181
1946.54	122036
1945.74	122464
1944.94	122705
1944.13	123045
1943.33	123199
1942.53	122954
1941.72	122697
1940.92	123012
1940.11	123141
1939.31	124065
1938.51	123162
1937.7	123216
1936.9	124003
1936.09	124293
1935.29	124508
1934.48	125258
1933.68	124205
1932.87	124495
1932.07	124089
1931.26	123969
1930.46	124966
1929.65	125256
1928.85	125011
1928.04	124692
1927.23	125341
1926.43	125246
1925.62	125460
1924.81	125365
1924.01	125207
1923.2	126029
1922.39	125847
1921.59	125553
1920.78	126077
1919.97	125028
1919.17	126568
1918.36	127153
1917.55	126785
1916.74	126268
1915.93	127176
1915.13	127451
1914.32	126873
1913.51	127483
1912.7	127461
1911.89	127526
1911.08	127109
1910.28	127978
1909.47	128327
1908.66	128787
1907.85	127864
1907.04	128176
1906.23	128747
1905.42	128651
1904.61	128815
1903.8	129349
1902.99	129784
1902.18	129404
1901.37	129913
1900.56	129286
1899.75	129795
1898.94	130304
1898.13	129209
1897.31	130087
1896.5	130115
1895.69	130475
1894.88	131377
1894.07	130221
1893.26	130495
1892.45	130744
1891.63	131633
1890.82	131131
1890.01	132488
1889.2	131875
1888.38	132505
1887.57	132593
1886.76	131291
1885.95	132585
1885.13	132993
1884.32	132356
1883.51	132321
1882.69	132975
1881.88	132375
1881.06	133029
1880.25	133178
1879.44	132763
1878.62	133318
1877.81	132976
1876.99	133702
1876.18	133655
1875.36	134148
1874.55	133549
1873.73	133710
1872.92	134792
1872.1	134242
1871.29	134182
1870.47	134736
1869.66	134713
1868.84	134359
1868.02	135195
1867.21	134988
1866.39	135112
1865.58	135285
1864.76	135507
1863.94	134823
1863.13	135511
1862.31	135904
1861.49	135440
1860.67	137094
1859.86	136630
1859.04	135482
1858.22	136450
1857.4	136830
1856.59	136978
1855.77	137065
1854.95	137103
1854.13	138045
1853.31	136996
1852.49	137412
1851.68	137328
1850.86	137769
1850.04	137196
1849.22	136648
1848.4	137613
1847.58	137956
1846.76	138275
1845.94	138288
1845.12	137655
1844.3	138229
1843.48	138266
1842.66	138024
1841.84	138683
1841.02	138867
1840.2	139038
1839.38	139380
1838.56	139405
1837.74	139101
1836.91	140162
1836.09	139919
1835.27	139652
1834.45	139129
1833.63	140456
1832.81	140749
1831.98	140664
1831.16	140032
1830.34	140057
1829.52	140301
1828.69	140228
1827.87	140253
1827.05	140570
1826.22	140376
1825.4	140680
1824.58	140851
1823.75	141410
1822.93	141811
1822.11	140985
1821.28	140731
1820.46	141241
1819.64	142564
1818.81	141727
1817.99	141885
1817.16	141994
1816.34	142613
1815.51	142201
1814.69	142468
1813.86	142395
1813.04	142662
1812.21	142831
1811.39	143158
1810.56	142783
1809.73	141814
1808.91	142178
1808.08	143775
1807.26	142747
1806.43	142916
1805.6	142831
1804.78	143472
1803.95	143146
1803.12	143980
1802.29	143665
1801.47	144173
1800.64	143375
1799.81	144100
1798.98	143713
1798.16	145090
1797.33	144618
1796.5	144171
1795.67	144992
1794.84	144569
1794.02	145305
1793.19	145219
1792.36	144797
1791.53	145858
1790.7	146315
1789.87	146062
1789.04	145470
1788.21	146591
1787.38	145987
1786.55	145709
1785.72	146636
1784.89	147660
1784.06	146888
1783.23	145671
1782.4	147344
1781.57	147355
1780.74	147931
1779.91	147088
1779.08	147568
1778.25	147892
1777.42	147590
1776.58	148239
1775.75	148057
1774.92	148609
1774.09	148776
1773.26	148450
1772.42	148738
1771.59	148941
1770.76	149396
1769.93	149010
1769.09	149513
1768.26	149067
1767.43	149174
1766.6	149569
1765.76	149411
1764.93	150046
1764.09	149396
1763.26	150115
1762.43	149993
1761.59	150651
1760.76	150314
1759.92	150372
1759.09	150167
1758.26	150620
1757.42	151529
1756.59	152114
1755.75	151154
1754.92	150841
1754.08	150624
1753.24	150933
1752.41	150800
1751.57	151660
1750.74	151060
1749.9	151823
1749.07	151044
1748.23	151712
1747.39	151519
1746.56	151385
1745.72	152841
1744.88	152290
1744.05	152168
1743.21	152465
1742.37	152654
1741.53	152771
1740.7	152960
1739.86	152862
1739.02	153099
1738.18	152500
1737.34	153357
1736.51	153271
1735.67	153841
1734.83	152646
1733.99	153038
1733.15	153882
1732.31	153045
1731.47	153364
1730.63	153267
1729.79	153193
1728.95	153703
1728.11	154379
1727.27	153627
1726.43	153934
1725.59	153610
1724.75	153441
1723.91	154545
1723.07	155197
1722.23	153802
1721.39	154323
1720.55	153726
1719.71	154889
1718.87	154648
1718.03	154859
1717.18	154298
1716.34	154914
1715.5	155374
1714.66	153816
1713.82	154810
1712.97	155686
1712.13	155363
1711.29	155586
1710.45	155440
1709.6	155283
1708.76	156751
1707.92	156487
1707.07	158109
1706.23	156790
1705.39	156703
1704.54	157874
1703.7	157740
1702.85	159111
1702.01	158030
1701.17	159436
1700.32	158130
1699.48	158754
1698.63	157732
1697.79	159066
1696.94	158589
1696.1	158787
1695.25	158086
1694.41	158567
1693.56	158516
1692.71	157768
1691.87	158888
1691.02	158352
1690.18	158030
1689.33	159503
1688.48	159039
1687.64	159295
1686.79	158807
1685.94	159394
1685.1	159756
1684.25	158620
1683.4	158793
1682.55	159486
1681.71	158656
1680.86	160044
1680.01	158555
1679.16	159176
1678.31	160516
1677.47	159840
1676.62	159613
1675.77	160068
1674.92	160748
1674.07	161427
1673.22	160481
1672.37	160830
1671.52	161132
1670.67	161211
1669.82	161430
1668.97	162320
1668.12	161975
1667.27	161406
1666.42	161261
1665.57	162362
1664.72	162205
1663.87	162247
1663.02	162478
1662.17	162368
1661.32	161858
1660.47	163088
1659.62	162519
1658.76	162891
1657.91	163051
1657.06	162612
1656.21	163523
1655.36	163600
1654.5	164030
1653.65	165175
1652.8	163352
1651.95	163887
1651.09	164457
1650.24	164909
1649.39	165361
1648.53	165825
1647.68	164894
1646.83	166553
1645.97	165271
1645.12	165793
1644.26	166268
1643.41	166169
1642.56	166223
1641.7	166966
1640.85	167102
1639.99	167400
1639.14	168179
1638.28	169284
1637.43	169723
1636.57	170056
1635.72	171418
1634.86	171341
1634	173053
1633.15	173304
1632.29	173461
1631.43	174038
1630.58	174102
1629.72	174013
1628.87	174450
1628.01	173487
1627.15	173819
1626.29	174057
1625.44	174447
1624.58	173239
1623.72	174865
1622.86	174590
1622.01	174036
1621.15	173738
1620.29	173160
1619.43	173969
1618.57	172483
1617.71	172628
1616.86	172191
1616	172231
1615.14	171678
1614.28	172777
1613.42	172247
1612.56	172636
1611.7	171688
1610.84	172263
1609.98	171361
1609.12	172657
1608.26	172046
1607.4	173062
1606.54	172475
1605.68	173212
1604.82	173403
1603.96	173988
1603.09	174342
1602.23	173638
1601.37	174119
1600.51	175064
1599.65	174488
1598.79	175491
1597.92	176075
1597.06	177460
1596.2	178114
1595.34	180715
1594.47	180579
1593.61	184790
1592.75	186357
1591.89	189534
1591.02	194251
1590.16	198735
1589.29	205625
1588.43	211390
1587.57	217327
1586.7	223401
1585.84	227123
1584.97	231666
1584.11	234518
1583.25	234107
1582.38	235096
1581.52	236200
1580.65	234922
1579.79	236534
1578.92	237326
1578.06	241040
1577.19	244394
1576.32	249215
1575.46	252994
1574.59	256172
1573.73	258298
1572.86	257053
1571.99	252716
1571.13	246672
1570.26	239397
1569.39	233196
1568.52	226213
1567.66	218576
1566.79	213604
1565.92	208035
1565.05	203562
1564.19	198376
1563.32	195059
1562.45	191512
1561.58	190397
1560.71	187105
1559.84	185737
1558.98	184531
1558.11	183372
1557.24	181602
1556.37	180651
1555.5	180159
1554.63	179772
1553.76	179787
1552.89	179181
1552.02	178230
1551.15	178314
1550.28	178548
1549.41	179264
1548.54	178325
1547.67	177812
1546.8	178011
1545.93	178106
1545.06	178087
1544.18	178205
1543.31	177819
1542.44	177868
1541.57	177654
1540.7	177245
1539.82	178155
1538.95	177677
1538.08	178379
1537.21	177936
1536.33	178341
1535.46	178103
1534.59	177523
1533.72	176736
1532.84	176648
1531.97	176721
1531.1	177480
1530.22	176797
1529.35	176698
1528.47	176507
1527.6	175664
1526.72	176491
1525.85	177238
1524.98	177482
1524.1	176811
1523.23	176552
1522.35	176350
1521.48	176342
1520.6	176826
1519.72	176076
1518.85	175531
1517.97	175900
1517.1	176281
1516.22	175965
1515.34	176653
1514.47	175972
1513.59	176432
1512.71	176333
1511.84	175904
1510.96	176272
1510.08	176367
1509.21	175926
1508.33	175189
1507.45	174475
1506.57	175515
1505.69	176203
1504.82	174521
1503.94	175754
1503.06	174847
1502.18	175340
1501.3	174991
1500.42	175302
1499.54	175511
1498.66	175526
1497.79	173983
1496.91	174851
1496.03	176708
1495.15	176086
1494.27	176623
1493.39	176309
1492.51	176960
1491.63	176668
1490.74	177511
1489.86	177889
1488.98	177018
1488.1	178020
1487.22	180202
1486.34	179388
1485.46	179652
1484.58	180403
1483.69	180769
1482.81	182245
1481.93	181307
1481.05	180867
1480.17	179771
1479.28	180090
1478.4	179266
1477.52	177808
1476.63	177460
1475.75	177927
1474.87	177444
1473.98	177435
1473.1	177800
1472.22	178369
1471.33	177444
1470.45	179065
1469.56	178321
1468.68	180461
1467.79	180079
1466.91	182071
1466.02	183339
1465.14	184731
1464.25	185094
1463.37	186756
1462.48	187119
1461.6	187955
1460.71	187911
1459.83	187348
1458.94	186898
1458.05	186651
1457.17	185118
1456.28	183766
1455.39	182404
1454.51	183037
1453.62	181348
1452.73	181305
1451.85	179211
1450.96	179755
1450.07	180489
1449.18	178352
1448.29	180055
1447.41	178481
1446.52	178855
1445.63	179184
1444.74	178782
1443.85	178953
1442.96	179439
1442.07	179025
1441.18	179320
1440.3	179368
1439.41	179224
1438.52	179260
1437.63	178768
1436.74	179546
1435.85	178975
1434.96	178708
1434.06	179160
1433.17	178960
1432.28	178323
1431.39	179212
1430.5	179013
1429.61	179441
1428.72	179444
1427.83	178896
1426.94	178764
1426.04	179529
1425.15	179688
1424.26	178222
1423.37	179368
1422.47	178956
1421.58	178409
1420.69	179050
1419.8	178884
1418.9	179782
1418.01	179852
1417.12	179003
1416.22	179789
1415.33	179903
1414.43	179569
1413.54	179616
1412.65	180267
1411.75	178838
1410.86	179925
1409.96	179513
1409.07	179158
1408.17	180121
1407.28	179609
1406.38	179075
1405.49	180294
1404.59	179771
1403.7	180187
1402.8	178760
1401.9	179867
1401.01	179423
1400.11	180161
1399.21	179360
1398.32	180421
1397.42	180289
1396.52	178697
1395.63	180137
1394.73	179649
1393.83	179272
1392.93	179898
1392.04	180256
1391.14	179345
1390.24	179903
1389.34	179794
1388.44	178995
1387.54	180032
1386.65	180022
1385.75	179490
1384.85	179803
1383.95	180272
1383.05	179685
1382.15	179987
1381.25	180300
1380.35	180302
1379.45	180681
1378.55	181172
1377.65	179996
1376.75	181064
1375.85	181632
1374.95	181877
1374.05	181468
1373.15	182102
1372.24	182935
1371.34	183547
1370.44	184524
1369.54	184503
1368.64	186189
1367.73	186633
1366.83	186988
1365.93	187642
1365.03	187986
1364.13	188463
1363.22	188075
1362.32	187832
1361.42	187290
1360.51	187378
1359.61	186825
1358.71	186018
1357.8	186505
1356.9	186439
1355.99	184460
1355.09	184992
1354.18	184440
1353.28	184750
1352.38	185082
1351.47	183956
1350.57	183835
1349.66	184521
1348.75	184521
1347.85	184092
1346.94	184269
1346.04	184623
1345.13	184657
1344.22	184028
1343.32	185563
1342.41	185089
1341.51	185564
1340.6	185156
1339.69	185730
1338.78	184827
1337.88	185962
1336.97	184883
1336.06	185919
1335.15	186140
1334.25	185876
1333.34	185700
1332.43	186174
1331.52	186438
1330.61	187000
1329.7	186703
1328.79	186736
1327.89	187319
1326.98	187352
1326.07	187858
1325.16	187759
1324.25	187539
1323.34	188341
1322.43	187605
1321.52	189220
1320.61	189450
1319.7	190306
1318.79	190361
1317.88	191568
1316.96	192643
1316.05	193212
1315.14	194890
1314.23	195492
1313.32	198770
1312.41	199382
1311.49	200773
1310.58	199893
1309.67	199167
1308.76	197806
1307.85	195492
1306.93	192007
1306.02	191064
1305.11	189168
1304.19	188620
1303.28	187602
1302.37	186715
1301.45	187251
1300.54	186518
1299.62	186430
1298.71	185424
1297.8	186780
1296.88	186616
1295.97	185938
1295.05	184714
1294.14	185490
1293.22	185337
1292.31	185031
1291.39	185108
1290.47	184704
1289.56	185337
1288.64	184912
1287.73	184988
1286.81	185479
1285.89	184170
1284.98	185229
1284.06	184760
1283.14	184923
1282.23	184803
1281.31	184313
1280.39	185011
1279.47	184248
1278.56	184172
1277.64	184215
1276.72	184662
1275.8	183965
1274.88	183835
1273.96	185326
1273.05	184423
1272.13	184684
1271.21	186392
1270.29	185870
1269.37	185761
1268.45	185087
1267.53	184880
1266.61	185065
1265.69	185717
1264.77	185662
1263.85	185825
1262.93	185825
1262.01	185531
1261.09	186269
1260.17	186833
1259.25	186171
1258.32	187006
1257.4	186745
1256.48	188741
1255.56	187699
1254.64	188024
1253.71	188511
1252.79	189301
1251.87	189626
1250.95	190990
1250.02	191574
1249.1	191768
1248.18	191311
1247.25	190801
1246.33	190908
1245.41	190658
1244.48	190537
1243.56	189486
1242.64	190026
1241.71	190047
1240.79	189970
1239.86	190077
1238.94	190649
1238.01	191274
1237.09	190678
1236.16	191358
1235.24	192026
1234.31	192695
1233.39	194097
1232.46	194721
1231.53	194601
1230.61	195052
1229.68	196734
1228.75	197282
1227.83	198563
1226.9	199283
1225.97	199248
1225.05	199104
1224.12	198854
1223.19	199174
1222.26	199117
1221.34	195698
1220.41	195502
1219.48	195284
1218.55	193149
1217.62	191413
1216.69	190496
1215.76	190581
1214.84	190536
1213.91	189491
1212.98	189188
1212.05	188520
1211.12	189239
1210.19	188776
1209.26	189065
1208.33	187902
1207.4	186826
1206.47	187298
1205.54	186814
1204.6	186866
1203.67	186028
1202.74	185619
1201.81	187218
1200.88	186401
1199.95	186990
1199.02	187665
1198.08	186463
1197.15	186869
1196.22	187855
1195.29	187457
1194.35	187027
1193.42	187541
1192.49	188322
1191.56	188138
1190.62	188233
1189.69	188061
1188.75	188295
1187.82	187972
1186.89	187714
1185.95	187188
1185.02	187637
1184.08	188331
1183.15	188094
1182.21	187579
1181.28	187279
1180.34	186764
1179.41	186688
1178.47	186719
1177.54	186622
1176.6	187486
1175.67	187079
1174.73	186811
1173.79	186959
1172.86	187758
1171.92	187159
1170.98	187574
1170.05	187381
1169.11	187017
1168.17	187623
1167.23	187366
1166.3	185498
1165.36	186638
1164.42	186285
1163.48	186593
1162.54	186975
1161.61	187017
1160.67	187090
1159.73	185810
1158.79	186661
1157.85	187267
1156.91	187755
1155.97	187115
1155.03	186805
1154.09	188027
1153.15	187972
1152.21	188322
1151.27	189702
1150.33	189020
1149.39	189337
1148.45	189473
1147.51	190035
1146.57	190192
1145.62	190902
1144.68	189349
1143.74	189474
1142.8	189048
1141.86	189704
1140.92	187951
1139.97	188321
1139.03	188393
1138.09	188296
1137.14	188623
1136.2	188398
1135.26	188174
1134.31	187557
1133.37	187895
1132.43	187957
1131.48	188209
1130.54	187858
1129.6	188608
1128.65	188204
1127.71	187725
1126.76	188253
1125.82	188060
1124.87	188387
1123.93	189316
1122.98	187526
1122.04	188751
1121.09	187649
1120.14	188821
1119.2	189612
1118.25	189303
1117.31	188656
1116.36	189362
1115.41	187681
1114.46	188502
1113.52	188226
1112.57	189638
1111.62	189298
1110.68	188853
1109.73	188566
1108.78	188416
1107.83	190471
1106.88	189330
1105.93	189022
1104.99	189399
1104.04	189302
1103.09	189447
1102.14	190087
1101.19	190612
1100.24	190262
1099.29	190512
1098.34	191120
1097.39	190749
1096.44	190989
1095.49	190155
1094.54	190247
1093.59	190486
1092.64	190568
1091.69	189840
1090.74	191141
1089.78	190171
1088.83	189748
1087.88	189798
1086.93	190836
1085.98	189825
1085.03	190295
1084.07	190859
1083.12	190458
1082.17	189867
1081.21	190683
1080.26	190471
1079.31	191433
1078.36	191168
1077.4	190379
1076.45	190397
1075.49	191076
1074.54	190570
1073.59	191668
1072.63	190764
1071.68	190646
1070.72	190213
1069.77	190954
1068.81	190794
1067.86	190750
1066.9	190119
1065.95	190650
1064.99	190417
1064.03	191167
1063.08	191196
1062.12	189886
1061.16	191618
1060.21	190580
1059.25	190619
1058.29	191473
1057.34	191638
1056.38	191937
1055.42	191099
1054.46	191085
1053.51	191458
1052.55	191257
1051.59	191191
1050.63	190719
1049.67	191477
1048.71	190723
1047.76	192295
1046.8	191051
1045.84	190380
1044.88	191326
1043.92	191021
1042.96	191591
1042	191702
1041.04	191407
1040.08	191310
1039.12	191807
1038.16	192470
1037.2	192217
1036.24	191360
1035.27	192470
1034.31	192134
1033.35	191600
1032.39	192158
1031.43	193039
1030.47	193160
1029.5	191930
1028.54	192394
1027.58	192973
1026.62	193073
1025.65	192592
1024.69	192941
1023.73	192574
1022.76	193941
1021.8	193304
1020.84	192979
1019.87	194853
1018.91	194963
1017.94	195726
1016.98	195702
1016.02	197657
1015.05	198409
1014.09	197275
1013.12	197301
1012.16	196313
1011.19	196598
1010.22	194223
1009.26	195741
1008.29	194629
1007.33	194646
1006.36	194610
1005.39	194472
1004.43	194116
1003.46	194474
1002.49	193602
1001.53	195004
1000.56	195279
999.591	194541
998.623	194278
997.655	194698
996.687	194353
995.719	194545
994.75	194799
993.782	194816
992.813	194987
991.844	194776
990.875	194566
989.906	195696
988.936	195187
987.966	195461
986.997	195312
986.027	196153
985.056	196107
984.086	196093
983.115	196737
982.145	196382
981.174	195791
980.203	196569
979.232	196472
978.26	196683
977.289	197523
976.317	197816
975.345	197019
974.373	197529
973.4	197575
972.428	197478
971.455	198193
970.483	197890
969.51	198727
968.536	198589
967.563	198060
966.59	198835
965.616	198769
964.642	198887
963.668	198379
962.694	199164
961.719	200308
960.745	198764
959.77	199333
958.795	200323
957.82	200758
956.845	200271
955.869	199906
954.894	199409
953.918	199895
952.942	200259
951.966	199823
950.989	200012
950.013	200109
949.036	200411
948.059	201112
947.082	200379
946.105	200507
945.128	201841
944.15	201416
943.172	201052
942.194	201619
941.216	201368
940.238	201526
939.259	201602
938.281	201524
937.302	201253
936.323	201155
935.344	200118
934.364	201705
933.385	201311
932.405	201530
931.425	200861
930.445	200906
929.465	201023
928.485	202302
927.504	201725
926.523	201576
925.542	201305
924.561	201442
923.58	202292
922.598	201277
921.617	201923
920.635	201764
919.653	201799
918.671	201854
917.688	202082
916.706	202575
915.723	201948
914.74	201708
913.757	202322
912.774	201878
911.79	202289
910.807	201775
909.823	201555
908.839	202596
907.855	203341
906.87	202766
905.886	203349
904.901	202703
903.916	203123
902.931	202629
901.946	202643
900.961	203682
899.975	203036
898.989	202867
898.003	203571
897.017	203564
896.031	203507
895.044	203977
894.058	204173
893.071	203589
892.084	203734
891.097	203778
890.109	203680
889.122	204139
888.134	204740
887.146	204541
886.158	204058
885.17	204345
884.181	204915
883.193	204868
882.204	205629
881.215	204823
880.226	205645
879.236	205820
878.247	206339
877.257	206392
876.267	206647
875.277	206630
874.287	207612
873.296	208382
872.306	207850
871.315	208670
870.324	209146
869.333	209683
868.341	210402
867.35	210061
866.358	209952
865.366	210015
864.374	210601
863.382	210472
862.39	210686
861.397	211040
860.404	211143
859.411	210530
858.418	210331
857.425	210071
856.431	209842
855.438	209975
854.444	207864
853.45	209807
852.455	208653
851.461	209801
850.466	209230
849.472	208599
848.477	208541
847.481	209116
846.486	208806
845.491	209019
844.495	209634
843.499	209054
842.503	209257
841.507	208646
840.51	208367
839.514	209062
838.517	208552
837.52	208283
836.523	208446
835.526	210092
834.528	210465
833.53	209825
832.533	209707
831.534	209448
830.536	209320
829.538	209812
828.539	209443
827.54	209505
826.541	210488
825.542	210390
824.543	209471
823.543	210233
822.544	209494
821.544	210786
820.544	210718
819.544	209649
818.543	211350
817.543	210012
816.542	209574
815.541	211544
814.54	210097
813.538	210468
812.537	210559
811.535	211789
810.533	211391
809.531	210993
808.529	212022
807.526	211704
806.524	210877
805.521	212215
804.518	211946
803.515	212845
802.511	212038
801.508	211252
800.504	211851
799.5	211045
798.496	212491
797.492	212372
796.487	212831
795.483	212533
794.478	212226
793.473	211719
792.468	212128
791.462	213134
790.457	212319
789.451	212797
788.445	212341
787.439	212053
786.433	213416
785.426	213208
784.42	215294
783.413	213914
782.406	214451
781.399	215027
780.391	214601
779.384	215236
778.376	216080
777.368	216705
776.36	216338
775.351	217488
774.343	216516
773.334	218380
772.325	217032
771.316	218023
770.307	218617
769.297	218666
768.288	219170
767.278	219437
766.268	220704
765.258	220842
764.247	221029
763.237	221582
762.226	222669
761.215	223825
760.204	224209
759.193	225226
758.181	225630
757.17	225064
756.158	224509
755.146	224695
754.134	223162
753.121	223230
752.109	222261
751.096	220847
750.083	220442
749.07	220421
748.056	221426
747.043	218682
746.029	219106
745.015	219371
744.001	219360
742.987	218058
741.972	218915
740.958	218885
739.943	217051
738.928	218883
737.913	217947
736.897	217542
735.882	218378
734.866	217492
733.85	217993
732.834	218701
731.818	217549
730.801	217499
729.784	218098
728.767	217871
727.75	218991
726.733	218784
725.716	218970
724.698	217839
723.68	218850
722.662	219095
721.644	219172
720.626	220104
719.607	220397
718.588	220396
717.569	219639
716.55	219844
715.531	220274
714.511	219567
713.492	219948
712.472	220358
711.452	220847
710.432	221110
709.411	219884
708.39	219255
707.37	221272
706.349	220663
705.327	219546
704.306	221081
703.284	220297
702.263	220843
701.241	220852
700.219	220967
699.196	219812
698.174	220788
697.151	221021
696.128	221440
695.105	221243
694.082	220879
693.058	221151
692.035	221413
691.011	222418
689.987	221576
688.963	222404
687.938	222929
686.914	222039
685.889	222212
684.864	222923
683.839	222823
682.813	223426
681.788	225364
680.762	226122
679.736	227045
678.71	228055
677.684	229514
676.657	231771
675.631	233530
674.604	234665
673.577	233297
672.549	233176
671.522	231868
670.494	228886
669.466	229593
668.438	228354
667.41	228050
666.382	227920
665.353	228432
664.325	227777
663.296	228668
662.266	227518
661.237	228428
660.208	228357
659.178	227994
658.148	229040
657.118	228357
656.088	227635
655.057	228233
654.026	228763
652.996	229119
651.964	229678
650.933	229800
649.902	229564
648.87	230219
647.838	230196
646.806	231171
645.774	231767
644.742	231570
643.709	232205
642.676	233178
641.643	232419
640.61	232976
639.577	233475
638.543	234225
637.51	234859
636.476	233548
635.442	233959
634.407	234670
633.373	235419
632.338	235704
631.303	234337
630.268	234332
629.233	234076
628.197	233366
627.162	234018
626.126	233647
625.09	233932
624.054	233686
623.017	233835
621.981	232895
620.944	231897
619.907	231642
618.87	232283
617.832	231565
616.795	230828
615.757	231142
614.719	230772
613.681	230093
612.643	230782
611.604	230778
610.565	229657
609.526	230769
608.487	230842
607.448	229510
606.409	231218
605.369	231002
604.329	232334
603.289	233705
602.249	237007
601.208	241412
600.168	245404
599.127	248865
598.086	248290
597.044	245526
596.003	242245
594.961	238993
593.92	236021
592.878	233482
591.835	232815
590.793	232753
589.75	231808
588.708	231698
587.665	232067
586.621	230892
585.578	230409
584.535	231544
583.491	230630
582.447	231717
581.403	231004
580.358	230913
579.314	231645
578.269	231908
577.224	230679
576.179	231105
575.134	231071
574.088	231124
573.043	231415
571.997	230827
570.951	231607
569.904	232433
568.858	232151
567.811	231621
566.764	231195
565.717	231735
564.67	231959
563.623	232813
562.575	233085
561.527	233586
560.479	233638
559.431	234815
558.382	235754
557.334	238208
556.285	238469
555.236	241542
554.187	244976
553.137	247150
552.088	249953
551.038	255784
549.988	257593
548.938	261735
547.887	267303
546.837	269433
545.786	272371
544.735	273320
543.684	271509
542.633	266179
541.581	260395
540.529	253463
539.477	248615
538.425	244643
537.373	242783
536.32	240362
535.268	238693
534.215	237699
533.161	235689
532.108	235075
531.055	234490
530.001	234427
528.947	234042
527.893	232509
526.839	233376
525.784	233105
524.729	232218
523.674	231169
522.619	231449
521.564	231301
520.509	231741
519.453	231158
518.397	231351
517.341	230541
516.285	231057
515.228	230285
514.172	230563
513.115	229754
512.058	230298
511	229905
509.943	230807
508.885	229280
507.827	229180
506.769	228485
505.711	229491
504.653	228315
503.594	228886
502.535	228465
501.476	228187
500.417	228144
499.357	228366
498.298	227039
497.238	227053
496.178	227615
495.118	226657
494.057	227124
492.997	226535
491.936	227143
490.875	226506
489.813	227312
488.752	227053
487.69	226182
486.629	226111
485.567	226078
484.504	226252
483.442	227528
482.379	226939
481.316	225768
480.253	227014
479.19	226388
478.127	226779
477.063	225871
475.999	227370
474.935	227036
473.871	227144
472.807	227271
471.742	226712
470.677	227740
469.612	228157
468.547	229044
467.482	228400
466.416	228742
465.35	227780
464.284	229163
463.218	228107
462.152	228570
461.085	228387
460.018	228944
458.951	228020
457.884	228568
456.817	227682
455.749	228716
454.681	228373
453.613	228537
452.545	229224
451.477	228900
450.408	227931
449.339	229057
448.27	228126
447.201	228681
446.131	229667
445.062	228895
443.992	228627
442.922	229211
441.852	229803
440.781	228844
439.711	230100
438.64	228786
437.569	229696
436.498	229680
435.426	228769
434.355	229128
433.283	228646
432.211	229806
431.138	229483
430.066	229589
428.993	229518
427.921	230174
426.848	229292
425.774	229501
424.701	230203
423.627	228772
422.553	229967
421.479	230427
420.405	228968
419.331	229214
418.256	229254
417.181	228951
416.106	229336
415.031	229478
413.955	229528
412.88	229959
411.804	229609
410.728	229231
409.651	229504
408.575	230232
407.498	229046
406.421	229272
405.344	229331
404.267	230077
403.189	230609
402.112	230213
401.034	230263
399.956	229820
398.877	229100
397.799	229252
396.72	229079
395.641	229517
394.562	228529
393.483	228810
392.403	228906
391.324	228298
390.244	228097
389.164	229313
388.083	228770
387.003	227904
385.922	228443
384.841	228382
383.76	227479
382.678	228582
381.597	228160
380.515	228394
379.433	227557
378.351	226811
377.269	227341
376.186	227252
375.103	226415
374.02	226816
372.937	227105
371.854	226721
370.77	227001
369.686	227401
368.602	226454
367.518	226826
366.434	225769
365.349	226999
364.264	225960
363.179	226065
362.094	226649
361.008	226348
359.923	226628
358.837	226318
357.751	226487
356.664	225229
355.578	226364
354.491	225199
353.404	225460
352.317	225528
351.23	225798
350.142	226987
349.055	225556
347.967	226001
346.879	225462
345.79	225143
344.702	225027
343.613	225288
342.524	225420
341.435	225350
340.346	225995
339.256	224502
338.166	225579
337.076	224849
335.986	225577
334.896	224470
333.805	225124
332.714	224468
331.623	224874
330.532	224163
329.441	225394
328.349	224527
327.257	224704
326.165	223755
325.073	224408
323.981	225904
322.888	224863
321.795	225040
320.702	224869
319.609	224351
318.515	225342
317.421	223791
316.328	224205
315.233	224720
314.139	225619
313.045	226006
311.95	227004
310.855	226916
309.76	226252
308.664	225615
307.569	224514
306.473	223011
305.377	222658
304.281	221759
303.184	221935
302.088	220626
300.991	221076
299.894	220460
298.797	220582
297.699	220713
296.602	220918
295.504	220202
294.406	220561
293.307	220209
292.209	221241
291.11	220526
290.011	221694
288.912	220078
287.813	221819
286.713	221923
285.614	223772
284.514	224257
283.414	226132
282.313	226334
281.213	229026
280.112	231145
279.011	232582
277.91	234590
276.808	235489
275.707	236243
274.605	234710
273.503	233059
272.401	231346
271.298	230948
270.195	232165
269.093	234097
267.989	237352
266.886	240579
265.783	242201
264.679	241131
263.575	240406
262.471	238349
261.367	236058
260.262	233976
259.157	233561
258.052	234593
256.947	237724
255.842	243831
254.736	249926
253.63	255349
252.524	259179
251.418	257223
250.312	252501
249.205	244528
248.098	236929
246.991	232557
245.884	227148
244.776	225489
243.668	224317
242.56	222822
241.452	221462
240.344	222655
239.235	222108
238.127	221714
237.018	222212
235.908	222468
234.799	220325
233.689	220400
232.58	219214
231.47	218559
230.359	217320
229.249	215378
228.138	214491
227.027	215188
225.916	214004
224.805	213414
223.693	214219
222.582	213036
221.47	212860
220.357	213314
219.245	213058
218.133	212784
217.02	211754
215.907	211391
214.794	212617
213.68	211624
212.566	211763
211.453	211615
210.338	210973
209.224	211229
208.11	211449
206.995	211391
205.88	211440
204.765	211400
203.65	211198
202.534	209741
201.418	211144
200.302	211274
199.186	210696
198.07	211157
196.953	211207
195.836	212133
194.719	210141
193.602	210459
192.484	211403
191.367	210575
190.249	210633
189.131	211156
188.012	210749
186.894	211326
185.775	212591
184.656	212496
183.537	213724
182.417	212308
181.298	214080
180.178	214995
179.058	214534
177.938	213627
176.817	214434
175.696	213367
174.575	214236
173.454	213348
172.333	213084
171.211	213364
170.09	212164
168.968	211277
167.845	210702
166.723	210412
165.6	208875
164.478	208782
163.354	208635
162.231	207037
161.108	206516
159.984	206690
158.86	206553
157.736	206496
156.612	206367
155.487	207172
154.362	205337
153.237	207155
152.112	207337
150.987	207502
149.861	207986
148.735	209243
147.609	209283
146.483	211125
145.356	212931
144.229	214612
143.102	216354
141.975	218345
140.848	220343
139.72	222340
138.592	223025
137.464	224578
136.336	224614
135.208	224252
134.079	223332
132.95	222199
131.821	220120
130.692	217997
129.562	215148
128.432	212354
127.302	209570
126.172	208070
125.042	206950
123.911	204770
122.78	203732
121.649	204170
120.518	203300
119.386	202395
118.255	202895
117.123	202794
115.991	201183
114.858	201117
113.726	200187
112.593	199098
111.46	197665
110.327	196312
109.193	194228
108.06	191333
106.926	186851
105.791	183270
104.657	177408
103.523	168806
102.388	157512
101.253	142318
100.118	123264
98.9822	103820
97.8466	82701.8
96.7107	63863.2
95.5746	48174.3
94.4383	36055.5
93.3018	27408.2
92.165	21341.7
91.0281	17265.3
89.8909	14536
88.7535	12590.1
87.6159	11207.6
86.478	10344.2
85.34	9375.64
84.2017	8908.22
83.0632	8405.84
81.9245	8114.42
80.7856	7814.33
79.6464	7856.72
78.5071	7539.24
77.3675	7406.16
76.2277	7395.96
75.0876	7192.78
73.9474	6901.99
72.8069	7023.41
71.6662	6978.22
70.5253	6819.11
69.3842	6861.61
68.2428	6816.48
67.1012	6596.17
65.9594	6743.78
64.8174	6803.78
63.6752	6776.2
62.5327	6652.35
61.3901	6624.81
60.2472	6439.79
59.1041	6648.5
57.9607	6463.54
56.8172	6497.27
55.6734	6478.53
54.5294	6468.54
53.3852	6423.59
52.2407	6448.56
51.0961	6429.84
