2501.49	19935.2
2500.78	19654.2
2500.07	18400.9
2499.36	18566.5
2498.64	18647.7
2497.93	18279.7
2497.22	18782.1
2496.51	18372.1
2495.79	18790.1
2495.08	18688.9
2494.37	18713.9
2493.66	19061.6
2492.94	18890.2
2492.23	18803.1
2491.52	18968.3
2490.8	18755
2490.09	19088.3
2489.38	19155.3
2488.66	18998.1
2487.95	19135.1
2487.23	19034
2486.52	18904.9
2485.81	19251.9
2485.09	19234.8
2484.38	19007.8
2483.66	19004.7
2482.95	18959.7
2482.23	19208.5
2481.52	19247.3
2480.8	19048.4
2480.09	19185.2
2479.37	19377.9
2478.66	19318.8
2477.94	19343.7
2477.23	19312.6
2476.51	19183.8
2475.79	19390.2
2475.08	19652.5
2474.36	19775
2473.65	19422.7
2472.93	19531.3
2472.21	19556.1
2471.5	19664.6
2470.78	19633.5
2470.06	19853.6
2469.35	19613.2
2468.63	19526.4
2467.91	19606.9
2467.2	19603.8
2466.48	19614.5
2465.76	19750.8
2465.04	19580.3
2464.33	20037
2463.61	19796.9
2462.89	19919.1
2462.17	19818.4
2461.45	19912.7
2460.74	19826
2460.02	19989.8
2459.3	20111.9
2458.58	19913.8
2457.86	20077.5
2457.14	19879.5
2456.42	19973.7
2455.7	20193
2454.99	20217.6
2454.27	20228.2
2453.55	20197.1
2452.83	20346.8
2452.11	20343.5
2451.39	20187.4
2450.67	20211.9
2449.95	20430.9
2449.23	20483.1
2448.51	20493.7
2447.79	20282.2
2447.07	20306.6
2446.35	20608.7
2445.63	20522.1
2444.9	20560.4
2444.18	20362.9
2443.46	20484.4
2442.74	20897.1
2442.02	20893.8
2441.3	20765.6
2440.58	20720.7
2439.86	20578.8
2439.13	20935.7
2438.41	21043.1
2437.69	20915.1
2436.97	20967.1
2436.25	20880.6
2435.52	20863.4
2434.8	21123.1
2434.08	21105.8
2433.36	21240.8
2432.63	21251.2
2431.91	21261.6
2431.19	21520.9
2430.46	21199.4
2429.74	21265.1
2429.02	21206.4
2428.29	21202.9
2427.57	21489.7
2426.85	21403.4
2426.12	21427.5
2425.4	21437.9
2424.68	21489.7
2423.95	21693.3
2423.23	21413.7
2422.5	21410.2
2421.78	21903.6
2421.05	21637.9
2420.33	21579.2
2419.6	21893
2418.88	21710.2
2418.15	21610.1
2417.43	21675.6
2416.7	21920.2
2415.98	21985.6
2415.25	21871.8
2414.53	21840.7
2413.8	21795.8
2413.07	21682.1
2412.35	22119.3
2411.62	21950.5
2410.9	22291.2
2410.17	22039.8
2409.44	22022.4
2408.72	21674.8
2407.99	22318
2407.26	22039.3
2406.54	22214.5
2405.81	22142.1
2405.08	22042.3
2404.35	22107.5
2403.63	22076.4
2402.9	22237.8
2402.17	22330.4
2401.44	22821.4
2400.71	22694
2399.99	22292
2399.26	22659.2
2398.53	22737.9
2397.8	22569.5
2397.07	22483.5
2396.34	22452.4
2395.62	22654.6
2394.89	22527.5
2394.16	22715.8
2393.43	22465.3
2392.7	22708.5
2391.97	23116.1
2391.24	22522.9
2390.51	23053.8
2389.78	22625.3
2389.05	22690.1
2388.32	23056.3
2387.59	22737.5
2386.86	23144.7
2386.13	22826
2385.4	22740.2
2384.67	23201.9
2383.94	22828.6
2383.21	23317.5
2382.48	23245.3
2381.75	22844.9
2381.02	23237.8
2380.28	23452.8
2379.55	23476.4
2378.82	23267.5
2378.09	23400.4
2377.36	23519.6
2376.63	23351.8
2375.89	23006.5
2375.16	23945.3
2374.43	23244.9
2373.7	23582.5
2372.97	23701.5
2372.23	23561.2
2371.5	23598.3
2370.77	23635.4
2370.03	23372.3
2369.3	23573.2
2368.57	23964.9
2367.84	23661
2367.1	23629.9
2366.37	24103.2
2365.63	23744.9
2364.9	23727.4
2364.17	23532.8
2363.43	23815.1
2362.7	23961
2361.96	24188.7
2361.23	23912.4
2360.5	24017.4
2359.76	24081.6
2359.03	23859.9
2358.29	23883.3
2357.56	24083.5
2356.82	24419.7
2356.09	23953.2
2355.35	24357.3
2354.62	24407.8
2353.88	24091.1
2353.14	24236.7
2352.41	24327.9
2351.67	24228.8
2350.94	24455.9
2350.2	24343.2
2349.46	24556.6
2348.73	24444
2347.99	24602.9
2347.25	24531
2346.52	24445.6
2345.78	24835.2
2345.04	24614.1
2344.31	24705
2343.57	24687.4
2342.83	24927.5
2342.1	24679.4
2341.36	24933
2340.62	24698.5
2339.88	24762.2
2339.14	25002.1
2338.41	24645.8
2337.67	24980.5
2336.93	24624.2
2336.19	25053.6
2335.45	24927.6
2334.71	24707
2333.98	25298.5
2333.24	25213.2
2332.5	25209.1
2331.76	25164.4
2331.02	25228
2330.28	25210.3
2329.54	25368.5
2328.8	25107.5
2328.06	25373.7
2327.32	25207.4
2326.58	25311.4
2325.84	25483
2325.1	25803
2324.36	25623.2
2323.62	25349
2322.88	25223.3
2322.14	25570.2
2321.4	25633.5
2320.66	25723.8
2319.92	25517.2
2319.17	25998.8
2318.43	25576.4
2317.69	26138.7
2316.95	25878.2
2316.21	25752.6
2315.47	25802.4
2314.72	26000.3
2313.98	26077
2313.24	26126.6
2312.5	25947.2
2311.76	25956.4
2311.01	26262
2310.27	26419.3
2309.53	26603.5
2308.79	26128
2308.04	26419.8
2307.3	26469.3
2306.56	26491.9
2305.81	26474.2
2305.07	26671.6
2304.33	26452.1
2303.58	26730.1
2302.84	26591.3
2302.09	26681.1
2301.35	26313.9
2300.61	26900.8
2299.86	26345.6
2299.12	26892
2298.37	26780.2
2297.63	26601.2
2296.88	27107.1
2296.14	26928.2
2295.39	26735.9
2294.65	26637.6
2293.9	26754
2293.16	26521.5
2292.41	26865.9
2291.67	26740.9
2290.92	27380.1
2290.17	27120.9
2289.43	27143.3
2288.68	26602.8
2287.94	27335.4
2287.19	27156.8
2286.44	27232.7
2285.7	27496.1
2284.95	27438.1
2284.2	27192.6
2283.45	27027.5
2282.71	27638.8
2281.96	27380
2281.21	27509.3
2280.47	27371.1
2279.72	27366.6
2278.97	27495.8
2278.22	27852.4
2277.47	27687.4
2276.73	27749.7
2275.98	27678.3
2275.23	27433.3
2274.48	28096.8
2273.73	27798.3
2272.98	27940.7
2272.23	27762.5
2271.49	27677.9
2270.74	28007.1
2269.99	27789
2269.24	28398.3
2268.49	27846.6
2267.74	28148.9
2266.99	28184.3
2266.24	28326.4
2265.49	28055.1
2264.74	28437.1
2263.99	27979.2
2263.24	28401.1
2262.49	27903.4
2261.74	28671.6
2260.99	28706.9
2260.24	28116.2
2259.49	28591
2258.73	28759.4
2257.98	28288.7
2257.23	28789.9
2256.48	28505.7
2255.73	28674
2254.98	28775.7
2254.23	28744.4
2253.47	28074.8
2252.72	28535.6
2251.97	29049.4
2251.22	28778.8
2250.46	28973.4
2249.71	28729.5
2248.96	28684.9
2248.21	28906
2247.45	28927.9
2246.7	28644.3
2245.95	28825.4
2245.19	29086.2
2244.44	29373.5
2243.69	29501.4
2242.93	29324
2242.18	28987.6
2241.43	29287.9
2240.67	28938.3
2239.92	29185.5
2239.16	29485.6
2238.41	28937.3
2237.65	29383.2
2236.9	29484.4
2236.15	29612
2235.39	29766.1
2234.64	29310.9
2233.88	29623.9
2233.13	29526.4
2232.37	29799.6
2231.61	29768.2
2230.86	29723.6
2230.1	29507
2229.35	30110.7
2228.59	29603.2
2227.83	29915.7
2227.08	29633.1
2226.32	29905.9
2225.57	29874.5
2224.81	29777.1
2224.05	29851.5
2223.3	29793.8
2222.54	30132.3
2221.78	30180.2
2221.02	30426.2
2220.27	30315.6
2219.51	30099.4
2218.75	30530
2217.99	30115.9
2217.24	30480.4
2216.48	30092.8
2215.72	30298.9
2214.96	30478.6
2214.2	30499.9
2213.45	30534.5
2212.69	30621.7
2211.93	30590.3
2211.17	30730.3
2210.41	30712
2209.65	30878.2
2208.89	30636.1
2208.13	30947.1
2207.37	31034.2
2206.61	30305
2205.85	31458.3
2205.09	30782
2204.33	31237.5
2203.57	30692.9
2202.81	30714.2
2202.05	30972.2
2201.29	30914.5
2200.53	31211.8
2199.77	31140.9
2199.01	31398.7
2198.25	31222.7
2197.49	31414.6
2196.73	31225.5
2195.97	31128.5
2195.2	31477.9
2194.44	31433.3
2193.68	31572.6
2192.92	31318
2192.16	31404.7
2191.39	31570.1
2190.63	31984.7
2189.87	31677.8
2189.11	31410.3
2188.34	31326.4
2187.58	31675.2
2186.82	31355.4
2186.06	31651.7
2185.29	31712
2184.53	32047.5
2183.77	32068.4
2183	32259.6
2182.24	32319.7
2181.48	31908.5
2180.71	32086.5
2179.95	32107.4
2179.18	31748.8
2178.42	32136.1
2177.66	31869.2
2176.89	32177.8
2176.13	32447.2
2175.36	32441.8
2174.6	32410.3
2173.83	32182.8
2173.07	32190.5
2172.3	32864.7
2171.54	32362.8
2170.77	32435.9
2170	32757.1
2169.24	32647.2
2168.47	32824.6
2167.71	32988.9
2166.94	32500.5
2166.17	32625.7
2165.41	32789.9
2164.64	32875.8
2163.87	33000.8
2163.11	32578.1
2162.34	32872.6
2161.57	33036.7
2160.81	32640.2
2160.04	33208.2
2159.27	33215.8
2158.5	32506.7
2157.74	33035.5
2156.97	33069.1
2156.2	32790.2
2155.43	32459.3
2154.67	33104.8
2153.9	33177.4
2153.13	33250
2152.36	33673.9
2151.59	33174
2150.82	32882.4
2150.05	34138.4
2149.28	33859.7
2148.52	33711.1
2147.75	33679.6
2146.98	33882
2146.21	33681.4
2145.44	33156.2
2144.67	33813.2
2143.9	33664.8
2143.13	33360.5
2142.36	33290.1
2141.59	33726
2140.82	33564.6
2140.05	34130.1
2139.28	34215.3
2138.5	33742.6
2137.73	34281.8
2136.96	34107.5
2136.19	34153.8
2135.42	34174
2134.65	33792.5
2133.88	34538.6
2133.1	34455.1
2132.33	34553.1
2131.56	34689.9
2130.79	34295.6
2130.02	34082.7
2129.24	34685.6
2128.47	35068.2
2127.7	34881.2
2126.93	34836.6
2126.15	35193.1
2125.38	34967.4
2124.61	34457.2
2123.83	34839.4
2123.06	34665.6
2122.29	34866.7
2121.51	35080.7
2120.74	34945.6
2119.97	35250
2119.19	35076.2
2118.42	35367.5
2117.64	35090.4
2116.87	35278.3
2116.09	35324.1
2115.32	35331.1
2114.54	35583.4
2113.77	35693.7
2113	35494.2
2112.22	35385.2
2111.44	35830.7
2110.67	35657.1
2109.89	35483.6
2109.12	36045
2108.34	35575
2107.57	36187.7
2106.79	35898.2
2106.01	35866.5
2105.24	35757.5
2104.46	35906.1
2103.68	36299.4
2102.91	36126
2102.13	36055.6
2101.35	36358.5
2100.58	36082.3
2099.8	36269.3
2099.02	35851.6
2098.24	36720.3
2097.47	36675.6
2096.69	36283.8
2095.91	36342.1
2095.13	36413.2
2094.36	36445.7
2093.58	36401.1
2092.8	36664.8
2092.02	36633.1
2091.24	36588.5
2090.46	36402.6
2089.68	36717.5
2088.9	36570.3
2088.13	36782.4
2087.35	36853.3
2086.57	36949.8
2085.79	36815.4
2085.01	36616.9
2084.23	37200.7
2083.45	36515
2082.67	37201.1
2081.89	36951.5
2081.11	37368.2
2080.33	37695.1
2079.55	37125.2
2078.77	37324
2077.98	37356.2
2077.2	37183.5
2076.42	36818.9
2075.64	37209.6
2074.86	37280.2
2074.08	37529.9
2073.3	37600.5
2072.51	37798.9
2071.73	37651.9
2070.95	38042.1
2070.17	37613.8
2069.39	37965.5
2068.6	37729.1
2067.82	38157.4
2067.04	38253.2
2066.26	37774.2
2065.47	37819
2064.69	37889.4
2063.91	38074.6
2063.12	38004.4
2062.34	38291.7
2061.56	38017.3
2060.77	38330
2059.99	38489.5
2059.2	37972.8
2058.42	38157.8
2057.64	37896.5
2056.85	38055.9
2056.07	38495.7
2055.28	38323.6
2054.5	38877.9
2053.71	38400.1
2052.93	38724.9
2052.14	38820.3
2051.36	38444.6
2050.57	38692.8
2049.79	38902.8
2049	38259.9
2048.22	37897.2
2047.43	37929.1
2046.64	38393.5
2045.86	38247.2
2045.07	38622.3
2044.28	38501.5
2043.5	39105.3
2042.71	39314.8
2041.92	38888.9
2041.14	38882.4
2040.35	38672.7
2039.56	39314.1
2038.78	39002.7
2037.99	39021.6
2037.2	39256.3
2036.41	38869
2035.62	38722.9
2034.84	39059.1
2034.05	39407.8
2033.26	39578.8
2032.47	39458.1
2031.68	39274
2030.89	39546.4
2030.11	39603.2
2029.32	39305.1
2028.53	39602.6
2027.74	39773.4
2026.95	40045.5
2026.16	39696.8
2025.37	39310.3
2024.58	39620.3
2023.79	39980.8
2023	39759
2022.21	40056.1
2021.42	40011.5
2020.63	39916.2
2019.84	40149.9
2019.05	40130.6
2018.26	40389.4
2017.47	40736.7
2016.68	40173.7
2015.88	39888.9
2015.09	39705.3
2014.3	40317.8
2013.51	40551.1
2012.72	40241.2
2011.93	39893.5
2011.13	40934.9
2010.34	40839.7
2009.55	40378.5
2008.76	40447.4
2007.96	40718.3
2007.17	40761.9
2006.38	40654.2
2005.59	40496.1
2004.79	41006.3
2004	41087.7
2003.21	41093.5
2002.41	41288.3
2001.62	40941.1
2000.83	40984.7
2000.03	41393.5
1999.24	41336.3
1998.44	40913.8
1997.65	41284.7
1996.86	41114.1
1996.06	41321.2
1995.27	41226.2
1994.47	41521.3
1993.68	41199.9
1992.88	41935.1
1992.09	41324.4
1991.29	41393
1990.5	41650
1989.7	41768.8
1988.9	42302.2
1988.11	41679.4
1987.31	42250.4
1986.52	41929.3
1985.72	41821.8
1984.92	41990.6
1984.13	42159.3
1983.33	42152.3
1982.53	41982.1
1981.74	42138.2
1980.94	41955.5
1980.14	42588.2
1979.35	42217.4
1978.55	42523.8
1977.75	42265.9
1976.95	42359.2
1976.16	42540.1
1975.36	42733.5
1974.56	42488.2
1973.76	42731.7
1972.96	42599.3
1972.16	42191.4
1971.37	42660.1
1970.57	42765.7
1969.77	42458.1
1968.97	42976.6
1968.17	42656.6
1967.37	42812.1
1966.57	43130.2
1965.77	42647.7
1964.97	42853.1
1964.17	43021
1963.37	42763.8
1962.57	42931.6
1961.77	43411.7
1960.97	42842.2
1960.17	43209.8
1959.37	43065.2
1958.57	43594.9
1957.77	43088.2
1956.97	43705.1
1956.17	43298.4
1955.36	43353.6
1954.56	43720.6
1953.76	43364
1952.96	43631.1
1952.16	43623.8
1951.36	44003
1950.55	43858.5
1949.75	43701.6
1948.95	43582.1
1948.15	43711.8
1947.34	43654.7
1946.54	44220.3
1945.74	43901.6
1944.94	43558
1944.13	43725
1943.33	44252.9
1942.53	43971.7
1941.72	44661.2
1940.92	44006.7
1940.11	44360
1939.31	44302.9
1938.51	43922.4
1937.7	44275.5
1936.9	44193.5
1936.09	44484.4
1935.29	44812.5
1934.48	44171.3
1933.68	44573.8
1932.87	44417.3
1932.07	44186.3
1931.26	44601
1930.46	44817
1929.65	44735
1928.85	44454.5
1928.04	44657.9
1927.23	44538.8
1926.43	44618.1
1925.62	45230.7
1924.81	44503.9
1924.01	45066.8
1923.2	44848.4
1922.39	44878.1
1921.59	44808.6
1920.78	45123.2
1919.97	45227.1
1919.17	44947
1918.36	45224.3
1917.55	44709
1916.74	45134.8
1915.93	45312.9
1915.13	45181.5
1914.32	44827.4
1913.51	45747.7
1912.7	45307.1
1911.89	45806.5
1911.08	45415.5
1910.28	45185.4
1909.47	45598
1908.66	45701.6
1907.85	46039.9
1907.04	45995.1
1906.23	45962.6
1905.42	45485.6
1904.61	45836
1903.8	46025.8
1902.99	46005.7
1902.18	45899.3
1901.37	45953.2
1900.56	46229.3
1899.75	46246.2
1898.94	46127.4
1898.13	46082.6
1897.31	46432.4
1896.5	46289
1895.69	46281.2
1894.88	46359.7
1894.07	46290.2
1893.26	46430.3
1892.45	46557.9
1891.63	46082.1
1890.82	46837.8
1890.01	46608.3
1889.2	46415.8
1888.38	46346.4
1887.57	47310.7
1886.76	46736.8
1885.95	46765.8
1885.13	46942.4
1884.32	46700.9
1883.51	46533.2
1882.69	47139.9
1881.88	46923.1
1881.06	46866
1880.25	47202.1
1879.44	47034.4
1878.62	47063.4
1877.81	47190.5
1876.99	47072
1876.18	47186.9
1875.36	47448.9
1874.55	47710.9
1873.73	47248.9
1872.92	47412.6
1872.1	47735.8
1871.29	47605.1
1870.47	47670.6
1869.66	47772.9
1868.84	47630
1868.02	47854.8
1867.21	47650.7
1866.39	47973.4
1865.58	47879.6
1864.76	47969.5
1863.94	48096.1
1863.13	47781.9
1862.31	48606.2
1861.49	48096.2
1860.67	48039.1
1859.86	48239
1859.04	48096.3
1858.22	48283.9
1857.4	48361.3
1856.59	48573.2
1855.77	48235
1854.95	48239
1854.13	48878.5
1853.31	48369.3
1852.49	48287.9
1851.68	48890.4
1850.86	48796.6
1850.04	48715.1
1849.22	48572.6
1848.4	48894
1847.58	48910.1
1846.76	48304
1845.94	48710.6
1845.12	48885.3
1844.3	48889.2
1843.48	48759
1842.66	48787.4
1841.84	49047.3
1841.02	48831.8
1840.2	48981.9
1839.38	49473.1
1838.56	49209
1837.74	48981.4
1836.91	49070.6
1836.09	49257
1835.27	48518.4
1834.45	49544.6
1833.63	49329.4
1832.81	49308.9
1831.98	49288.4
1831.16	49486.8
1830.34	49004.2
1829.52	49482.2
1828.69	49169.9
1827.87	49343.9
1827.05	49396.3
1826.22	49254.3
1825.4	49476.8
1824.58	49480.5
1823.75	49581.4
1822.93	49500.2
1822.11	49528.2
1821.28	49471.3
1820.46	49875.5
1819.64	49442.4
1818.81	49773.7
1817.99	49619.7
1817.16	49696.2
1816.34	49578.6
1815.51	49897.6
1814.69	49877
1813.86	50232.1
1813.04	49860.1
1812.21	50069.7
1811.39	49843.2
1810.56	50343.4
1809.73	50056.3
1808.91	50193.1
1808.08	50463
1807.26	50478.7
1806.43	49986.1
1805.6	50147
1804.78	50174.8
1803.95	50311.4
1803.12	50327
1802.29	50427.3
1801.47	51023.2
1800.64	50519
1799.81	50679.6
1798.98	50634.7
1798.16	51218.1
1797.33	50931.6
1796.5	50536.5
1795.67	50950.5
1794.84	50857.4
1794.02	51162.5
1793.19	50755.6
1792.36	51386.5
1791.53	50714.3
1790.7	51598.2
1789.87	51758.3
1789.04	51231
1788.21	51101.8
1787.38	51322.1
1786.55	51048.3
1785.72	51328.8
1784.89	51693.5
1784.06	51383.6
1783.23	51350.8
1782.4	51257.8
1781.57	51489.8
1780.74	52432
1779.91	51676.9
1779.08	51764.4
1778.25	51912
1777.42	52360.3
1776.58	52026.7
1775.75	51885.5
1774.92	51660.3
1774.09	52036.2
1773.26	52291.7
1772.42	51814.2
1771.59	52586.3
1770.76	52613.4
1769.93	52340.3
1769.09	52235.3
1768.26	52730.7
1767.43	52565.6
1766.6	52556.7
1765.76	52199.8
1764.93	52646.8
1764.09	52517.9
1763.26	52556.9
1762.43	53003.7
1761.59	53078.6
1760.76	52889.7
1759.92	53108.5
1759.09	53039.5
1758.26	52407.4
1757.42	52961.6
1756.59	53132.2
1755.75	53003.4
1754.92	53114.1
1754.08	52805.8
1753.24	53610.7
1752.41	52883.5
1751.57	53460.8
1750.74	53990.1
1749.9	53562.2
1749.07	53600.9
1748.23	53508.1
1747.39	53283.8
1746.56	53489.9
1745.72	53863.2
1744.88	53316.3
1744.05	53343.1
1743.21	53799.8
1742.37	53850.4
1741.53	53936.7
1740.7	53987.2
1739.86	53488.6
1739.02	54577.5
1738.18	53828.4
1737.34	53998.2
1736.51	53929.3
1735.67	53717.4
1734.83	53946.7
1733.99	53925.6
1733.15	53797.2
1732.31	53978.7
1731.47	54338.9
1730.63	53960.3
1729.79	54391.8
1728.95	54525.5
1728.11	54016
1727.27	54316.4
1726.43	54057.1
1725.59	54393.1
1724.75	54633.7
1723.91	53898.6
1723.07	54484.2
1722.23	54379.7
1721.39	54501.3
1720.55	54159
1719.71	54494.5
1718.87	54770.5
1718.03	54939.4
1717.18	54644.9
1716.34	54813.7
1715.5	54495.5
1714.66	54331.8
1713.82	54904.4
1712.97	54978.1
1712.13	55123
1711.29	54888.1
1710.45	55033
1709.6	54857.5
1708.76	55405.6
1707.92	55372.4
1707.07	55066.5
1706.23	55555.1
1705.39	55320.4
1704.54	55856.1
1703.7	55929.5
1702.85	55671.1
1702.01	55957.7
1701.17	55604.7
1700.32	55820.2
1699.48	55526.5
1698.63	55966.8
1697.79	55992.8
1696.94	55793.8
1696.1	55334.7
1695.25	55526.3
1694.41	55516.8
1693.56	55708.4
1692.71	56089
1691.87	55736.6
1691.02	55679.8
1690.18	55847.5
1689.33	55412.6
1688.48	56005.6
1687.64	55523.6
1686.79	55809.3
1685.94	55941.4
1685.1	55766.6
1684.25	56300
1683.4	56113.3
1682.55	56304.3
1681.71	56212.1
1680.86	56143.5
1680.01	55957
1679.16	55912
1678.31	56397.6
1677.47	56034.3
1676.62	56060.1
1675.77	56604.3
1674.92	56288.3
1674.07	56738
1673.22	56798.9
1672.37	56341.8
1671.52	56673.5
1670.67	56487.2
1669.82	56795.3
1668.97	57056.2
1668.12	56222.9
1667.27	57224.9
1666.42	57191.5
1665.57	56829
1664.72	57759.7
1663.87	57526.5
1663.02	57457.9
1662.17	57424.5
1661.32	57038.7
1660.47	57075.9
1659.62	57665.1
1658.76	57209
1657.91	57293.1
1657.06	57400.7
1656.21	57308.7
1655.36	57463.1
1654.5	57617.5
1653.65	57771.9
1652.8	58008.2
1651.95	57400.2
1651.09	57578
1650.24	57615
1649.39	58449
1648.53	57970.2
1647.68	57843.1
1646.83	57669.1
1645.97	57460.1
1645.12	58270
1644.26	58341.9
1643.41	58694.8
1642.56	58684.7
1641.7	58557.6
1640.85	58699.7
1639.99	59531.9
1639.14	58738
1638.28	59558.2
1637.43	59571.3
1636.57	60087.2
1635.72	60602.8
1634.86	60545.6
1634	61061
1633.15	60641.7
1632.29	61098.4
1631.43	61321.5
1630.58	61684.6
1629.72	60950.2
1628.87	61429.9
1628.01	61862.8
1627.15	61443.8
1626.29	61456.6
1625.44	61632.6
1624.58	61342.2
1623.72	61937.9
1622.86	61577.5
1622.01	61252.2
1621.15	61987.6
1620.29	61312.7
1619.43	61139.1
1618.57	60546.2
1617.71	61316
1616.86	61515.1
1616	61131.9
1615.14	60946.8
1614.28	64462.6
1613.42	65708.2
1612.56	63940.2
1611.7	61032.8
1610.84	61243.3
1609.98	61232.7
1609.12	61640.7
1608.26	61537.1
1607.4	61759
1606.54	61515.9
1605.68	61238.1
1604.82	61250.8
1603.96	61937.1
1603.09	61264.6
1602.23	61648.7
1601.37	62056
1600.51	61929.2
1599.65	62452.4
1598.79	62789.7
1597.92	62790.4
1597.06	63000
1596.2	63615.3
1595.34	63801.4
1594.47	64196.2
1593.61	65575.9
1592.75	66364.1
1591.89	67592.4
1591.02	69248.8
1590.16	70916.3
1589.29	73440.1
1588.43	75685.1
1587.57	78427.1
1586.7	80902
1585.84	81952.7
1584.97	83037.7
1584.11	84515.6
1583.25	84686.1
1582.38	84706.2
1581.52	85223.4
1580.65	84156.7
1579.79	84777.9
1578.92	85976.7
1578.06	87567.8
1577.19	90036.4
1576.32	92608.1
1575.46	94867
1574.59	95728.2
1573.73	97039.2
1572.86	96514.6
1571.99	93832.2
1571.13	91323.8
1570.26	88781.6
1569.39	85767.4
1568.52	82892.6
1567.66	79984.3
1566.79	77814.7
1565.92	76130
1565.05	73973.3
1564.19	72278.3
1563.32	70848.8
1562.45	69892.1
1561.58	69004.8
1560.71	67565.1
1559.84	67703.1
1558.98	66459.8
1558.11	66390.8
1557.24	66402.3
1556.37	65953.7
1555.5	65700.7
1554.63	65516.9
1553.76	65103.1
1552.89	64597.5
1552.02	65207
1551.15	64885.5
1550.28	65241.9
1549.41	64817.1
1548.54	65058.6
1547.67	64921
1546.8	65047.5
1545.93	64611.5
1545.06	64451.1
1544.18	65461.4
1543.31	65381.2
1542.44	65564.9
1541.57	65633.8
1540.7	65221.1
1539.82	65037.8
1538.95	65060.9
1538.08	64602.6
1537.21	65038.4
1536.33	65233.4
1535.46	65416.9
1534.59	65084.8
1533.72	65119.4
1532.84	65062.3
1531.97	65211.3
1531.1	65165.7
1530.22	64959.8
1529.35	65131.6
1528.47	65200.4
1527.6	64857.4
1526.72	64960.6
1525.85	65052.2
1524.98	64972.3
1524.1	64961.1
1523.23	64595.5
1522.35	65247.1
1521.48	64767.4
1520.6	64756.1
1519.72	64619.3
1518.85	65270.4
1517.97	64950.8
1517.1	65122.2
1516.22	65339.1
1515.34	64951.3
1514.47	64540.7
1513.59	64791.8
1512.71	64780.6
1511.84	65601.8
1510.96	65066
1510.08	65111.7
1509.21	64496.3
1508.33	64621.9
1507.45	65043.6
1506.57	65009.5
1505.69	65112.1
1504.82	65214.7
1503.94	64952.9
1503.06	64816.4
1502.18	65317.3
1501.3	65089.8
1500.42	64953.3
1499.54	65442.6
1498.66	65465.3
1497.79	65226.5
1496.91	65658.6
1496.03	65988.2
1495.15	65669.9
1494.27	65249.4
1493.39	65306.3
1492.51	66044.6
1491.63	65635.7
1490.74	66396.4
1489.86	66112.4
1488.98	66191.7
1488.1	66475.3
1487.22	66997.1
1486.34	66940.1
1485.46	67745.2
1484.58	67665.4
1483.69	67959.8
1482.81	68333.5
1481.93	67992.9
1481.05	67765.7
1480.17	67493.3
1479.28	67153
1478.4	66801.4
1477.52	66857.8
1476.63	66212
1475.75	66143.9
1474.87	66551.2
1473.98	66143.5
1473.1	66358.3
1472.22	66822
1471.33	66833
1470.45	67296.4
1469.56	67431.7
1468.68	67815.7
1467.79	67860.4
1466.91	67972.9
1466.02	68605.2
1465.14	68796.6
1464.25	69982.1
1463.37	70353.9
1462.48	70782.1
1461.6	70160.1
1460.71	70463.9
1459.83	70519.4
1458.94	70067
1458.05	69152.2
1457.17	69523.7
1456.28	68530.3
1455.39	68123.7
1454.51	68100.5
1453.62	68336.7
1452.73	67896.5
1451.85	68121.3
1450.96	68143.2
1450.07	67849.7
1449.18	67928
1448.29	67094.1
1447.41	67870.5
1446.52	67723.6
1445.63	67374.1
1444.74	67655
1443.85	68138.2
1442.96	67485.1
1442.07	67630.8
1441.18	67922.7
1440.3	67775.9
1439.41	67505.5
1438.52	67313.9
1437.63	67920.2
1436.74	67919.6
1435.85	67346.1
1434.96	68109.3
1434.06	68086.2
1433.17	68287.7
1432.28	67882.9
1431.39	67736.3
1430.5	68341.7
1429.61	68094.2
1428.72	68026.2
1427.83	68193.8
1426.94	67845.4
1426.04	68069
1425.15	67855.4
1424.26	68370.3
1423.37	68324.7
1422.47	67976.7
1421.58	68144.1
1420.69	68759.4
1419.8	68747.4
1418.9	68399.5
1418.01	67771.8
1417.12	68666.6
1416.22	68285.3
1415.33	68687.3
1414.43	68451.6
1413.54	68249.5
1412.65	68427.7
1411.75	68415.7
1410.86	68772.7
1409.96	68671.2
1409.07	68927.4
1408.17	69172.3
1407.28	68624
1406.38	68746.1
1405.49	69080.2
1404.59	68599.2
1403.7	68576
1402.8	69479.3
1401.9	68652.5
1401.01	68417.3
1400.11	68561.5
1399.21	69598
1398.32	68805.2
1397.42	69317.2
1396.52	69104.4
1395.63	69092.3
1394.73	69303.1
1393.83	69257.5
1392.93	68788.7
1392.04	69088.5
1391.14	69187.8
1390.24	69086.6
1389.34	69352.8
1388.44	69251.6
1387.54	69384.1
1386.65	68871.3
1385.75	69526.7
1384.85	69648
1383.95	69635.8
1383.05	69790.4
1382.15	69533.6
1381.25	69432.5
1380.35	69775.9
1379.45	69685.9
1378.55	69629.3
1377.65	69794.8
1376.75	70493.3
1375.85	70936.1
1374.95	70546.3
1374.05	70678.2
1373.15	71009.8
1372.24	71130.5
1371.34	71750.3
1370.44	71283
1369.54	71847.1
1368.64	72488.7
1367.73	72930.5
1366.83	73028.5
1365.93	73193
1365.03	73545.8
1364.13	73444.3
1363.22	73431.4
1362.32	73507.1
1361.42	73173.1
1360.51	72850.3
1359.61	72295.2
1358.71	72968.6
1357.8	72679.2
1356.9	72755
1355.99	72487.8
1355.09	72430.8
1354.18	72252.3
1353.28	71974.3
1352.38	71818
1351.47	71904.8
1350.57	71936.4
1349.66	71736
1348.75	71646.1
1347.85	71964.8
1346.94	71896.9
1346.04	72270.6
1345.13	72798.7
1344.22	72256.3
1343.32	72707
1342.41	71900
1341.51	72736.6
1340.6	72569.4
1339.69	72821.3
1338.78	72676.2
1337.88	72894.9
1336.97	72452.3
1336.06	73607.4
1335.15	73153.8
1334.25	73493.4
1333.34	72907.9
1332.43	73313.4
1331.52	73531.7
1330.61	73793.9
1329.7	73516.8
1328.79	73558.9
1327.89	74195
1326.98	74390.9
1326.07	74069.9
1325.16	73694.1
1324.25	74076.8
1323.34	74404.5
1322.43	75138.6
1321.52	74729.9
1320.61	74562.9
1319.7	75120.9
1318.79	75173.6
1317.88	76005.7
1316.96	75772.8
1316.05	76637.4
1315.14	77534.7
1314.23	78365.8
1313.32	79427
1312.41	80103.9
1311.49	80451.7
1310.58	79900.3
1309.67	78844.9
1308.76	77943.3
1307.85	76998.2
1306.93	76184.8
1306.02	75996.2
1305.11	75500.9
1304.19	74918.2
1303.28	75430.5
1302.37	74191.3
1301.45	74572.2
1300.54	74263.6
1299.62	74228.6
1298.71	74434.3
1297.8	73699.4
1296.88	74123.8
1295.97	74165.4
1295.05	74196
1294.14	73188.4
1293.22	73481.5
1292.31	73818.1
1291.39	74110.9
1290.47	74272.6
1289.56	73789.9
1288.64	73875.2
1287.73	73862.1
1286.81	73685.4
1285.89	73465.1
1284.98	74150.3
1284.06	73777.3
1283.14	73971.5
1282.23	73315.1
1281.31	73160.5
1280.39	73932.3
1279.47	73396.2
1278.56	73775.5
1277.64	73402.9
1276.72	74108.8
1275.8	73736.4
1274.88	73592.7
1273.96	73862.7
1273.05	74252.4
1272.13	73814.9
1271.21	74030.3
1270.29	74430.6
1269.37	73982.4
1268.45	74132.5
1267.53	74206.4
1266.61	74062.8
1265.69	74843.1
1264.77	74101.8
1263.85	74697.2
1262.93	74760
1262.01	74953.2
1261.09	75222.2
1260.17	74676.9
1259.25	75087.1
1258.32	75182.3
1257.4	74821.8
1256.48	75774.2
1255.56	76129.6
1254.64	75801.6
1253.71	76265.3
1252.79	76783.1
1251.87	77246.5
1250.95	77102.8
1250.02	78064.4
1249.1	77563
1248.18	78350.9
1247.25	77416.4
1246.33	77132
1245.41	76956
1244.48	77223.8
1243.56	75922.2
1242.64	77228.9
1241.71	76836.6
1240.79	77482.8
1239.86	76917.5
1238.94	76903.9
1238.01	77409.2
1237.09	77525.2
1236.16	78019.4
1235.24	77605.8
1234.31	78434.8
1233.39	78312.8
1232.46	78828.2
1231.53	79116.5
1230.61	80117.3
1229.68	80534.9
1228.75	80369.5
1227.83	81024.3
1226.9	81290.4
1225.97	80963.2
1225.05	81369.5
1224.12	81204.1
1223.19	80887.8
1222.26	80754.9
1221.34	80007.8
1220.41	79928.9
1219.48	79354.6
1218.55	78618.8
1217.62	77646.4
1216.69	77740.3
1215.76	77834.2
1214.84	78014.1
1213.91	77419.1
1212.98	77373.1
1212.05	76864.5
1211.12	76689.5
1210.19	76536.1
1209.26	76662.3
1208.33	76831.5
1207.4	76312.7
1206.47	76288.4
1205.54	76350
1204.6	75831.6
1203.67	76548.5
1202.74	76330.9
1201.81	76392.5
1200.88	76561.4
1199.95	76644.4
1199.02	76544.9
1198.08	76906.8
1197.15	76335.4
1196.22	76536.3
1195.29	76769.4
1194.35	77023.8
1193.42	77406.7
1192.49	76696.3
1191.56	77025.6
1190.62	76861.9
1189.69	77019.6
1188.75	77038
1187.82	77270.6
1186.89	76999.9
1185.95	76750.8
1185.02	76747.8
1184.08	77055.2
1183.15	76699.1
1182.21	76888.7
1181.28	77602.3
1180.34	77139.4
1179.41	76890.5
1178.47	76320.9
1177.54	77173
1176.6	76924.2
1175.67	76771.7
1174.73	77324.1
1173.79	77673.5
1172.86	77072.4
1171.92	77090.7
1170.98	76906.2
1170.05	77543.5
1169.11	77689.7
1168.17	76587.7
1167.23	77278.1
1166.3	77339
1165.36	77016
1164.42	77354.1
1163.48	77020.5
1162.54	77220
1161.61	77121
1160.67	78023.4
1159.73	77413
1158.79	77463.1
1157.85	77609
1156.91	78233.9
1155.97	77443
1155.03	77418.6
1154.09	77734.6
1153.15	77742
1152.21	78504.6
1151.27	78713.9
1150.33	78285.2
1149.39	78675.2
1148.45	78958.8
1147.51	78572.8
1146.57	79525.6
1145.62	79022.8
1144.68	79178.6
1143.74	78389.3
1142.8	78651.4
1141.86	78892.1
1140.92	78421.7
1139.97	78227.3
1139.03	78510.4
1138.09	77944.8
1137.14	77655.1
1136.2	78129
1135.26	78645.2
1134.31	77815
1133.37	78352.2
1132.43	78264
1131.48	78366.6
1130.54	77928.9
1129.6	78148
1128.65	78356.4
1127.71	78215.3
1126.76	78561.3
1125.82	78282.7
1124.87	78110
1123.93	78826
1122.98	78610.9
1122.04	78554.6
1121.09	78297.3
1120.14	78579.4
1119.2	78332.8
1118.25	78265.9
1117.31	78780.3
1116.36	78576
1115.41	78076.1
1114.46	78421.2
1113.52	78576.1
1112.57	78255.9
1111.62	79139.1
1110.68	78808.4
1109.73	79184.7
1108.78	78579.8
1107.83	79061.4
1106.88	78361.8
1105.93	78537.6
1104.99	79261.5
1104.04	78773
1103.09	78453.3
1102.14	78881.8
1101.19	79015.1
1100.24	79148.4
1099.29	78839.4
1098.34	79404.4
1097.39	79653.3
1096.44	78755
1095.49	79340.7
1094.54	78842.5
1093.59	79049.3
1092.64	78635.5
1091.69	79021
1090.74	78744
1089.78	79003.2
1088.83	79209.8
1087.88	78670.2
1086.93	79381
1085.98	78568.5
1085.03	78691
1084.07	78634.9
1083.12	78652.3
1082.17	78732.6
1081.21	78582.1
1080.26	78872.3
1079.31	78365.1
1078.36	78435
1077.4	79071.1
1076.45	78427.8
1075.49	79063.7
1074.54	78997.1
1073.59	78878.2
1072.63	78696.4
1071.68	78849.9
1070.72	79254.7
1069.77	79052
1068.81	78954
1067.86	79180.7
1066.9	78339.6
1065.95	78461.6
1064.99	78562.6
1064.03	78977.4
1063.08	79214.2
1062.12	78907.2
1061.16	78746.7
1060.21	78763.9
1059.25	78822.9
1058.29	78944.6
1057.34	79108.1
1056.38	79386.3
1055.42	79058.8
1054.46	78929.7
1053.51	78832
1052.55	79193.6
1051.59	78939.4
1050.63	78789.6
1049.67	79338.8
1048.71	79616.6
1047.76	79550.1
1046.8	79160.5
1045.84	79094.1
1044.88	78746.4
1043.92	79545.1
1042.96	78999.4
1042	79110.2
1041.04	79168.9
1040.08	79383.8
1039.12	79015.5
1038.16	79334.4
1037.2	79736.5
1036.24	79129
1035.27	79458.1
1034.31	80161.6
1033.35	79003.1
1032.39	79404.8
1031.43	80118.3
1030.47	79209.9
1029.5	79663.4
1028.54	79212.6
1027.58	78367.2
1026.62	79495.7
1025.65	79491.8
1024.69	79166
1023.73	78632.7
1022.76	79448.9
1021.8	78946.8
1020.84	79617.5
1019.87	79572
1018.91	80200.8
1017.94	80653
1016.98	80773.3
1016.02	81349.7
1015.05	81386.8
1014.09	81092.4
1013.12	80684
1012.16	80244.8
1011.19	79598.5
1010.22	79760.2
1009.26	79476.6
1008.29	79669.3
1007.33	78940.8
1006.36	78905.9
1005.39	78995.2
1004.43	79208.5
1003.46	79028.7
1002.49	78880.1
1001.53	79196.7
1000.56	79916.3
999.591	79064.8
998.623	78988.5
997.655	79325.6
996.687	79187.3
995.719	78894.2
994.75	78879.9
993.782	78597.3
992.813	79233.4
991.844	79054
990.875	78957.2
989.906	79634.1
988.936	79145.3
987.966	79316.6
986.997	79642.6
986.027	79597.3
985.056	79387.1
984.086	79362.4
983.115	79173
982.145	79447.1
981.174	79968.4
980.203	79140.4
979.232	79713
978.26	79575
977.289	80559
976.317	79330.2
975.345	79830.3
974.373	80227.4
973.4	80017.5
972.428	80290.9
971.455	79536.2
970.483	80035.8
969.51	80062.4
968.536	79801.3
967.563	80290.3
966.59	80121.7
965.616	80394.8
964.642	80154.4
963.668	80242.6
962.694	81121.1
961.719	80695.9
960.745	80014.4
959.77	80954
958.795	80488
957.82	80268.4
956.845	80551.2
955.869	80372.6
954.894	80614.3
953.918	80374.3
952.942	80677.3
951.966	80498.8
950.989	80986.1
950.013	80602.8
949.036	80496.1
948.059	81065
947.082	80784.2
946.105	80452.4
945.128	80744.8
944.15	81129.1
943.172	81216.7
942.194	80946.3
941.216	81340.6
940.238	81121.5
939.259	81454.3
938.281	81368
937.302	80832.2
936.323	80991.2
935.344	81201.2
934.364	80839.3
933.385	81069.7
932.405	80677.3
931.425	80979.1
930.445	80688.9
929.465	81051.8
928.485	80873.9
927.504	80726.6
926.523	81130
925.542	81217.3
924.561	81284.1
923.58	81412
922.598	81213.9
921.617	81066.7
920.635	80980.7
919.653	81169.7
918.671	81307.7
917.688	81069
916.706	80891.4
915.723	80785.2
914.74	80455.1
913.757	81020.3
912.774	80893.8
911.79	80553.7
910.807	80955.9
909.823	80565.1
908.839	81048.5
907.855	81104.9
906.87	81344.1
905.886	81522.4
904.901	80908.4
903.916	81472.4
902.931	81498.3
901.946	81097.8
900.961	81773.1
899.975	81108.9
898.989	81297
898.003	81424.3
897.017	81652.9
896.031	81556.9
895.044	81521.8
894.058	81821.2
893.071	81360.5
892.084	80829
891.097	81422.1
890.109	81255.3
889.122	81503.8
888.134	81468.8
887.146	81119.9
886.158	81844
885.17	81282.7
884.181	81126.3
883.193	81323.9
882.204	81440.6
881.215	81456.1
880.226	81845.7
879.236	81578.1
878.247	81644.1
877.257	82417.4
876.267	82796.3
875.277	82983.3
874.287	82523.9
873.296	82831.9
872.306	82483.7
871.315	83013.7
870.324	82786.7
869.333	83387.1
868.341	83634.2
867.35	82923
866.358	83512.9
865.366	83195.3
864.374	83250.7
863.382	83689
862.39	83200.2
861.397	82862.7
860.404	83099.4
859.411	83064.1
858.418	82857.7
857.425	82882.8
856.431	83210
855.438	82903
854.444	82213.7
853.45	82339.6
852.455	82616.2
851.461	82007.9
850.466	82274.4
849.472	82249.4
848.477	82073.6
847.481	82641.5
846.486	82083.8
845.491	82480.7
844.495	82174.4
843.499	82541
842.503	82154.5
841.507	82520.9
840.51	82365.4
839.514	83072.8
838.517	82736.6
837.52	82450.7
836.523	82566
835.526	82510.9
834.528	82535.9
833.53	82621.1
832.533	82245.2
831.534	81909.6
830.536	82084.9
829.538	81939.8
828.539	82185.2
827.54	82550.6
826.541	82475.5
825.542	82190.2
824.543	82165.2
823.543	82040.1
822.544	82035.1
821.544	82240.2
820.544	82555.1
819.544	82270.1
818.543	82075.1
817.543	82439.9
816.542	82185
815.541	82010.2
814.54	82374.7
813.538	82000.2
812.537	82105
811.535	82209.8
810.533	82204.7
809.531	82069.9
808.529	82982.8
807.526	82349.2
806.524	82643.3
805.521	82588.3
804.518	82952
803.515	82318.8
802.511	83270.5
801.508	82418.3
800.504	82453
799.5	82288.5
798.496	82373
797.492	82646.7
796.487	82203.5
795.483	83163.9
794.478	82780.5
793.473	82665.8
792.468	82879.5
791.462	82426.7
790.457	82789.5
789.451	82973.2
788.445	83315.9
787.439	83171.4
786.433	83255.5
785.426	82574.6
784.42	83016.4
783.413	82663.5
782.406	83691
781.399	83318.3
780.391	84027.6
779.384	84190.9
778.376	83967.1
777.368	84785.1
776.36	84452.1
775.351	84129.2
774.343	84084
773.334	84782.4
772.325	84271.2
771.316	84454
770.307	85102.4
769.297	84967.9
768.288	85011.7
767.278	85243.7
766.268	85871.6
765.258	85628.2
764.247	85741.1
763.237	86487.4
762.226	86867.3
761.215	87533.9
760.204	87676
759.193	86789.8
758.181	87199
757.17	87578.3
756.158	87028.6
755.146	86637.1
754.134	86216.2
753.121	85874.4
752.109	85483.3
751.096	85586.1
750.083	84770.8
749.07	85258.6
748.056	84927.1
747.043	84724.1
746.029	84856.5
745.015	84535.1
744.001	84391.4
742.987	84011.1
741.972	84390
740.958	84177.4
739.943	84014.1
738.928	84442
737.913	84603.8
736.897	84135.2
735.882	84336.3
734.866	84468.5
733.85	84206.9
732.834	84339
731.818	83969.3
730.801	84239.1
729.784	84430.2
728.767	84001.6
727.75	84192.7
726.733	83813.5
725.716	83847.2
724.698	84647.4
723.68	84396
722.662	83909
721.644	84001.5
720.626	84516.3
719.607	84991.7
718.588	85074.2
717.569	84685.6
716.55	84846.6
715.531	84487.6
714.511	84550.5
713.492	85054.7
712.472	84950.8
711.452	84709.7
710.432	84850.9
709.411	84766.7
708.39	85084.2
707.37	84510.1
706.349	84651.3
705.327	85047
704.306	85158.6
703.284	84496.8
702.263	85293.6
701.241	85003.9
700.219	84616.4
699.196	84747.5
698.174	85054.7
697.151	85078.1
696.128	84935.3
695.105	84616.6
694.082	84542.4
693.058	84624.5
692.035	85029
691.011	85257.5
689.987	84978.1
688.963	85333.4
687.938	85210.3
686.914	85057.9
685.889	84983.7
684.864	85572.9
683.839	85644.9
682.813	86019.2
681.788	85857.1
680.762	86786.9
679.736	87355.7
678.71	88031.5
677.684	88444
676.657	88905
675.631	90359.3
674.604	90264.7
673.577	89605.5
672.549	88634.9
671.522	88277.9
670.494	87901.5
669.466	87632.3
668.438	86653.1
667.41	87386
666.382	87282.3
665.353	86770.3
664.325	86569.6
663.296	86232.9
662.266	86537.6
661.237	86919.9
660.208	86874.7
659.178	86907.2
658.148	87405.8
657.118	86865.4
656.088	86946.4
655.057	87425.2
654.026	87079.2
652.996	87489.9
651.964	87551.3
650.933	87787.2
649.902	87606.1
648.87	88171.5
647.838	88135.8
646.806	88642.8
645.774	88771.7
644.742	88513.1
643.709	88680.7
642.676	89119.4
641.643	89170.7
640.61	88970.3
639.577	89592.5
638.543	89150.2
637.51	88272.7
636.476	89697.5
635.442	89168.3
634.407	89741.6
633.373	89319
632.338	88596.9
631.303	89517.8
630.268	89163.1
629.233	88992
628.197	89265.2
627.162	88582.4
626.126	88865.3
625.09	89350.7
624.054	88803.4
623.017	88439.6
621.981	88471.4
620.944	88242.8
619.907	88506.1
618.87	87949.8
617.832	87499.7
616.795	87657
615.757	87823.8
614.719	87412.5
613.681	87367.4
612.643	87091.1
611.604	86872.8
610.565	87607.6
609.526	86975.3
608.487	86920.7
607.448	87347.1
606.409	87013.5
605.369	88093.8
604.329	88481.3
603.289	88955.2
602.249	90169.2
601.208	92065.1
600.168	95401.6
599.127	95691.4
598.086	95471.9
597.044	92861
596.003	91182.6
594.961	89236
593.92	88691.5
592.878	87801.7
591.835	87651.1
590.793	86828.9
589.75	87349.9
588.708	86556.9
587.665	86933.9
586.621	86975.3
585.578	86575.8
584.535	86952.5
583.491	86696.9
582.447	86220.9
581.403	86837
580.358	86629.4
579.314	86507.9
578.269	86750.3
577.224	87250.9
576.179	86794.6
575.134	86845.4
574.088	87097
573.043	87147.8
571.997	86911.7
570.951	86838.1
569.904	86200.7
568.858	86414
567.811	86913.9
566.764	87766.9
565.717	87607.3
564.67	86932.2
563.623	87317
562.575	86966.6
561.527	87895.2
560.479	88002.9
559.431	88120.1
558.382	88447
557.334	89193.5
556.285	89205.4
555.236	90923.8
554.187	91945.7
553.137	93243.6
552.088	94807.8
551.038	96142.8
549.988	97696.3
548.938	100363
547.887	101259
546.837	103753
545.786	104571
544.735	105094
543.684	103067
542.633	99690
541.581	97075.2
540.529	94471
539.477	92590.1
538.425	90995.1
537.373	90275
536.32	89688.1
535.268	88977.9
534.215	89075.3
533.161	88925.7
532.108	88614.8
531.055	88028.8
530.001	88107.2
528.947	87047.1
527.893	87296.4
526.839	87109.4
525.784	86979.3
524.729	87010.5
523.674	87051.1
522.619	86911.7
521.564	86829.1
520.509	85685.5
519.453	86114.7
518.397	86022.8
517.341	85713.2
516.285	86473.5
515.228	85690.6
514.172	86100.5
513.115	85810
512.058	86285.9
511	86071.1
509.943	85884.8
508.885	85736.4
507.827	85436.8
506.769	85449.2
505.711	85499.4
504.653	85473.9
503.594	85391.8
502.535	85460.8
501.476	85501.5
500.417	85400.6
499.357	85403.5
498.298	85189.3
497.238	85088.4
496.178	85091.4
495.118	85462.2
494.057	84691.8
492.997	84855.1
491.936	84537.5
490.875	84738.5
489.813	84600.1
488.752	84942.3
487.69	85350.3
486.629	84458.4
485.567	84583.9
484.504	84360.9
483.442	84316.9
482.379	84715.2
481.316	84332.3
480.253	84373
479.19	83924.5
478.127	84247.3
477.063	84372.6
475.999	84168.8
474.935	84369.2
473.871	84447.3
472.807	84177.8
471.742	84547.2
470.677	84465.6
469.612	85031.9
468.547	84800
467.482	85225.3
466.416	84486.7
465.35	85005.7
464.284	84642.6
463.218	84776.8
462.152	85445.5
461.085	84416.9
460.018	85169.7
458.951	84807
457.884	84809.8
456.817	84690.8
455.749	84084.8
454.681	84527.9
453.613	84652.5
452.545	84290.3
451.477	84676.9
450.408	84679.7
449.339	84748
448.27	84264.4
447.201	84604
446.131	85523.2
445.062	84964.9
443.992	85593.9
442.922	85035.8
441.852	84580.6
440.781	84284.5
439.711	84436.8
438.64	85018.6
437.569	85170.7
436.498	84799.9
435.426	84700
434.355	84665.4
433.283	84649.5
432.211	84596.3
431.138	84701.6
430.066	85114.6
428.993	84716.4
427.921	84803
426.848	84787
425.774	85209
424.701	85211.6
423.627	85009.3
422.553	85011.9
421.479	84511.8
420.405	85538.5
419.331	85392.1
418.256	84389.7
417.181	84783.2
416.106	84720.7
415.031	84574.5
413.955	84698.1
412.88	84988.9
411.804	84870.7
410.728	84622.4
409.651	85210.4
408.575	85027.1
407.498	85549.8
406.421	85013.7
405.344	85109.1
404.267	84935.3
403.189	84668.7
402.112	85385.8
401.034	85453.2
399.956	84889.8
398.877	84298.9
397.799	84079
396.72	85008.7
395.641	84603.4
394.562	85023
393.483	84515.9
392.403	84537.1
391.324	84706.3
390.244	84236.6
389.164	84415.2
388.083	84547.4
387.003	84929.4
385.922	84941.1
384.841	83926
383.76	84215.4
382.678	84292
381.597	84155.9
380.515	84112.3
379.433	83449.4
378.351	83415.2
377.269	83611.9
376.186	83716.2
375.103	83506.5
374.02	83296.8
372.937	83724.2
371.854	83902.3
370.77	83406.5
369.686	82984.8
368.602	84159.2
367.518	83036.5
366.434	83398.9
365.349	83466.1
364.264	83478
363.179	83434.6
362.094	83658.4
361.008	83320.1
359.923	83599.2
358.837	82901.9
357.751	83134.8
356.664	82787.7
355.578	83195.4
354.491	83557
353.404	82805.2
352.317	82918.3
351.23	82737.1
350.142	82896.1
349.055	83119.5
347.967	83370.3
346.879	82968.6
345.79	82750.7
344.702	82964.8
343.613	83132.8
342.524	82510.9
341.435	83018.7
340.346	83260
339.256	83170.8
338.166	83604.7
337.076	82754
335.986	82793.4
334.896	82997.8
333.805	82817.1
332.714	82792.2
331.623	82464.9
330.532	82751.7
329.441	82177.1
328.349	83013.5
327.257	82869.5
326.165	82588.3
325.073	83753.7
323.981	83069.6
322.888	82651.2
321.795	82635.5
320.702	82921.8
319.609	82604.2
318.515	83018.4
317.421	83148.9
316.328	83508
315.233	83044.3
314.139	83978.9
313.045	83561
311.95	83764.4
310.855	83922
309.76	83924.4
308.664	82621.2
307.569	82587.3
306.473	82133.6
305.377	82163.6
304.281	82020.3
303.184	81950
302.088	81451.2
300.991	81490.4
299.894	81083
298.797	81213.4
297.699	80924.6
296.602	81528.8
295.504	81440.4
294.406	81743.7
293.307	82046.9
292.209	82085.9
291.11	81788.2
290.011	81872.7
288.912	81575.2
287.813	82114.5
286.713	82253.6
285.614	82747.2
284.514	82522.3
283.414	83706.5
282.313	84308.6
281.213	85582.8
280.112	85775.5
279.011	86503.9
277.91	87858.7
276.808	87896.5
275.707	87870.7
274.605	87019
273.503	86240.3
272.401	85498.1
271.298	84883.2
270.195	85991.6
269.093	87398.8
267.989	88760.1
266.886	89694.9
265.783	90330.3
264.679	89878.2
263.575	88538.6
262.471	87434.9
261.367	86494.6
260.262	86061.7
259.157	86479.8
258.052	86762
256.947	88509.9
255.842	91333.7
254.736	94690
253.63	98497.2
252.524	98984.7
251.418	98206.5
250.312	93442.9
249.205	90072.7
248.098	86577.3
246.991	85558.2
245.884	83826
244.776	83223.1
243.668	83017.7
242.56	82279.8
241.452	82670.2
240.344	82555.2
239.235	82737.9
238.127	82866.4
237.018	82895.7
235.908	82438.2
234.799	81989.8
233.689	81893
232.58	81499
231.47	80483.5
230.359	80621.2
229.249	79462.2
228.138	79483.1
227.027	79774
225.916	79092.7
224.805	79131.6
223.693	79026.6
222.582	78813.6
221.47	78429.8
220.357	78477.8
219.245	78759.5
218.133	78438.9
217.02	78828.3
215.907	78426.9
214.794	78456.8
213.68	78217.3
212.566	78857.9
211.453	78097.7
210.338	78316.1
209.224	78651.2
208.11	78887.4
206.995	78163.6
205.88	78094.9
204.765	78456.6
203.65	78647.8
202.534	78480.4
201.418	78169.6
200.302	78280.1
199.186	78453.3
198.07	78286
196.953	78423.3
195.836	78488.9
194.719	78160.6
193.602	78127.7
192.484	77987.5
191.367	78706.2
190.249	78780.6
189.131	78488.3
188.012	78929.3
186.894	78368.9
185.775	79265.6
184.656	79107.5
183.537	79253.2
182.417	79604.3
181.298	79562.2
180.178	79448.8
179.058	79594.3
177.938	79346.9
176.817	79287.1
175.696	79066.7
174.575	79479.8
173.454	79464.6
172.333	79877.4
171.211	79416.3
170.09	78812.8
168.968	78316.4
167.845	78613.2
166.723	77894.3
165.6	77460.8
164.478	77169.8
163.354	77270.8
162.231	77238.2
161.108	76662.6
159.984	76594.6
158.86	76980.3
157.736	77001.1
156.612	76888.5
155.487	77024.9
154.362	76681.2
153.237	76906.5
152.112	77042.8
150.987	76912.5
149.861	77297.5
148.735	77487
147.609	78315.8
146.483	78806.8
145.356	78924.9
144.229	80542.8
143.102	81538.9
141.975	81594.2
140.848	82776
139.72	83176.9
138.592	83710.7
137.464	84359.5
136.336	84219.2
135.208	84814.5
134.079	84284.3
132.95	83781
131.821	82604.7
130.692	80915.2
129.562	79739.9
128.432	78954.5
127.302	77974.8
126.172	77322.7
125.042	76918.6
123.911	75577.2
122.78	76340.8
121.649	75459.7
120.518	75843
119.386	75554.4
118.255	75389.7
117.123	75428.2
115.991	75449
114.858	75187.2
113.726	74713.7
112.593	74443.3
111.46	74499.6
110.327	73823.4
109.193	72918.2
108.06	72666
106.926	71505.5
105.791	70028
104.657	68198.5
103.523	64633.3
102.388	61210.5
101.253	56106.2
100.118	48828
98.9822	40354.8
97.8466	32457.3
96.7107	25284.7
95.5746	19584.8
94.4383	15101.6
93.3018	12010.3
92.165	9808.75
91.0281	8109.35
89.8909	7052.54
88.7535	6382.99
87.6159	5819.18
86.478	5422.57
85.34	5140.35
84.2017	4910.94
83.0632	4822.16
81.9245	4759.76
80.7856	4548.12
79.6464	4415.56
78.5071	4379.6
77.3675	4264.68
76.2277	4290.18
75.0876	4236.72
73.9474	4227.14
72.8069	4164.94
71.6662	4199.21
70.5253	4110.75
69.3842	4153.77
68.2428	4126.69
67.1012	4108.37
65.9594	4063.79
64.8174	4071.76
63.6752	4088.48
62.5327	4052.68
61.3901	4104.41
60.2472	4024.87
59.1041	3980.35
57.9607	4032.06
56.8172	4022.54
55.6734	3960.56
54.5294	3994.76
53.3852	4002.73
52.2407	3984.48
51.0961	3957.5
