2501.49	51165.5
2500.78	50617.6
2500.07	46030.3
2499.36	46360
2498.64	46633.4
2497.93	46288.9
2497.22	46379.8
2496.51	46779.3
2495.79	46435
2495.08	46553.8
2494.37	46995.3
2493.66	47015.8
2492.94	46797.8
2492.23	47000.6
2491.52	46530.5
2490.8	46509
2490.09	46739.7
2489.38	46900.4
2488.66	46290.4
2487.95	46927.3
2487.23	47325.9
2486.52	47136.3
2485.81	46750.7
2485.09	46939.1
2484.38	46805.6
2483.66	47078
2482.95	46860.5
2482.23	46922.9
2481.52	47083.2
2480.8	46586.2
2480.09	47333.8
2479.37	47116.4
2478.66	47122.8
2477.94	46933.6
2477.23	47303.3
2476.51	47128
2475.79	47385.9
2475.08	47336.3
2474.36	47133.2
2473.65	47586.4
2472.93	47746.3
2472.21	47236.1
2471.5	47577.4
2470.78	47513.9
2470.06	47241.2
2469.35	47401
2468.63	47337.5
2467.91	47692.5
2467.2	47155
2466.48	47175.3
2465.76	47613.7
2465.04	47285.5
2464.33	47779.5
2463.61	47548.9
2462.89	47666.6
2462.17	47895.7
2461.45	47136
2460.74	47991.6
2460.02	47510.6
2459.3	47795.2
2458.58	47884.9
2457.86	47473.7
2457.14	47953
2456.42	48112.2
2455.7	47756.7
2454.99	47707.3
2454.27	47810.8
2453.55	47608.5
2452.83	48420.8
2452.11	48037.8
2451.39	47877.3
2450.67	48439.1
2449.95	48222.9
2449.23	48131.8
2448.51	47888
2447.79	48505
2447.07	48400
2446.35	47767.7
2445.63	48564.8
2444.9	48182.4
2444.18	47924.9
2443.46	48319.4
2442.74	48200.7
2442.02	48220.6
2441.3	48420.8
2440.58	47914
2439.86	48100.3
2439.13	47967.8
2438.41	48264.8
2437.69	48547.9
2436.97	48401.6
2436.25	48490.7
2435.52	48815.1
2434.8	48807.3
2434.08	49145.4
2433.36	48763.8
2432.63	48603.8
2431.91	48886.4
2431.19	49265.8
2430.46	48289.8
2429.74	48738.3
2429.02	48329.5
2428.29	48999
2427.57	49253.6
2426.85	48596.3
2426.12	49113.4
2425.4	49326.5
2424.68	49014.7
2423.95	49117.2
2423.23	48874.6
2422.5	49198
2421.78	49024.4
2421.05	49016.5
2420.33	48939.5
2419.6	49069.6
2418.88	48951.3
2418.15	48971
2417.43	49142.3
2416.7	49106.8
2415.98	50160.2
2415.25	48898
2414.53	48890.1
2413.8	49433.2
2413.07	49507.9
2412.35	49183.1
2411.62	49712.2
2410.9	49662.9
2410.17	49324.4
2409.44	49536.7
2408.72	49955.3
2407.99	50208.6
2407.26	49333.8
2406.54	49394.6
2405.81	49235.3
2405.08	49461.1
2404.35	49631.8
2403.63	49637.6
2402.9	49272.2
2402.17	49346.7
2401.44	49847
2400.71	49536.7
2399.99	49487.5
2399.26	49314.7
2398.53	49141.9
2397.8	49710.6
2397.07	49688.8
2396.34	49612.1
2395.62	49590.4
2394.89	50007.7
2394.16	49821.2
2393.43	49730.9
2392.7	49928.5
2391.97	49084.1
2391.24	49693
2390.51	49822
2389.78	49402.8
2389.05	49805.9
2388.32	50044.4
2387.59	50173.2
2386.86	50137.7
2386.13	49677.7
2385.4	49847.7
2384.67	50127
2383.94	49995.7
2383.21	49714
2382.48	49664.8
2381.75	49656.8
2381.02	49512
2380.28	49955.2
2379.55	49714.7
2378.82	49364.8
2378.09	49848.9
2377.36	50086.8
2376.63	50352
2375.89	50289.2
2375.16	50253.7
2374.43	49794.8
2373.7	50373.9
2372.97	50188.3
2372.23	50398.5
2371.5	50212.9
2370.77	50177.5
2370.03	50019.3
2369.3	50079.3
2368.57	50344
2367.84	50049.5
2367.1	50354.9
2366.37	50183.2
2365.63	49875.1
2364.9	50494
2364.17	50131.5
2363.43	50177.8
2362.7	49965.4
2361.96	50570.1
2361.23	50194.2
2360.5	50281.4
2359.76	50177.9
2359.03	50006.5
2358.29	50012
2357.56	50480.1
2356.82	50295
2356.09	49851.6
2355.35	50645.9
2354.62	50148.1
2353.88	50275.9
2353.14	50376.5
2352.41	50680.9
2351.67	50006.8
2350.94	50270.4
2350.2	50316.6
2349.46	50403.5
2348.73	50666.9
2347.99	50780.8
2347.25	50229.6
2346.52	50615
2345.78	50362.5
2345.04	50544.3
2344.31	50481.8
2343.57	51206.1
2342.83	50872.3
2342.1	51026.7
2341.36	50489.6
2340.62	51023.7
2339.88	50744.3
2339.14	50858
2338.41	50253.6
2337.67	50706
2336.93	50481
2336.19	50499.9
2335.45	50545.8
2334.71	50943.7
2333.98	50258.7
2333.24	50981.3
2332.5	51284.2
2331.76	50464.1
2331.02	50510
2330.28	50907.5
2329.54	50993.9
2328.8	50877.4
2328.06	50909.7
2327.32	51333.9
2326.58	50920.2
2325.84	50898.4
2325.1	51362.9
2324.36	50962.8
2323.62	51319.2
2322.88	50770.7
2322.14	51086.4
2321.4	51429.1
2320.66	50476
2319.92	51304.4
2319.17	51323
2318.43	50748.1
2317.69	51319.8
2316.95	51419.3
2316.21	51114.3
2315.47	51294.7
2314.72	51165
2313.98	50941
2313.24	51619.9
2312.5	50628
2311.76	51589.6
2311.01	51204.1
2310.27	51155.4
2309.53	51214.3
2308.79	51098.3
2308.04	51090
2307.3	51835.2
2306.56	51530.8
2305.81	51495.5
2305.07	51392.9
2304.33	51478.7
2303.58	52035
2302.84	51529.1
2302.09	51601.3
2301.35	51055.3
2300.61	51396.4
2299.86	51320.8
2299.12	51151.2
2298.37	51653.2
2297.63	51080.8
2296.88	51958.6
2296.14	51480.3
2295.39	51190
2294.65	51705
2293.9	51361.2
2293.16	51473.5
2292.41	51612.6
2291.67	51792
2290.92	51837.1
2290.17	51185.2
2289.43	51820.2
2288.68	51717.9
2287.94	51562.1
2287.19	51727.8
2286.44	51679.2
2285.7	51670.8
2284.95	51582
2284.2	51520
2283.45	51699
2282.71	51784.2
2281.96	51869.4
2281.21	51780.7
2280.47	51611.7
2279.72	51255.5
2278.97	51982.7
2278.22	51853.8
2277.47	51738.4
2276.73	51435.9
2275.98	51815
2275.23	51860
2274.48	51597.7
2273.73	52016.7
2272.98	51233.5
2272.23	51705.9
2271.49	51256.8
2270.74	51141.7
2269.99	51667.2
2269.24	51445.2
2268.49	51583.6
2267.74	51335
2266.99	51473.3
2266.24	51998.4
2265.49	52016.5
2264.74	51554.7
2263.99	52159.5
2263.24	51364.6
2262.49	51476.1
2261.74	51694.2
2260.99	52311.8
2260.24	52463.1
2259.49	51988.4
2258.73	51647
2257.98	51838.3
2257.23	51723.3
2256.48	52020.9
2255.73	51759.6
2254.98	51964
2254.23	51596.3
2253.47	51441.6
2252.72	52018.2
2251.97	52355.4
2251.22	51562.5
2250.46	51540.8
2249.71	52037.3
2248.96	51723.2
2248.21	51847.6
2247.45	51825.8
2246.7	51498.6
2245.95	51357.4
2245.19	52318
2244.44	51552.9
2243.69	51544.4
2242.93	51761.6
2242.18	52230.7
2241.43	51718.1
2240.67	52677.7
2239.92	52854.7
2239.16	51798.7
2238.41	52240.9
2237.65	52139.6
2236.9	52263.5
2236.15	52321.2
2235.39	51981.4
2234.64	51800.7
2233.88	52745.7
2233.13	51571.9
2232.37	52172.4
2231.61	52428.6
2230.86	51956.8
2230.1	51710.1
2229.35	51622.2
2228.59	52354.5
2227.83	52054.9
2227.08	52562.1
2226.32	51998.2
2225.57	52465.5
2224.81	52205.8
2224.05	51602.6
2223.3	51633.7
2222.54	52193.3
2221.78	52013
2221.02	51964.9
2220.27	52167.6
2219.51	52119.4
2218.75	52190.1
2217.99	52419
2217.24	52357.6
2216.48	51570.7
2215.72	52300.9
2214.96	51923
2214.2	52257.3
2213.45	52354.2
2212.69	52121.5
2211.93	52600.6
2211.17	52671
2210.41	52240.8
2209.65	52838.1
2208.89	52105
2208.13	52241.3
2207.37	52351.3
2206.61	52448
2205.85	52307.7
2205.09	52483.4
2204.33	52395.8
2203.57	52729.2
2202.81	52312.8
2202.05	51843.9
2201.29	51690.7
2200.53	52944.4
2199.77	51870.9
2199.01	51901.8
2198.25	52550.3
2197.49	52528.5
2196.73	52283.4
2195.97	52471.8
2195.2	52345
2194.44	52730.3
2193.68	52235.9
2192.92	52463.5
2192.16	52769.9
2191.39	52459.4
2190.63	52411.4
2189.87	52192.9
2189.11	52341.7
2188.34	52005.3
2187.58	52390
2186.82	52696
2186.06	52399
2185.29	52495.2
2184.53	51818.3
2183.77	52766.1
2183	52430
2182.24	52722.5
2181.48	52491.3
2180.71	52521.9
2179.95	52316.9
2179.18	52321.4
2178.42	51658.5
2177.66	51702.3
2176.89	52374
2176.13	52378.4
2175.36	52644.4
2174.6	52452.7
2173.83	52457.1
2173.07	51703.5
2172.3	52426.8
2171.54	51608.1
2170.77	52500.9
2170	52204.9
2169.24	52170.2
2168.47	52448.9
2167.71	52192.2
2166.94	52353.2
2166.17	52422.9
2165.41	52414.3
2164.64	52196.9
2163.87	52318.7
2163.11	52362.3
2162.34	52079.8
2161.57	51627.9
2160.81	52101.7
2160.04	52210.4
2159.27	51993.3
2158.5	52375.6
2157.74	51989.2
2156.97	51824.3
2156.2	51347
2155.43	52119.7
2154.67	52176.2
2153.9	51607.9
2153.13	52002.8
2152.36	51812
2151.59	52258.8
2150.82	52042.1
2150.05	52683.7
2149.28	52597
2148.52	52172.3
2147.75	52423.7
2146.98	52116.1
2146.21	52302.4
2145.44	52475.7
2144.67	51908.4
2143.9	52471.3
2143.13	51566.6
2142.36	51999.5
2141.59	51523.6
2140.82	51839.6
2140.05	51623.4
2139.28	51822.5
2138.5	52293.9
2137.73	52233.4
2136.96	52121
2136.19	52527.3
2135.42	52687.2
2134.65	52380.3
2133.88	52125.4
2133.1	52000.2
2132.33	52224.8
2131.56	52332.7
2130.79	52246.4
2130.02	51836.3
2129.24	52630.4
2128.47	52142.8
2127.7	52431.8
2126.93	52397.3
2126.15	52699.1
2125.38	52302.3
2124.61	52047.9
2123.83	52168.6
2123.06	52276.4
2122.29	51996.2
2121.51	52543.4
2120.74	52082.4
2119.97	52009.2
2119.19	52142.7
2118.42	52198.7
2117.64	51789.6
2116.87	52349.2
2116.09	51785.4
2115.32	51970.5
2114.54	51974.8
2113.77	52185.5
2113	52035
2112.22	51884.5
2111.44	51837.2
2110.67	51751.2
2109.89	52529.2
2109.12	52082.1
2108.34	52382.9
2107.57	52155.1
2106.79	52301.1
2106.01	52356.8
2105.24	52232.2
2104.46	52713
2103.68	52588.3
2102.91	52244.9
2102.13	52365
2101.35	52703.8
2100.58	52090.2
2099.8	52403.3
2099.02	52420.3
2098.24	52051.5
2097.47	52017.1
2096.69	52111.4
2095.91	51665.6
2095.13	51657.1
2094.36	52252.5
2093.58	51768.4
2092.8	52556.4
2092.02	52432
2091.24	52603.1
2090.46	52132.2
2089.68	52097.8
2088.9	51614.2
2088.13	51888
2087.35	52084.7
2086.57	51601.4
2085.79	52247
2085.01	52469.2
2084.23	51973.2
2083.45	51618.4
2082.67	51622.7
2081.89	52255
2081.11	51490.2
2080.33	51725.1
2079.55	52228.9
2078.77	52591.7
2077.98	51340.8
2077.2	51357.9
2076.42	51400.5
2075.64	51916.8
2074.86	52407.3
2074.08	52117.1
2073.3	52070
2072.51	52074.2
2071.73	51797
2070.95	51967.4
2070.17	52009.9
2069.39	52244.1
2068.6	52235.4
2067.82	51600.6
2067.04	51898.7
2066.26	52120
2065.47	51689.8
2064.69	51540.8
2063.91	51187.5
2063.12	51370.4
2062.34	51259.8
2061.56	52119.1
2060.77	51395.9
2059.99	51578.7
2059.2	51047.1
2058.42	51395.7
2057.64	51183.2
2056.85	51544.4
2056.07	52122.2
2055.28	52228.2
2054.5	51850
2053.71	51420.9
2052.93	51934.6
2052.14	51671.3
2051.36	51357
2050.57	51412.2
2049.79	51556.4
2049	50809.6
2048.22	51259.2
2047.43	50919.9
2046.64	50975
2045.86	50139.8
2045.07	50691
2044.28	51064
2043.5	51068.2
2042.71	51453.8
2041.92	51000.4
2041.14	51373.1
2040.35	51161.3
2039.56	51279.8
2038.78	51245.8
2037.99	50856.3
2037.2	51165.3
2036.41	51207.5
2035.62	51211.7
2034.84	50746.3
2034.05	50737.9
2033.26	50907
2032.47	51101.5
2031.68	50801.3
2030.89	51388.7
2030.11	51114
2029.32	50877.3
2028.53	51249
2027.74	50784.3
2026.95	50775.8
2026.16	50818
2025.37	50429.6
2024.58	50750.4
2023.79	50450.8
2023	51024.7
2022.21	50990.8
2021.42	51108.9
2020.63	51252.2
2019.84	51256.3
2019.05	51159.2
2018.26	50531
2017.47	50724.9
2016.68	50754.4
2015.88	50354.1
2015.09	50724.8
2014.3	50716.3
2013.51	50354.1
2012.72	50926.7
2011.93	50754.1
2011.13	51162.3
2010.34	50977
2009.55	50728.7
2008.76	51250.2
2007.96	50535.1
2007.17	50589.7
2006.38	50808.3
2005.59	51039.5
2004.79	50602.2
2004	50644.2
2003.21	50333.2
2002.41	50627.3
2001.62	50921.2
2000.83	50408.8
2000.03	50677.5
1999.24	50996.5
1998.44	50937.6
1997.65	50475.8
1996.86	50454.8
1996.06	50496.7
1995.27	51016.8
1994.47	50668.6
1993.68	50748.2
1992.88	50500.7
1992.09	50404.2
1991.29	50722.7
1990.5	50739.4
1989.7	50818.9
1988.9	50496.2
1988.11	50563.2
1987.31	50353.7
1986.52	50370.4
1985.72	50902
1984.92	50529.3
1984.13	50608.8
1983.33	50889
1982.53	50729.9
1981.74	50959.8
1980.94	50211.1
1980.14	50516.3
1979.35	50771.2
1978.55	50838
1977.75	49889.1
1976.95	50043.7
1976.16	50486.6
1975.36	50052
1974.56	50043.7
1973.76	50574
1972.96	50289.9
1972.16	50519.5
1971.37	50273.1
1970.57	50452.5
1969.77	50231.2
1968.97	50160.2
1968.17	49914.1
1967.37	50331.1
1966.57	50310.2
1965.77	50276.7
1964.97	49955.7
1964.17	50672.5
1963.37	50064
1962.57	49943.1
1961.77	50109.7
1960.97	50038.8
1960.17	49893
1959.37	49734.8
1958.57	49838.8
1957.77	49892.9
1956.97	50121.7
1956.17	49976
1955.36	50055
1954.56	49871.9
1953.76	49826.1
1952.96	50117.1
1952.16	50208.5
1951.36	50150.2
1950.55	49780.3
1949.75	50270.5
1948.95	49701.3
1948.15	49805.1
1947.34	49672.1
1946.54	49800.8
1945.74	50452.5
1944.94	50020.7
1944.13	49788.2
1943.33	49232.1
1942.53	49671.9
1941.72	49725.8
1940.92	49431.3
1940.11	49311.1
1939.31	50024.2
1938.51	49195
1937.7	49559.8
1936.9	49389.8
1936.09	48896.8
1935.29	49510
1934.48	49588.6
1933.68	49667.3
1932.87	49683.8
1932.07	49340.1
1931.26	49381.5
1930.46	49137.3
1929.65	49600.7
1928.85	49716.5
1928.04	49224.2
1927.23	49253.2
1926.43	49257.3
1925.62	49100.2
1924.81	49278
1924.01	49418.5
1923.2	49484.5
1922.39	49277.9
1921.59	49182.9
1920.78	48976.4
1919.97	49476
1919.17	48848.4
1918.36	49422.3
1917.55	48980.6
1916.74	49145.7
1915.93	49026
1915.13	48943.5
1914.32	48972.4
1913.51	49063.1
1912.7	48844.6
1911.89	49195
1911.08	48927.1
1910.28	48374.9
1909.47	48403.9
1908.66	48642.9
1907.85	48165.2
1907.04	48824.2
1906.23	48507.2
1905.42	49067.1
1904.61	48972.4
1903.8	48729.6
1902.99	48795.5
1902.18	48774.9
1901.37	48482.9
1900.56	48499.4
1899.75	48626.9
1898.94	49124.4
1898.13	48499.6
1897.31	48232.5
1896.5	48433.9
1895.69	49017.4
1894.88	48171.2
1894.07	48976.2
1893.26	48007.1
1892.45	48565.6
1891.63	48311.1
1890.82	48660
1890.01	48541.1
1889.2	48335.9
1888.38	48303.2
1887.57	48578
1886.76	48434.5
1885.95	47897.4
1885.13	48651.9
1884.32	48360.9
1883.51	48156
1882.69	48221.6
1881.88	48557.6
1881.06	48131.6
1880.25	48099
1879.44	48017.1
1878.62	48696.8
1877.81	48160.6
1876.99	48459.4
1876.18	48070.7
1875.36	48197.6
1874.55	48005.4
1873.73	48304
1872.92	48676.2
1872.1	48385.8
1871.29	48083.4
1870.47	48308.2
1869.66	48471.7
1868.84	48279.7
1868.02	47781.3
1867.21	47908
1866.39	48304.2
1865.58	48283.8
1864.76	47834.8
1863.94	48120.6
1863.13	48430.8
1862.31	48349.1
1861.49	47949.4
1860.67	48210.4
1859.86	47749.6
1859.04	47961.8
1858.22	47929.2
1857.4	48080.1
1856.59	47974.1
1855.77	48173.8
1854.95	47921.3
1854.13	47583.2
1853.31	47501.9
1852.49	48006.9
1851.68	47913.3
1850.86	47502.2
1850.04	47591.9
1849.22	47486.2
1848.4	47612.4
1847.58	47457.9
1846.76	47364.5
1845.94	47075.9
1845.12	47494.8
1844.3	47572.2
1843.48	47247.1
1842.66	47726.8
1841.84	47121.4
1841.02	47735
1840.2	47629.4
1839.38	47475.2
1838.56	47077.4
1837.74	47337.4
1836.91	47402.4
1836.09	47163.1
1835.27	47118.6
1834.45	46952.4
1833.63	47406.8
1832.81	46912.2
1831.98	47025.9
1831.16	47492.2
1830.34	46766.8
1829.52	47074.9
1828.69	46933.3
1827.87	46986.1
1827.05	46880.9
1826.22	46569.2
1825.4	46767.9
1824.58	47233.6
1823.75	46824.9
1822.93	46962.7
1822.11	46833.3
1821.28	46910.3
1820.46	46999.5
1819.64	47185.6
1818.81	46571.1
1817.99	46842.2
1817.16	46894.9
1816.34	47335.5
1815.51	46600.1
1814.69	46895.3
1813.86	46487.4
1813.04	47024.8
1812.21	46471.6
1811.39	46209.4
1810.56	46867.6
1809.73	46399.6
1808.91	45992.2
1808.08	46299.1
1807.26	46557.5
1806.43	46089.8
1805.6	46239.3
1804.78	46485.5
1803.95	46066.4
1803.12	46119
1802.29	46461.8
1801.47	45849.5
1800.64	45902.2
1799.81	45761.5
1798.98	46357.8
1798.16	45903
1797.33	46390.4
1796.5	46551.6
1795.67	46133.2
1794.84	45992.5
1794.02	45996.8
1793.19	46073.5
1792.36	45848.5
1791.53	45997.5
1790.7	45953.5
1789.87	46186.9
1789.04	46034.4
1788.21	45966.3
1787.38	45765.6
1786.55	45745.8
1785.72	45701.9
1784.89	46091.7
1784.06	45806.8
1783.23	45907.4
1782.4	45779.2
1781.57	45699.2
1780.74	45920.1
1779.91	46116.9
1779.08	45591.7
1778.25	45752.3
1777.42	45888.9
1776.58	45448.2
1775.75	45668.9
1774.92	45913.6
1774.09	45749.5
1773.26	45741.8
1772.42	45926.2
1771.59	45930.4
1770.76	45394.1
1769.93	44845.9
1769.09	45558.8
1768.26	45683.1
1767.43	45279.2
1766.6	45715.6
1765.76	45047.8
1764.93	45544
1764.09	45248.4
1763.26	44976.8
1762.43	45580.8
1761.59	45525
1760.76	45601.2
1759.92	44982.2
1759.09	45034.4
1758.26	44930.9
1757.42	44755.6
1756.59	45263
1755.75	45183.4
1754.92	45008.1
1754.08	45503.2
1753.24	44992.8
1752.41	45380
1751.57	45216.8
1750.74	44802.3
1749.9	44639.2
1749.07	44703.3
1748.23	44982.7
1747.39	44891.3
1746.56	44608.8
1745.72	45354.1
1744.88	44593.6
1744.05	44645.7
1743.21	44888.9
1742.37	44881.3
1741.53	44205
1740.7	44484
1739.86	43843.7
1739.02	44588.1
1738.18	44628.3
1737.34	44763.8
1736.51	44434.1
1735.67	44056.8
1734.83	44395.1
1733.99	44482.9
1733.15	44356.1
1732.31	44384.3
1731.47	44329.1
1730.63	44071.3
1729.79	44159.1
1728.95	44139.7
1728.11	43917.8
1727.27	44160.3
1726.43	44438.5
1725.59	44014.3
1724.75	44435.2
1723.91	44177.8
1723.07	43658.7
1722.23	43984.3
1721.39	43786.5
1720.55	43838.5
1719.71	44033.1
1718.87	43823.5
1718.03	44101.3
1717.18	43784.8
1716.34	43575.4
1715.5	43995.5
1714.66	43655.5
1713.82	43707.4
1712.97	43331.9
1712.13	43431.3
1711.29	43435.8
1710.45	43475.8
1709.6	43693.8
1708.76	43330.5
1707.92	43465.4
1707.07	43351.3
1706.23	43486.1
1705.39	43751.3
1704.54	43506.8
1703.7	42930.6
1702.85	43610.4
1702.01	43117.3
1701.17	43382.3
1700.32	43422.3
1699.48	42846.6
1698.63	43537.6
1697.79	43009.4
1696.94	43629.2
1696.1	43124.9
1695.25	43070.2
1694.41	42932.7
1693.56	43138.2
1692.71	43343.7
1691.87	42686.1
1691.02	43387.9
1690.18	43085.1
1689.33	42770.5
1688.48	43023.1
1687.64	43181.1
1686.79	42701.3
1685.94	43036.4
1685.1	42710.3
1684.25	42974.5
1683.4	42648.5
1682.55	42712
1681.71	42952.4
1680.86	42756.3
1680.01	42866.9
1679.16	42505.9
1678.31	42522.2
1677.47	42821.3
1676.62	42590.1
1675.77	42500.3
1674.92	42528.4
1674.07	42768.5
1673.22	42666.9
1672.37	42836.2
1671.52	42840.7
1670.67	42456.7
1669.82	42378.8
1668.97	42406.8
1668.12	42328.9
1667.27	42474.6
1666.42	42796.6
1665.57	42659.9
1664.72	42523.3
1663.87	42939.2
1663.02	42626.2
1662.17	42336.9
1661.32	42670.4
1660.47	42545.6
1659.62	42467.8
1658.76	42624.9
1657.91	42488.5
1657.06	42716
1656.21	42086.6
1655.36	42396.2
1654.5	42306.8
1653.65	42792.2
1652.8	42221.9
1651.95	42331.9
1651.09	42453.6
1650.24	42317.4
1649.39	42181.2
1648.53	41787.3
1647.68	42037.9
1646.83	42124.4
1645.97	42316.2
1645.12	42145
1644.26	42828.6
1643.41	42751
1642.56	42486.2
1641.7	42069.3
1640.85	41874.9
1639.99	42008
1639.14	42492.1
1638.28	42157.3
1637.43	41963
1636.57	41932.4
1635.72	41726.5
1634.86	41999.8
1634	42156.2
1633.15	41833.5
1632.29	41896.4
1631.43	41830.8
1630.58	42068.8
1629.72	41851.5
1628.87	41949.3
1628.01	42093.8
1627.15	42028.2
1626.29	41554.4
1625.44	41780.5
1624.58	41820
1623.72	41497.9
1622.86	41549.1
1622.01	41437.1
1621.15	41628
1620.29	41469.4
1619.43	41555.5
1618.57	41676.4
1617.71	41401.4
1616.86	41394.3
1616	41515.2
1615.14	41659.4
1614.28	41012.2
1613.42	41714.9
1612.56	41300.5
1611.7	41386.5
1610.84	40995.6
1609.98	41360.6
1609.12	41260.5
1608.26	41392.8
1607.4	41025.4
1606.54	41006.7
1605.68	41174
1604.82	41062.3
1603.96	41055.2
1603.09	40990.1
1602.23	41052.7
1601.37	41161.7
1600.51	40597.5
1599.65	40695
1598.79	41128.8
1597.92	40959.4
1597.06	40882.7
1596.2	41084.4
1595.34	40949.8
1594.47	40571.8
1593.61	41109.5
1592.75	40951.8
1591.89	41663.1
1591.02	41377.9
1590.16	41208.6
1589.29	41572
1588.43	41541.7
1587.57	41407.2
1586.7	42245
1585.84	42017.8
1584.97	41999
1584.11	41876.1
1583.25	41695.4
1582.38	42173.8
1581.52	41611.6
1580.65	42101.5
1579.79	41747.5
1578.92	41566.9
1578.06	42079.7
1577.19	41887.6
1576.32	41776.4
1575.46	42288.9
1574.59	42304.7
1573.73	41650.9
1572.86	41955.3
1571.99	41890.4
1571.13	41756.2
1570.26	42821.9
1569.39	45144.4
1568.52	41238.7
1567.66	40851.1
1566.79	40821
1565.92	40629.5
1565.05	40103.9
1564.19	40673.1
1563.32	40297.4
1562.45	40497.8
1561.58	40260.5
1560.71	40426.2
1559.84	40741.6
1558.98	40170.6
1558.11	40439.8
1557.24	40053.1
1556.37	40000.2
1555.5	39958.7
1554.63	40193.3
1553.76	40324.4
1552.89	39777.1
1552.02	40046.1
1551.15	40464.4
1550.28	40020.7
1549.41	40220.6
1548.54	40282.6
1547.67	39965.5
1546.8	40050.4
1545.93	40146.8
1545.06	39956.2
1544.18	40362.5
1543.31	39988.3
1542.44	39969.9
1541.57	40295.6
1540.7	39646.4
1539.82	39559.3
1538.95	40194.5
1538.08	39499.8
1537.21	40386.9
1536.33	39646.5
1535.46	39708.4
1534.59	39724.4
1533.72	39706.1
1532.84	39710.7
1531.97	39680.9
1531.1	39639.7
1530.22	39724.4
1529.35	39946.3
1528.47	39195.8
1527.6	39303.4
1526.72	39056.4
1525.85	39507
1524.98	39271.5
1524.1	39561.9
1523.23	39909.3
1522.35	39319.7
1521.48	39564.2
1520.6	39260.3
1519.72	39230.7
1518.85	39646.4
1517.97	39205.7
1517.1	39050.5
1516.22	39112.2
1515.34	39082.6
1514.47	39053
1513.59	38647
1512.71	38982.4
1511.84	39192.3
1510.96	39105.7
1510.08	38517.6
1509.21	38830
1508.33	39074
1507.45	38964.6
1506.57	38536.4
1505.69	38506.9
1504.82	38967.1
1503.94	38482.2
1503.06	38589.3
1502.18	38582.6
1501.3	38837.7
1500.42	39069.9
1499.54	38801.4
1498.66	38862.9
1497.79	38515
1496.91	38678.9
1496.03	38797.2
1495.15	38495
1494.27	38726.9
1493.39	38424.8
1492.51	38190.9
1491.63	38252.4
1490.74	38484.3
1489.86	38284.6
1488.98	38391.4
1488.1	38634.5
1487.22	38684.5
1486.34	38394.1
1485.46	38410.1
1484.58	38675.7
1483.69	38260.7
1482.81	38673.6
1481.93	38145.4
1481.05	38444.8
1480.17	38517.4
1479.28	37955.5
1478.4	38084.9
1477.52	38214.2
1476.63	38218.8
1475.75	38121.6
1474.87	37571.6
1473.98	38425.3
1473.1	38656.2
1472.22	38185.6
1471.33	37964
1470.45	37765.1
1469.56	38414.5
1468.68	38023.4
1467.79	37835.9
1466.91	38123.1
1466.02	37800.1
1465.14	38166.4
1464.25	38464.7
1463.37	38582.3
1462.48	38202.9
1461.6	38049.5
1460.71	38268.6
1459.83	38262
1458.94	37815.2
1458.05	38158.4
1457.17	37982.5
1456.28	37716.5
1455.39	38014.4
1454.51	37985.2
1453.62	38035
1452.73	37836.7
1451.85	37751.2
1450.96	37553.1
1450.07	38346.4
1449.18	37844.1
1448.29	37961.4
1447.41	37763.4
1446.52	37576.7
1445.63	37772.7
1444.74	37732.4
1443.85	37894.6
1442.96	37910.5
1442.07	37656.4
1441.18	37559.9
1440.3	37306
1439.41	37794.1
1438.52	37697.6
1437.63	37601.1
1436.74	37751.9
1435.85	37981.2
1434.96	37671.3
1434.06	37586.1
1433.17	37680.6
1432.28	37718.9
1431.39	37487.9
1430.5	37178.3
1429.61	37508.4
1428.72	37389.7
1427.83	37439.3
1426.94	37152.4
1426.04	37392.6
1425.15	37273.9
1424.26	37424.3
1423.37	37597.1
1422.47	37512.1
1421.58	37348.7
1420.69	37409.4
1419.8	37066.9
1418.9	37385.1
1418.01	37624.9
1417.12	37282.5
1416.22	37477.4
1415.33	37303.1
1414.43	37352.5
1413.54	37278.8
1412.65	37384.2
1411.75	36975.1
1410.86	37348.7
1409.96	36816.9
1409.07	37145.7
1408.17	37094.5
1407.28	36931.6
1406.38	37081.5
1405.49	36840.6
1404.59	36711.3
1403.7	36972.8
1402.8	36865.9
1401.9	36457.7
1401.01	36774.9
1400.11	37080.8
1399.21	36472
1398.32	36811.3
1397.42	36693.4
1396.52	36564.4
1395.63	36379.6
1394.73	36529.3
1393.83	36634.3
1392.93	36360.5
1392.04	36677.2
1391.14	36392.3
1390.24	36308
1389.34	36546.6
1388.44	36373.2
1387.54	36444.8
1386.65	36449.5
1385.75	36276.2
1384.85	36392.2
1383.95	36241.3
1383.05	36624.1
1382.15	36362
1381.25	36177.8
1380.35	36804.9
1379.45	36409.6
1378.55	36325.4
1377.65	36385.7
1376.75	36068.4
1375.85	36361.8
1374.95	36300
1374.05	36182.6
1373.15	36165.2
1372.24	36169.9
1371.34	36074.8
1370.44	36201.6
1369.54	36195.3
1368.64	36133.5
1367.73	36337.8
1366.83	36409
1365.93	36435.8
1365.03	36252.2
1364.13	36068.6
1363.22	35896.1
1362.32	36067
1361.42	36193.5
1360.51	35589.4
1359.61	35848.8
1358.71	36097
1357.8	36157.1
1356.9	36051.1
1355.99	36033.8
1355.09	35916.9
1354.18	35987.9
1353.28	36224.8
1352.38	35798.5
1351.47	36201
1350.57	36261
1349.66	36155.2
1348.75	36060.5
1347.85	35833.3
1346.94	35827
1346.04	36218.1
1345.13	36046.2
1344.22	35708.8
1343.32	35823.9
1342.41	35972
1341.51	35921.6
1340.6	35915.3
1339.69	35909
1338.78	36012.9
1337.88	36182.9
1336.97	35625.6
1336.06	35597.3
1335.15	35877.4
1334.25	35970.2
1333.34	35919.9
1332.43	35869.5
1331.52	36061.4
1330.61	35889.9
1329.7	35982.6
1328.79	35987.3
1327.89	35739
1326.98	35600.7
1326.07	36397.2
1325.16	35973
1324.25	35560
1323.34	35993.3
1322.43	35899.1
1321.52	35870.8
1320.61	35710.7
1319.7	35880.1
1318.79	35500.5
1317.88	35724.8
1316.96	35872.1
1316.05	36019.5
1315.14	35738.8
1314.23	35930
1313.32	35978.5
1312.41	36147.7
1311.49	35922
1310.58	35882.8
1309.67	35701.1
1308.76	35826.3
1307.85	35568
1306.93	35309.7
1306.02	35380.2
1305.11	35538.2
1304.19	35433.4
1303.28	35657.1
1302.37	35289.6
1301.45	35272.4
1300.54	35156.8
1299.62	35106.8
1298.71	35231.9
1297.8	35455.3
1296.88	35274.1
1295.97	35421
1295.05	35425.6
1294.14	35189.9
1293.22	35675.4
1292.31	35155.6
1291.39	35073
1290.47	34837.4
1289.56	35038.8
1288.64	34825.2
1287.73	34971.8
1286.81	34660.1
1285.89	34948.6
1284.98	34691.5
1284.06	34707.2
1283.14	34363
1282.23	35218.3
1281.31	35005
1280.39	35020.6
1279.47	35188.8
1278.56	34844.8
1277.64	34511.8
1276.72	34669.1
1275.8	34739.2
1274.88	35125
1273.96	34531
1273.05	34709.9
1272.13	34344.7
1271.21	35089.3
1270.29	34930.8
1269.37	34718
1268.45	34592.3
1267.53	34629.6
1266.61	34786.6
1265.69	34313.1
1264.77	34654.7
1263.85	34594.3
1262.93	34294.9
1262.01	34191.1
1261.09	34467.4
1260.17	34635
1259.25	34259.8
1258.32	34199.4
1257.4	34518.9
1256.48	34274.2
1255.56	34517.6
1254.64	34056
1253.71	34548.8
1252.79	34499.3
1251.87	34406.4
1250.95	34454.6
1250.02	34231.7
1249.1	34474.9
1248.18	34544.6
1247.25	34018.6
1246.33	34283.3
1245.41	34396.3
1244.48	34054.7
1243.56	34903.6
1242.64	34497.1
1241.71	34501.8
1240.79	34506.5
1239.86	34219.2
1238.94	34332.1
1238.01	34488.2
1237.09	34287.5
1236.16	34335.5
1235.24	34351
1234.31	34431.3
1233.39	34587.3
1232.46	34138.4
1231.53	34251.1
1230.61	34460.9
1229.68	34325.3
1228.75	34254.5
1227.83	34582.9
1226.9	34479.7
1225.97	34322.5
1225.05	34575.3
1224.12	34472.1
1223.19	34250.4
1222.26	34244.3
1221.34	33947.3
1220.41	34275.3
1219.48	33956.8
1218.55	34273.9
1217.62	34170.9
1216.69	34347.9
1215.76	33965
1214.84	34088.1
1213.91	34017.5
1212.98	33656.4
1212.05	33897.8
1211.12	34236
1210.19	33810.5
1209.26	34008.8
1208.33	33841.5
1207.4	33824.8
1206.47	33743.6
1205.54	33651.6
1204.6	33924.9
1203.67	33961.9
1202.74	33612.2
1201.81	33745.8
1200.88	33793.5
1199.95	33776.8
1199.02	33684.9
1198.08	33614.6
1197.15	33876.8
1196.22	33752.8
1195.29	33714.6
1194.35	33848
1193.42	33552.5
1192.49	33471.6
1191.56	33251.3
1190.62	33652.5
1189.69	33742.9
1188.75	33587
1187.82	33420.4
1186.89	33489.4
1185.95	33494.2
1185.02	33894.9
1184.08	33268.2
1183.15	33733.1
1182.21	33769.9
1181.28	33207.7
1180.34	33597.4
1179.41	33388.3
1178.47	33435.8
1177.54	33333.7
1176.6	33477.4
1175.67	33588.9
1174.73	33155.7
1173.79	33758.5
1172.86	33346.8
1171.92	33799.9
1170.98	33292.2
1170.05	33350.3
1169.11	33696.5
1168.17	33541.1
1167.23	33492.5
1166.3	33294.6
1165.36	33416.6
1164.42	33432
1163.48	33500.6
1162.54	33462.7
1161.61	33499.3
1160.67	33450.8
1159.73	32741.8
1158.79	33162
1157.85	33017.6
1156.91	33075.6
1155.97	33378.4
1155.03	33617.2
1154.09	33504.8
1153.15	33275.5
1152.21	33046.2
1151.27	33008.4
1150.33	33332.1
1149.39	33560
1148.45	33288.3
1147.51	33027.3
1146.57	33212.7
1145.62	33323.6
1144.68	33572.6
1143.74	33513.5
1142.8	33242.1
1141.86	33246.8
1140.92	33272.7
1139.97	33277.4
1139.03	33122.9
1138.09	33307.9
1137.14	33005
1136.2	32818.9
1135.26	33279.5
1134.31	33019.2
1133.37	33288.8
1132.43	32922.6
1131.48	32800.2
1130.54	32857.9
1129.6	32862.6
1128.65	33110.9
1127.71	32935.6
1126.76	32781.5
1125.82	32945
1124.87	33023.7
1123.93	33091.9
1122.98	33128.3
1122.04	33132.9
1121.09	33338.5
1120.14	33290.2
1119.2	32766.4
1118.25	33067
1117.31	33050.5
1116.36	33129.1
1115.41	32890.8
1114.46	33265.1
1113.52	32646.8
1112.57	33200.5
1111.62	33131.2
1110.68	33357.4
1109.73	33488.6
1108.78	32839.1
1107.83	32886
1106.88	33027.8
1105.93	32652.8
1104.99	33100.3
1104.04	32851.9
1103.09	33025.2
1102.14	33093
1101.19	32518.3
1100.24	33102.3
1099.29	33117.4
1098.34	32879.9
1097.39	33031.9
1096.44	33110.2
1095.49	32746.5
1094.54	32961.5
1093.59	32924.1
1092.64	33065.4
1091.69	33133.1
1090.74	33074.6
1089.78	33152.8
1088.83	32915.6
1087.88	32710.1
1086.93	32767.3
1085.98	32876.9
1085.03	32745
1084.07	32823.1
1083.12	32974.7
1082.17	32821.9
1081.21	33088.9
1080.26	32894.1
1079.31	32751.8
1078.36	32651.5
1077.4	32435.9
1076.45	32451.1
1075.49	32854.1
1074.54	32617.6
1073.59	32538.4
1072.63	32438.3
1071.68	32872.5
1070.72	32898
1069.77	32557
1068.81	32676.8
1067.86	32670.9
1066.9	32884.8
1065.95	32449.9
1064.99	32925.4
1064.03	32605.6
1063.08	32442.9
1062.12	32426.6
1061.16	32870.4
1060.21	32540.4
1059.25	32461.4
1058.29	32497.4
1057.34	32773.6
1056.38	32757.3
1055.42	32532.1
1054.46	32620.2
1053.51	32457.8
1052.55	32253.6
1051.59	32477.4
1050.63	32555.1
1049.67	32351
1048.71	32804.2
1047.76	32224.7
1046.8	32573.4
1045.84	31942.1
1044.88	32374.1
1043.92	32264.1
1042.96	32216.6
1042	32450.4
1041.04	32548.7
1040.08	32428.3
1039.12	31922.7
1038.16	32010.7
1037.2	32150.6
1036.24	32394.6
1035.27	32232.7
1034.31	32351.7
1033.35	32408.3
1032.39	32308.9
1031.43	32240.7
1030.47	32193.3
1029.5	32291.5
1028.54	32192.1
1027.58	32124
1026.62	31910.5
1025.65	32382.5
1024.69	32376.7
1023.73	32028.2
1022.76	32261.2
1021.8	32494.1
1020.84	32228.8
1019.87	32160.8
1018.91	32103.1
1017.94	31972.9
1016.98	32050.1
1016.02	32510.8
1015.05	32121.5
1014.09	32053.5
1013.12	32265.3
1012.16	32124.8
1011.19	32046.5
1010.22	32216.8
1009.26	31662.3
1008.29	31894.7
1007.33	32085.6
1006.36	31903.9
1005.39	32301.6
1004.43	32099.3
1003.46	31990
1002.49	32294.5
1001.53	32030.2
1000.56	32220.8
999.591	32556.1
998.623	31682.2
997.655	32182.7
996.687	32507.5
995.719	32181.5
994.75	31865.9
993.782	32231.8
992.813	32277.6
991.844	31993.1
990.875	31925.4
989.906	31971.3
988.936	32285.3
987.966	31877.2
986.997	31830.2
986.027	32113.1
985.056	32004.3
984.086	32080.9
983.115	32147.3
982.145	32203.3
981.174	32146
980.203	31996
979.232	31701.9
978.26	32046.2
977.289	32050.7
976.317	31942
975.345	31823.1
974.373	31909.9
973.4	31832.1
972.428	32021.8
971.455	32005.7
970.483	31691.5
969.51	32045.5
968.536	31895.9
967.563	31931.2
966.59	32069.2
965.616	32053.2
964.642	32078.2
963.668	32175.1
962.694	32138.4
961.719	32081.3
960.745	31911.3
959.77	31813.2
958.795	31807.5
957.82	32181.2
956.845	31826.7
955.869	32425.8
954.894	32071.5
953.918	31983.7
952.942	31916.4
951.966	32023.3
950.989	31884.4
950.013	31766
949.036	31831.9
948.059	32030.9
947.082	31615.7
946.105	31610
945.128	32320.4
944.15	31874.7
943.172	32226.9
942.194	31791.6
941.216	31959.6
940.238	31974.3
939.259	32111.6
938.281	32177.3
937.302	31660.6
936.323	31583.4
935.344	31812.6
934.364	31960
933.385	31647.9
932.405	32050.5
931.425	31840.5
930.445	31620.5
929.465	31747.4
928.485	32149.6
927.504	31827.7
926.523	31832.1
925.542	31816.1
924.561	31372.1
923.58	31865.7
922.598	31778.4
921.617	31721.8
920.635	31756.7
919.653	31873.2
918.671	31755.4
917.688	32105.9
916.706	31967.8
915.723	31504.1
914.74	31539.1
913.757	31747
912.774	31639.5
911.79	31542.2
910.807	31770.3
909.823	31662.9
908.839	31758.8
907.855	31560
906.87	31503.5
905.886	31883.7
904.901	31725.6
903.916	31902.6
902.931	31440
901.946	31606.8
900.961	31783.7
899.975	31341.7
898.989	31589.6
898.003	31360.7
897.017	31841.8
896.031	31542
895.044	31536.2
894.058	31419
893.071	31484.2
892.084	31802.7
891.097	31695.6
890.109	31497.5
889.122	31785.4
888.134	31648
887.146	31439.8
886.158	31535.3
885.17	31742
884.181	31776.7
883.193	31781.1
882.204	31674.2
881.215	31617.8
880.226	31824.4
879.236	31333.4
878.247	31701.6
877.257	31433.2
876.267	31730.5
875.277	31744.9
874.287	31678.6
873.296	31773.8
872.306	31788.2
871.315	31489.7
870.324	31383.1
869.333	31780.9
868.341	31855.8
867.35	31769.3
866.358	31592.1
865.366	31747.7
864.374	31701.6
863.382	31665.6
862.39	31659.8
861.397	31895.8
860.404	31819.5
859.411	31541.8
858.418	31435.4
857.425	31631
856.431	31685.6
855.438	31367.9
854.444	31674.1
853.45	31336.3
852.455	31340.7
851.461	31516
850.466	31630.9
849.472	31584.9
848.477	31790.2
847.481	31623.6
846.486	31778.6
845.491	31672.4
844.495	31646.5
843.499	31560.4
842.503	31343.8
841.507	31538.8
840.51	31603.3
839.514	31687.9
838.517	31491.5
837.52	31606.1
836.523	31790.9
835.526	31273.7
834.528	31638.9
833.53	31783.5
832.533	31597.3
831.534	31531.4
830.536	31525.7
829.538	31660.1
828.539	31644.3
827.54	31748.7
826.541	31292.4
825.542	31657
824.543	31441.1
823.543	31585.4
822.544	31289.6
821.544	31533.9
820.544	31618.1
819.544	31262.4
818.543	31656.6
817.543	31640.8
816.542	31495.1
815.541	31549.3
814.54	31793.2
813.538	31457.9
812.537	31601.9
811.535	31606.1
810.533	31260.9
809.531	31564.6
808.529	31419.1
807.526	31433.3
806.524	31647
805.521	31511.6
804.518	31336.3
803.515	31450.2
802.511	31444.5
801.508	31548.3
800.504	31652.1
799.5	31636.4
798.496	31570.8
797.492	31445.6
796.487	31808.2
795.483	31613.2
794.478	31328.8
793.473	31551.9
792.468	31337.2
791.462	31689.6
790.457	31345.6
789.451	31707.8
788.445	31592.6
787.439	31676.3
786.433	31541.3
785.426	31734.2
784.42	31668.8
783.413	31533.9
782.406	31428.8
781.399	31661.3
780.391	31744.9
779.384	31580.3
778.376	31475.3
777.368	32044.9
776.36	31612.5
775.351	31537.3
774.343	32066.9
773.334	31942.1
772.325	31747.9
771.316	31692.5
770.307	31716.5
769.297	31770.1
768.288	31784.1
767.278	32015.9
766.268	31911
765.258	31717.1
764.247	32077.5
763.237	31883.6
762.226	31749.1
761.215	31644.3
760.204	31668.2
759.193	31870.1
758.181	31765.3
757.17	31591.5
756.158	32069.9
755.146	31688.6
754.134	31574.1
753.121	32022.6
752.109	31848.9
751.096	31556.7
750.083	31600.2
749.07	31772.1
748.056	31805.7
747.043	31829.5
746.029	32336.6
745.015	34490.7
744.001	33488.3
742.987	31993.4
741.972	31691.8
740.958	31548
739.943	31837.8
738.928	31802.4
737.913	31717.8
736.897	31603.6
735.882	31568.3
734.866	31493.6
733.85	31802.7
732.834	31698.5
731.818	31574.6
730.801	31686.8
729.784	31307.2
728.767	31891.5
727.75	31403.9
726.733	31486.6
725.716	31412
724.698	31622.4
723.68	31606.7
722.662	31758.1
721.644	31467.4
720.626	31677.7
719.607	31691.5
718.588	31479.5
717.569	31827
716.55	31546.4
715.531	31579.8
714.511	31740.8
713.492	31666.3
712.472	31680.1
711.452	31478.2
710.432	31580.2
709.411	31682.2
708.39	31578.3
707.37	31592.1
706.349	31684.2
705.327	31982
704.306	31711.7
703.284	31725.5
702.263	31758.8
701.241	31576.8
700.219	31551.4
699.196	31545.6
698.174	31598.4
697.151	31749.1
696.128	31841
695.105	31717.8
694.082	31409
693.058	31676.8
692.035	31602.6
691.011	31645.6
689.987	31600.7
688.963	31760.8
687.938	32008.8
686.914	31592.9
685.889	31460.3
684.864	31620.3
683.839	31682.8
682.813	31852.5
681.788	31641.8
680.762	31714
679.736	32127.2
678.71	31858.2
677.684	31784.1
676.657	31865.9
675.631	31791.8
674.604	31902.8
673.577	31955.4
672.549	31959.2
671.522	32186.9
670.494	32073.9
669.466	31815
668.438	31604.8
667.41	32270.1
666.382	31700.1
665.353	32054
664.325	31639.8
663.296	31546.5
662.266	31880.7
661.237	31972
660.208	31713.5
659.178	31785.4
658.148	32070.8
657.118	31676.5
656.088	31622.2
655.057	31878.3
654.026	31930.6
652.996	31818
651.964	31705.5
650.933	31835.3
649.902	31926.4
648.87	31939.9
647.838	31788.6
646.806	31928.1
645.774	31689.6
644.742	32061.5
643.709	32443
642.676	32020.6
641.643	32121.2
640.61	32057.2
639.577	32254.5
638.543	31996.9
637.51	32010.3
636.476	32178.5
635.442	31998.5
634.407	31982.9
633.373	31986.6
632.338	31710.1
631.303	32322.7
630.268	32065.5
629.233	31798.7
628.197	31899.1
627.162	31806.3
626.126	31732.8
625.09	31948.9
624.054	32174.6
623.017	31946.7
621.981	31998.7
620.944	32243.5
619.907	32025.4
618.87	32164.1
617.832	31897.8
616.795	32007.6
615.757	32117.3
614.719	31947.5
613.681	31932
612.643	31849
611.604	32151.2
610.565	32212.6
609.526	32245.2
608.487	32037.1
607.448	32281.3
606.409	32179.1
605.369	31980.8
604.329	31926.7
603.289	32382.3
602.249	32510.9
601.208	32245.4
600.168	32585.3
599.127	32339.1
598.086	32304.2
597.044	32394.3
596.003	32378.7
594.961	32343.8
593.92	32261
592.878	32149.5
591.835	31874.9
590.793	32377.4
589.75	32217.9
588.708	32317.4
587.665	31832
586.621	32161.6
585.578	32136.4
584.535	32092.1
583.491	31980.8
582.447	31668.3
581.403	32275.4
580.358	32183.2
579.314	32091
578.269	32094.6
577.224	31926
576.179	32015.7
575.134	32038.5
574.088	32022.9
573.043	31978.7
571.997	31972.8
570.951	31833
569.904	31683.7
568.858	31859.4
567.811	31815.2
566.764	32115
565.717	32233.2
564.67	32141.2
563.623	32116.1
562.575	32425.2
561.527	32371.4
560.479	32489.4
559.431	32044.5
558.382	32162.6
557.334	31860.9
556.285	32455.7
555.236	32211.3
554.187	32205.3
553.137	32590
552.088	32669.7
551.038	32701.7
549.988	32733.7
548.938	32918
547.887	32969
546.837	32924.8
545.786	32947.2
544.735	33036.2
543.684	32792.2
542.633	33023.9
541.581	32561.3
540.529	32479.1
539.477	32596.7
538.425	32200.9
537.373	32137.9
536.32	32084.4
535.268	32078.4
534.215	32395.3
533.161	32028.5
532.108	32687
531.055	32168.4
530.001	32257.3
528.947	32308.2
527.893	32150.4
526.839	32115.9
525.784	31901.3
524.729	32018.6
523.674	31993.6
522.619	31949.8
521.564	31877.5
520.509	32032.6
519.453	31780.3
518.397	31708.1
517.341	31777.9
516.285	32065.4
515.228	32059.5
514.172	31968.3
513.115	31782.5
512.058	31814.4
511	31657.2
509.943	31641.8
508.885	31721
507.827	31573.2
506.769	31680.7
505.711	31608.7
504.653	31839
503.594	31663
502.535	31515.4
501.476	31603.9
500.417	31324.2
499.357	31686.5
498.298	31897.6
497.238	31580.3
496.178	31470.6
495.118	31681.7
494.057	31553.1
492.997	31518.9
491.936	31579
490.875	31478.9
489.813	31746.2
488.752	31495.4
487.69	31498.9
486.629	31973.3
485.567	31600.1
484.504	31867.2
483.442	31672.9
482.379	31356.5
481.316	31886.9
480.253	31476.4
479.19	31583.4
478.127	32038.3
477.063	31543.3
475.999	31640.8
474.935	31409.4
473.871	31516.2
472.807	31660.6
471.742	31664.1
470.677	31573.6
469.612	31445.7
468.547	31665.1
467.482	31846.8
466.416	31934.7
465.35	31769.2
464.284	31735.1
463.218	31710.4
462.152	31620.1
461.085	31501.6
460.018	31730.1
458.951	31546.1
457.884	31699.4
456.817	31553
455.749	31903
454.681	31897
453.613	31656.9
452.545	31856.9
451.477	32028.8
450.408	31639.1
449.339	31857.7
448.27	31851.7
447.201	31733.5
446.131	31970.7
445.062	31749.6
443.992	31668.9
442.922	31924.6
441.852	31909.3
440.781	31725.8
439.711	31785.2
438.64	31807.3
437.569	31838.6
436.498	31842
435.426	32013.3
434.355	31680.7
433.283	31908
432.211	31827.4
431.138	31802.7
430.066	31824.7
428.993	31613.7
427.921	31728.9
426.848	32030.5
425.774	31670.4
424.701	31990.5
423.627	31788.8
422.553	31633.9
421.479	32354.1
420.405	32134
419.331	31625.3
418.256	31786.9
417.181	32004.2
416.106	31737.7
415.031	32178.1
413.955	31772.2
412.88	31887.1
411.804	32076.3
410.728	31865.8
409.651	32120
408.575	31881.7
407.498	31847.8
406.421	31860.4
405.344	31743
404.267	32154.7
403.189	32130.1
402.112	32281.8
401.034	31728.4
399.956	31935.7
398.877	31892.6
397.799	31701.2
396.72	31973.3
395.641	31939.5
394.562	31868.6
393.483	31732.9
392.403	31652.8
391.324	31767.2
390.244	31714.9
389.164	31671.9
388.083	31925.1
387.003	31771
385.922	32125.9
384.841	31601.8
383.76	31484.8
382.678	31867.3
381.597	31787.3
380.515	31467
379.433	31627.4
378.351	31510.6
377.269	31670.9
376.186	31831.2
375.103	31779
374.02	32022.3
372.937	31499.3
371.854	31945.6
370.77	31468.9
369.686	31712.1
368.602	32075.1
367.518	31847.7
366.434	31887.8
365.349	31891
364.264	31599.2
363.179	31749.9
362.094	31872.9
361.008	31470.8
359.923	31658.3
358.837	31808.8
357.751	31968.6
356.664	31631.1
355.578	31744.8
354.491	31702
353.404	31788
352.317	31671.6
351.23	31408.1
350.142	31871.1
349.055	31736.4
347.967	31629.3
346.879	31384.3
345.79	31782.7
344.702	31923.7
343.613	31789
342.524	31250.4
341.435	31777
340.346	31862.8
339.256	31590.6
338.166	31520.4
337.076	31569.5
335.986	31508.4
334.896	31823.5
333.805	31679.9
332.714	31618.9
331.623	31805.4
330.532	31606.9
329.441	31875.8
328.349	31787.3
327.257	31891.2
326.165	31912.7
325.073	31567.9
323.981	32129.4
322.888	31693.2
321.795	31824.4
320.702	31580.5
319.609	31620.3
318.515	31458.8
317.421	31727.2
316.328	31620.6
315.233	31504.9
314.139	31599.5
313.045	31465.6
311.95	31541.8
310.855	31636.3
309.76	31475.1
308.664	31341.3
307.569	31161.9
306.473	31311.1
305.377	31223.1
304.281	31472.6
303.184	31512.2
302.088	31314.7
300.991	31627.9
299.894	31375.8
298.797	31242.2
297.699	31418.6
296.602	31494.6
295.504	31470.4
294.406	31054.6
293.307	31331
292.209	31388.7
291.11	31492
290.011	31040.1
288.912	31352.7
287.813	31455.9
286.713	31549.9
285.614	31543.9
284.514	31356.1
283.414	31359.3
282.313	31462.4
281.213	31165.6
280.112	31568.5
279.011	31489.8
277.91	31883.4
276.808	31269
275.707	31644.4
274.605	31611.1
273.503	31478.1
272.401	31417.6
271.298	31656.6
270.195	31650.6
269.093	31472.3
267.989	31783.6
266.886	31532.8
265.783	31626.5
264.679	31738.2
263.575	31967.7
262.471	31517.9
261.367	31530
260.262	31451.5
259.157	31418.4
258.052	31484.8
256.947	31668.8
255.842	31699
254.736	31783.4
253.63	32356.1
252.524	32024.5
251.418	32117.8
250.312	31994.2
249.205	31482.1
248.098	31449
246.991	31172
245.884	31274.4
244.776	31223.3
243.668	31551.4
242.56	31328.8
241.452	31106.2
240.344	31380
239.235	31058.3
238.127	31322.9
237.018	31046.4
235.908	30995.4
234.799	31232.9
233.689	31028.7
232.58	31293.1
231.47	30980.8
230.359	30569.6
229.249	30960
228.138	31017.1
227.027	30615.1
225.916	30915.3
224.805	30828.4
223.693	30759.5
222.582	31104.5
221.47	30684.9
220.357	30795.9
219.245	30852.9
218.133	30694.3
217.02	30724.3
215.907	30952.1
214.794	30757.5
213.68	30697.8
212.566	30871.5
211.453	30443.6
210.338	30823.8
209.224	31078.2
208.11	30731.3
206.995	30913.8
205.88	30638.8
204.765	30794.4
203.65	30770.5
202.534	30594.4
201.418	30722.9
200.302	30941.1
199.186	30469.3
198.07	30454.5
196.953	30448.7
195.836	30577.2
194.719	30401.3
193.602	30726.6
192.484	30541.8
191.367	30598.5
190.249	30861
189.131	30622.6
188.012	30527.3
186.894	30512.6
185.775	30569.3
184.656	30474.1
183.537	30244.9
182.417	30310.5
181.298	30313.7
180.178	30477.5
179.058	30319.9
177.938	30349.8
176.817	30433.3
175.696	30231.1
174.575	30323.5
173.454	30175
172.333	30187
171.211	30074.2
170.09	29979.3
168.968	29955.8
167.845	29771.8
166.723	29979.9
165.6	30205.8
164.478	29781.4
163.354	30229.8
162.231	29734.4
161.108	29888.9
159.984	30034.5
158.86	30019.8
157.736	29711.6
156.612	30052.8
155.487	29922.5
154.362	29481.1
153.237	30231
152.112	30251.9
150.987	29899.6
149.861	29813.9
148.735	29879.2
147.609	29980
146.483	30498.1
145.356	30412.4
144.229	30353.3
143.102	30285.4
141.975	30306.2
140.848	30176.2
139.72	30418.7
138.592	30474.9
137.464	30327.2
136.336	30312.5
135.208	30005.4
134.079	29919.9
132.95	30064.8
131.821	30298.1
130.692	30106.3
129.562	29932.4
128.432	29457.5
127.302	29823.5
126.172	29764.7
125.042	30006.7
123.911	29576.4
122.78	29429.2
121.649	29485.4
120.518	29577
119.386	29650.8
118.255	29689.3
117.123	29772
115.991	29607.2
114.858	29486.8
113.726	29604.7
112.593	29078.2
111.46	29107.9
110.327	28749.3
109.193	28540.9
108.06	28191.4
106.926	27401
105.791	27122.4
104.657	26191.5
103.523	25014.2
102.388	23537.8
101.253	21233.7
100.118	19080.2
98.9822	15853.1
97.8466	13296.4
96.7107	10573.4
95.5746	8617.32
94.4383	7040.38
93.3018	5886.38
92.165	5295.84
91.0281	4670.35
89.8909	4150.62
88.7535	3947.61
87.6159	3814.99
86.478	3691.22
85.34	3629
84.2017	3478.95
83.0632	3425.58
81.9245	3319.54
80.7856	3389.14
79.6464	3300.7
78.5071	3282.51
77.3675	3308.2
76.2277	3175.96
75.0876	3236.75
73.9474	3227.36
72.8069	3226.74
71.6662	3226.11
70.5253	3190.43
69.3842	3181.05
68.2428	3250.53
67.1012	3144.79
65.9594	3179.21
64.8174	3108.55
63.6752	3160.48
62.5327	3168.62
61.3901	3141.75
60.2472	3193.64
59.1041	3140.54
57.9607	3113.69
56.8172	3191.79
55.6734	3156.21
54.5294	3199.3
53.3852	3189.95
52.2407	3136.9
51.0961	3092.62
