-0.9561,       0
-0.9461,       0
-0.9361,       0
-0.9261,       0
-0.9161,       0
-0.9061,       0
-0.8961,       0
-0.8861,       0
-0.8761,       0
-0.8661,       0
-0.8561,       0
-0.8461,       0
-0.8361,       0
-0.8261,       0
-0.8161,       0
-0.8061,       0
-0.7961,       0
-0.7861,       0
-0.7761,       0
-0.7661,       0
-0.7561,       0
-0.7461,       0
-0.7361,       0
-0.7261,       0
-0.7161,       0
-0.7061,       0
-0.6961,       0
-0.6861,       0
-0.6761,       0
-0.6661,       0
-0.6561,       0
-0.6461,       0
-0.6361,       0
-0.6261,       0
-0.6161,       0
-0.6061,       0
-0.5961,       0
-0.5861,       0
-0.5761,       0
-0.5661,       0
-0.5561,       0
-0.5461,       0
-0.5361,       0
-0.5261,       0
-0.5161,       0
-0.5061,       0
-0.4960,       0
-0.4860,       0
-0.4760,       0
-0.4660,       0
-0.4560,       0
-0.4460,       0
-0.4360,       0
-0.4260,       0
-0.4160,       0
-0.4060,       0
-0.3960,       0
-0.3860,       0
-0.3760,       0
-0.3660,       0
-0.3560,       0
-0.3460,       0
-0.3360,       0
-0.3260,       0
-0.3160,       0
-0.3060,       0
-0.2960,       0
-0.2860,       0
-0.2760,       0
-0.2660,       0
-0.2560,      -1
-0.2460,      -1
-0.2360,      -1
-0.2260,       0
-0.2160,       0
-0.2060,      -2
-0.1960,       3
-0.1860,      -2
-0.1760,       3
-0.1660,      -5
-0.1560,       2
-0.1460,      -2
-0.1360,       0
-0.1260,      16
-0.1160,      -5
-0.1060,     -19
-0.0960,      31
-0.0860,      20
-0.0760,      23
-0.0660,     -98
-0.0560,     124
-0.0460,      87
-0.0360,     -38
-0.0260,     482
-0.0160,     153
-0.0060,    -113
 0.0040,    -442
 0.0140,    -103
 0.0240,     233
 0.0340,    -150
 0.0440,     129
 0.0540,    -263
 0.0640,     -62
 0.0740,     112
 0.0840,      56
 0.0940,       0
 0.1040,      26
 0.1140,       5
 0.1240,     -15
 0.1340,       9
 0.1440,      -1
 0.1540,       0
 0.1640,       2
 0.1740,      -1
 0.1840,       3
 0.1940,       0
 0.2040,       2
 0.2140,       0
 0.2240,       1
 0.2340,       0
 0.2440,      -1
 0.2540,       0
 0.2640,       0
 0.2740,       1
 0.2840,       0
 0.2940,       1
 0.3040,      -1
 0.3140,     -14
 0.3240,     -14
 0.3340,       4
 0.3440,      -8
 0.3540,     -12
 0.3640,      -1
 0.3740,     -14
 0.3840,     -25
 0.3940,       8
 0.4040,      -7
 0.4140,       1
 0.4240,     -10
 0.4340,     -22
 0.4440,       9
 0.4540,     -10
 0.4640,      -1
 0.4740,       3
 0.4840,      -6
 0.4940,     -11
 0.5041,     -13
 0.5141,      -4
 0.5241,     -21
 0.5341,      -2
 0.5441,       0
 0.5541,      -5
 0.5641,      -4
 0.5741,      -2
 0.5841,      -1
 0.5941,       8
 0.6041,       5
 0.6141,       8
 0.6241,      12
 0.6341,       9
 0.6441,       5
 0.6541,       7
 0.6641,       2
 0.6741,       1
 0.6841,      -4
 0.6941,      -6
 0.7041,       7
 0.7141,       4
 0.7241,      -1
 0.7341,      -9
 0.7441,       6
 0.7541,      -6
 0.7641,      -3
 0.7741,      -3
 0.7841,       8
 0.7941,     -10
 0.8041,      -8
 0.8141,       3
 0.8241,     -16
 0.8341,       0
 0.8441,       1
 0.8541,     -10
 0.8641,       4
 0.8741,     -10
 0.8841,     -17
 0.8941,      -8
 0.9041,     -10
 0.9141,     -10
 0.9241,      -4
 0.9341,     -17
 0.9441,      -5
 0.9541,     -18
 0.9641,      -2
 0.9741,     -11
 0.9841,     -14
 0.9941,       1
 1.0041,     -11
 1.0141,      -5
 1.0241,     -13
 1.0341,       0
 1.0441,     -12
 1.0541,     -10
 1.0641,      -6
 1.0741,     -16
 1.0841,      -7
 1.0941,     -21
 1.1041,      -9
 1.1141,      -4
 1.1241,      -8
 1.1341,     -21
 1.1441,       7
 1.1541,       0
 1.1641,      -4
 1.1741,      -8
 1.1841,       1
 1.1941,      -5
 1.2041,      -6
 1.2141,     -15
 1.2241,      -9
 1.2341,      -6
 1.2441,       1
 1.2541,     -14
 1.2641,      -4
 1.2741,      -2
 1.2841,     -12
 1.2941,      -2
 1.3041,     -11
 1.3141,       2
 1.3241,      -6
 1.3341,       8
 1.3441,      -2
 1.3541,      -4
 1.3641,      -2
 1.3741,      -1
 1.3841,       4
 1.3941,     -12
 1.4041,      -1
 1.4141,       6
 1.4241,      -8
 1.4341,      -1
 1.4441,      -1
 1.4541,     -10
 1.4641,      -9
 1.4741,       2
 1.4841,      -3
 1.4941,      -8
 1.5042,      -7
 1.5142,      -4
 1.5242,     -11
 1.5342,       0
 1.5442,     -10
 1.5542,      -4
 1.5642,      -3
 1.5742,       1
 1.5842,       2
 1.5942,       0
 1.6042,      -7
 1.6142,     -13
 1.6242,     -16
 1.6342,      -8
 1.6442,       0
 1.6542,      -1
 1.6642,      -3
 1.6742,     -11
 1.6842,      -1
 1.6942,     -11
 1.7042,       7
 1.7142,      -2
 1.7242,       1
 1.7342,       2
 1.7442,      -1
 1.7542,      -1
 1.7642,      -3
 1.7742,      -1
 1.7842,       3
 1.7942,      -8
 1.8042,       4
 1.8142,       2
 1.8242,      14
 1.8342,      -7
 1.8442,       3
 1.8542,       5
 1.8642,      -5
 1.8742,      -5
 1.8842,     -21
 1.8942,     -22
 1.9042,     -39
 1.9142,     -39
 1.9242,     -47
 1.9342,     -54
 1.9442,     -63
 1.9542,     -85
 1.9642,     -57
 1.9742,     -54
 1.9842,     -54
 1.9942,     -42
 2.0042,     -42
 2.0142,     -24
 2.0242,     -33
 2.0342,     -21
 2.0442,     -15
 2.0542,      -7
 2.0642,     -10
 2.0742,     -12
 2.0842,       0
 2.0942,       1
 2.1042,     -13
 2.1142,       6
 2.1242,      -2
 2.1342,      -1
 2.1442,       2
 2.1542,      12
 2.1642,       9
 2.1742,      -3
 2.1842,       8
 2.1942,       6
 2.2042,       4
 2.2142,      -3
 2.2242,      -2
 2.2342,       3
 2.2442,      12
 2.2542,      33
 2.2642,      27
 2.2742,      58
 2.2842,      93
 2.2942,     128
 2.3042,     164
 2.3142,     256
 2.3242,     316
 2.3342,     351
 2.3442,     401
 2.3542,     432
 2.3642,     472
 2.3742,     502
 2.3842,     513
 2.3942,     533
 2.4042,     539
 2.4142,     486
 2.4242,     524
 2.4342,     499
 2.4442,     493
 2.4542,     461
 2.4642,     412
 2.4742,     408
 2.4842,     370
 2.4942,     342
 2.5043,     294
 2.5143,     244
 2.5243,     194
 2.5343,     169
 2.5443,     116
 2.5543,      75
 2.5643,      50
 2.5743,      61
 2.5843,      46
 2.5943,      29
 2.6043,      35
 2.6143,      26
 2.6243,      22
 2.6343,      23
 2.6443,      28
 2.6543,      43
 2.6643,      44
 2.6743,      41
 2.6843,      16
 2.6943,      52
 2.7043,      21
 2.7143,      16
 2.7243,      18
 2.7343,       2
 2.7443,     -16
 2.7543,     -16
 2.7643,     -22
 2.7743,     -19
 2.7843,     -36
 2.7943,     -36
 2.8043,     -25
 2.8143,     -15
 2.8243,     -40
 2.8343,     -15
 2.8443,      -9
 2.8543,      -8
 2.8643,     -10
 2.8743,     -24
 2.8843,      15
 2.8943,     -27
 2.9043,      13
 2.9143,      18
 2.9243,       4
 2.9343,      -4
 2.9443,      -7
 2.9543,     -38
 2.9643,     -11
 2.9743,      74
 2.9843,     -46
 2.9943,      16
 3.0043,      44
 3.0143,      21
 3.0243,       2
 3.0343,      19
 3.0443,      59
 3.0543,     -12
 3.0643,      -8
 3.0743,      33
 3.0843,       4
 3.0943,      12
 3.1043,      16
 3.1143,      19
 3.1243,      26
 3.1343,      20
 3.1443,      21
 3.1543,      17
 3.1643,      25
 3.1743,       2
 3.1843,      26
 3.1943,      35
 3.2043,      14
 3.2143,       4
 3.2243,      13
 3.2343,     -16
 3.2443,     -35
 3.2543,     -31
 3.2643,     -26
 3.2743,     -43
 3.2843,     -32
 3.2943,     -42
 3.3043,     -45
 3.3143,     -41
 3.3243,     -53
 3.3343,     -44
 3.3443,     -59
 3.3543,     -35
 3.3643,     -59
 3.3743,     -41
 3.3843,     -31
 3.3943,     -21
 3.4043,     -21
 3.4143,     -11
 3.4243,      -8
 3.4343,     -14
 3.4443,     -10
 3.4543,     -17
 3.4643,     -21
 3.4743,      -8
 3.4843,     -13
 3.4943,     -22
 3.5044,     -19
 3.5144,     -22
 3.5244,     -23
 3.5344,     -41
 3.5444,     -75
 3.5544,     -99
 3.5644,    -173
 3.5744,    -232
 3.5844,    -392
 3.5944,    -547
 3.6044,    -840
 3.6144,   -1119
 3.6244,   -1617
 3.6344,   -2126
 3.6444,   -2456
 3.6544,   -3367
 3.6644,   -3952
 3.6744,   -4660
 3.6844,   -5295
 3.6944,   -5505
 3.7044,   -5921
 3.7144,   -5568
 3.7244,   -5515
 3.7344,   -5068
 3.7444,   -4574
 3.7544,   -3809
 3.7644,   -3242
 3.7744,   -2695
 3.7844,   -2107
 3.7944,   -1662
 3.8044,   -1055
 3.8144,    -737
 3.8244,    -458
 3.8344,    -334
 3.8444,    -200
 3.8544,    -123
 3.8644,     -57
 3.8744,     -50
 3.8844,     -74
 3.8944,     -95
 3.9044,    -106
 3.9144,     -81
 3.9244,    -158
 3.9344,    -181
 3.9444,    -262
 3.9544,    -307
 3.9644,    -398
 3.9744,    -494
 3.9844,    -585
 3.9944,    -717
 4.0044,    -769
 4.0144,    -787
 4.0244,    -843
 4.0344,    -754
 4.0444,    -806
 4.0544,    -738
 4.0644,    -562
 4.0744,    -597
 4.0844,    -547
 4.0944,    -421
 4.1044,    -306
 4.1144,    -262
 4.1244,    -229
 4.1344,    -139
 4.1444,    -104
 4.1544,     -78
 4.1644,     -31
 4.1744,     -25
 4.1844,     -17
 4.1944,      11
 4.2044,      -6
 4.2144,       8
 4.2244,       1
 4.2344,      -3
 4.2444,     -14
 4.2544,      -4
 4.2644,      -2
 4.2744,      -7
 4.2844,       0
 4.2944,       3
 4.3044,     -14
 4.3144,      -2
 4.3244,     -30
 4.3344,     -15
 4.3444,     -55
 4.3544,     -74
 4.3644,    -102
 4.3744,    -116
 4.3844,    -169
 4.3944,    -283
 4.4044,    -410
 4.4144,    -520
 4.4244,    -816
 4.4344,   -1014
 4.4444,   -1369
 4.4544,   -1930
 4.4644,   -2307
 4.4744,   -2873
 4.4844,   -3174
 4.4944,   -3746
 4.5045,   -4043
 4.5145,   -4218
 4.5245,   -4333
 4.5345,   -4153
 4.5445,   -3948
 4.5545,   -3815
 4.5645,   -3500
 4.5745,   -2959
 4.5845,   -2462
 4.5945,   -2095
 4.6045,   -1581
 4.6145,   -1239
 4.6245,    -883
 4.6345,    -737
 4.6445,    -502
 4.6545,    -289
 4.6645,    -210
 4.6745,    -108
 4.6845,     -57
 4.6945,     -74
 4.7045,     -39
 4.7145,      -6
 4.7245,     -21
 4.7345,     -24
 4.7445,      -5
 4.7545,      -9
 4.7645,       0
 4.7745,     -18
 4.7845,      -6
 4.7945,     -46
 4.8045,     -56
 4.8145,     -63
 4.8245,     -92
 4.8345,    -108
 4.8445,    -125
 4.8545,    -167
 4.8645,    -249
 4.8745,    -262
 4.8845,    -313
 4.8945,    -358
 4.9045,    -471
 4.9145,    -514
 4.9245,    -565
 4.9345,    -571
 4.9445,    -596
 4.9545,    -554
 4.9645,    -602
 4.9745,    -539
 4.9845,    -488
 4.9945,    -439
 5.0045,    -319
 5.0145,    -272
 5.0245,    -281
 5.0345,    -230
 5.0445,    -157
 5.0545,    -130
 5.0645,     -88
 5.0745,      -8
 5.0845,     -24
 5.0945,     -18
 5.1045,       0
 5.1145,      -4
 5.1245,       2
 5.1345,      -3
 5.1445,      -5
 5.1545,      10
 5.1645,      14
 5.1745,      23
 5.1845,      26
 5.1945,      24
 5.2045,      26
 5.2145,      23
 5.2245,      36
 5.2345,      37
 5.2445,      38
 5.2545,      63
 5.2645,      68
 5.2745,     139
 5.2845,     154
 5.2945,     290
 5.3045,     367
 5.3145,     512
 5.3245,     666
 5.3345,     896
 5.3445,    1195
 5.3545,    1493
 5.3645,    1756
 5.3745,    2157
 5.3845,    2517
 5.3945,    2880
 5.4045,    2987
 5.4145,    3252
 5.4245,    3265
 5.4345,    3380
 5.4445,    3284
 5.4545,    3005
 5.4645,    2814
 5.4745,    2499
 5.4845,    2200
 5.4945,    1802
 5.5046,    1436
 5.5146,    1168
 5.5246,     938
 5.5346,     682
 5.5446,     599
 5.5546,     367
 5.5646,     271
 5.5746,     186
 5.5846,     134
 5.5946,      82
 5.6046,      47
 5.6146,      47
 5.6246,      24
 5.6346,      24
 5.6446,       3
 5.6546,       8
 5.6646,      18
 5.6746,      18
 5.6846,       7
 5.6946,       0
 5.7046,      14
 5.7146,       9
 5.7246,      32
 5.7346,      11
 5.7446,      13
 5.7546,      25
 5.7646,      28
 5.7746,       9
 5.7846,      20
 5.7946,       9
 5.8046,      31
 5.8146,      35
 5.8246,      31
 5.8346,      67
 5.8446,     112
 5.8546,     101
 5.8646,     145
 5.8746,     171
 5.8846,     216
 5.8946,     267
 5.9046,     273
 5.9146,     373
 5.9246,     358
 5.9346,     407
 5.9446,     472
 5.9546,     479
 5.9646,     473
 5.9746,     421
 5.9846,     512
 5.9946,     455
 6.0046,     393
 6.0146,     348
 6.0246,     314
 6.0346,     238
 6.0446,     219
 6.0546,     179
 6.0646,     134
 6.0746,      87
 6.0846,      75
 6.0946,      57
 6.1046,      54
 6.1146,       3
 6.1246,      24
 6.1346,       7
 6.1446,      28
 6.1546,     -11
 6.1646,       4
 6.1746,     -10
 6.1846,       4
 6.1946,     -14
 6.2046,       7
 6.2146,     -28
 6.2246,      -8
 6.2346,     -11
 6.2446,     -19
 6.2546,     -24
 6.2646,      -6
 6.2746,     -22
 6.2846,     -16
 6.2946,     -18
 6.3046,     -37
 6.3146,     -16
 6.3246,     -36
 6.3346,     -65
 6.3446,     -78
 6.3546,     -92
 6.3646,     -93
 6.3746,     -96
 6.3846,    -154
 6.3946,    -141
 6.4046,    -128
 6.4146,    -143
 6.4246,    -161
 6.4346,    -133
 6.4446,    -124
 6.4546,    -162
 6.4646,     -99
 6.4746,    -128
 6.4846,     -50
 6.4946,     -26
 6.5047,     -44
 6.5147,     -37
 6.5247,     -18
 6.5347,     -47
 6.5447,      -5
 6.5547,      -7
 6.5647,      10
 6.5747,      -1
 6.5847,     -19
 6.5947,     -14
 6.6047,       0
 6.6147,      -1
 6.6247,     -14
 6.6347,     -22
 6.6447,      -8
 6.6547,     -10
 6.6647,      -6
 6.6747,     -13
 6.6847,     -11
 6.6947,     -19
 6.7047,      -2
 6.7147,     -15
 6.7247,       4
 6.7347,      -9
 6.7447,       2
 6.7547,     -20
 6.7647,     -27
 6.7747,     -47
 6.7847,      -9
 6.7947,     -15
 6.8047,     -14
 6.8147,     -10
 6.8247,     -11
 6.8347,      -1
 6.8447,      -4
 6.8547,     -14
 6.8647,     -12
 6.8747,     -21
 6.8847,     -34
 6.8947,      11
 6.9047,     -37
 6.9147,       1
 6.9247,     -14
 6.9347,      -3
 6.9447,      -1
 6.9547,       0
 6.9647,     -16
 6.9747,      11
 6.9847,     -40
 6.9947,     -20
 7.0047,     -24
 7.0147,     -41
 7.0247,     -15
 7.0347,     -23
 7.0447,     -25
 7.0547,     -36
 7.0647,     -25
 7.0747,     -32
 7.0847,     -17
 7.0947,     -39
 7.1047,     -14
 7.1147,     -22
 7.1247,     -40
 7.1347,     -10
 7.1447,     -24
 7.1547,     -29
 7.1647,     -30
 7.1747,     -18
 7.1847,     -15
 7.1947,      -3
 7.2047,     -16
 7.2147,     -31
 7.2247,     -23
 7.2347,     -30
 7.2447,     -23
 7.2547,      -1
 7.2647,     -46
 7.2747,     -56
 7.2847,     -25
 7.2947,     -40
 7.3047,     -30
 7.3147,     -27
 7.3247,     -46
 7.3347,      -9
 7.3447,     -44
 7.3547,     -19
 7.3647,     -11
 7.3747,     -47
 7.3847,       1
 7.3947,     -21
 7.4047,     -18
 7.4147,      -9
 7.4247,      -6
 7.4347,     -22
 7.4447,     -30
 7.4547,       4
 7.4647,     -35
 7.4747,     -29
 7.4847,     -24
 7.4947,     -44
 7.5048,     -27
 7.5148,     -60
 7.5248,     -38
 7.5348,     -21
 7.5448,     -38
 7.5548,     -50
 7.5648,     -28
 7.5748,     -40
 7.5848,     -60
 7.5948,     -37
 7.6048,     -41
 7.6148,     -52
 7.6248,     -54
 7.6348,     -33
 7.6448,     -33
 7.6548,     -27
 7.6648,     -23
 7.6748,     -19
 7.6848,     -19
 7.6948,     -50
 7.7048,     -55
 7.7148,     -45
 7.7248,     -47
 7.7348,     -40
 7.7448,     -55
 7.7548,     -59
 7.7648,     -53
 7.7748,     -11
 7.7848,     -44
 7.7948,     -86
 7.8048,     -53
 7.8148,     -34
 7.8248,     -38
 7.8348,     -40
 7.8448,     -41
 7.8548,     -64
 7.8648,     -23
 7.8748,     -30
 7.8848,     -21
 7.8948,     -35
 7.9048,     -38
 7.9148,     -58
 7.9248,     -43
 7.9348,     -57
 7.9448,     -89
 7.9548,     -69
 7.9648,     -75
 7.9748,     -36
 7.9848,     -58
 7.9948,     -44
 8.0048,     -27
 8.0148,     -35
 8.0248,     -52
 8.0348,     -38
 8.0448,     -44
 8.0548,     -41
 8.0648,     -68
 8.0748,     -42
 8.0848,     -42
 8.0948,     -32
 8.1048,     -97
 8.1148,     -71
 8.1248,     -58
 8.1348,     -70
 8.1448,     -37
 8.1548,     -56
 8.1648,    -100
 8.1748,     -92
 8.1848,     -38
 8.1948,     -38
 8.2048,     -61
 8.2148,     -37
 8.2248,     -62
 8.2348,     -64
 8.2448,     -88
 8.2548,     -62
 8.2648,     -60
 8.2748,     -67
 8.2848,     -96
 8.2948,     -65
 8.3048,     -89
 8.3148,     -93
 8.3248,     -64
 8.3348,     -73
 8.3448,     -77
 8.3548,     -91
 8.3648,    -103
 8.3748,    -103
 8.3848,     -89
 8.3948,     -93
 8.4048,     -35
 8.4148,     -74
 8.4248,    -111
 8.4348,     -71
 8.4448,     -95
 8.4548,     -89
 8.4648,     -89
 8.4748,     -95
 8.4848,     -69
 8.4948,     -55
 8.5049,    -101
 8.5149,     -64
 8.5249,     -96
 8.5349,     -85
 8.5449,     -69
 8.5549,     -58
 8.5649,    -110
 8.5749,     -70
 8.5849,    -122
 8.5949,     -68
 8.6049,     -74
 8.6149,    -120
 8.6249,     -48
 8.6349,     -85
 8.6449,     -94
 8.6549,     -61
 8.6649,    -100
 8.6749,     -73
 8.6849,     -62
 8.6949,     -66
 8.7049,     -88
 8.7149,     -95
 8.7249,     -35
 8.7349,     -84
 8.7449,     -60
 8.7549,     -93
 8.7649,     -70
 8.7749,     -72
 8.7849,     -65
 8.7949,     -91
 8.8049,     -61
 8.8149,     -59
 8.8249,     -59
 8.8349,    -101
 8.8449,    -102
 8.8549,     -71
 8.8649,    -122
 8.8749,     -66
 8.8849,    -108
 8.8949,     -95
 8.9049,    -115
 8.9149,     -82
 8.9249,     -85
 8.9349,     -92
 8.9449,     -89
 8.9549,     -94
 8.9649,     -79
 8.9749,    -104
 8.9849,     -82
 8.9949,     -67
 9.0049,     -72
 9.0149,    -129
 9.0249,     -85
 9.0349,     -77
 9.0449,     -79
 9.0549,     -70
 9.0649,     -99
 9.0749,     -38
 9.0849,     -28
 9.0949,     -31
 9.1049,     -43
 9.1149,      23
 9.1249,      -4
 9.1349,      98
 9.1449,      75
 9.1549,      94
 9.1649,     134
 9.1749,      82
 9.1849,     160
 9.1949,     159
 9.2049,     181
 9.2149,     205
 9.2249,     177
 9.2349,     116
 9.2449,     172
 9.2549,      84
 9.2649,      49
 9.2749,      29
 9.2849,      57
 9.2949,      42
 9.3049,       2
 9.3149,     -17
 9.3249,     -64
 9.3349,     -60
 9.3449,      16
 9.3549,     -59
 9.3649,    -101
 9.3749,     -93
 9.3849,     -37
 9.3949,    -106
 9.4049,    -104
 9.4149,    -117
 9.4249,     -94
 9.4349,    -116
 9.4449,    -182
 9.4549,    -104
 9.4649,     -88
 9.4749,    -131
 9.4849,     -82
 9.4949,    -106
 9.5050,    -163
 9.5150,    -101
 9.5250,     -92
 9.5350,     -99
 9.5450,    -113
 9.5550,    -134
 9.5650,    -139
 9.5750,     -81
 9.5850,    -149
 9.5950,    -169
 9.6050,    -112
 9.6150,    -130
 9.6250,    -137
 9.6350,    -129
 9.6450,     -99
 9.6550,    -186
 9.6650,    -100
 9.6750,    -147
 9.6850,    -132
 9.6950,    -107
 9.7050,    -134
 9.7150,     -83
 9.7250,    -155
 9.7350,    -161
 9.7450,    -112
 9.7550,    -131
 9.7650,    -127
 9.7750,     -86
 9.7850,    -136
 9.7950,    -133
 9.8050,     -64
 9.8150,    -111
 9.8250,    -114
 9.8350,    -108
 9.8450,    -183
 9.8550,     -85
 9.8650,    -102
 9.8750,    -153
 9.8850,    -171
 9.8950,    -138
 9.9050,    -133
 9.9150,    -125
 9.9250,    -169
 9.9350,    -163
 9.9450,    -148
 9.9550,    -168
 9.9650,    -139
 9.9750,    -147
 9.9850,    -159
 9.9950,    -119
10.0050,    -170
10.0150,    -153
10.0250,    -135
10.0350,    -160
10.0450,    -118
10.0550,    -131
10.0650,    -158
10.0750,    -120
10.0850,     -94
10.0950,     -64
10.1050,    -103
10.1150,    -131
10.1250,    -192
10.1350,    -101
10.1450,     -91
10.1550,    -114
10.1650,    -127
10.1750,    -123
10.1850,    -139
10.1950,     -45
10.2050,    -118
10.2150,    -114
10.2250,    -108
10.2350,    -139
10.2450,     -53
10.2550,     -54
10.2650,     -77
10.2750,     -48
10.2850,       1
10.2950,    -140
10.3050,     -63
10.3150,     -61
10.3250,     -13
10.3350,     -11
10.3450,      61
10.3550,      91
10.3650,     185
10.3750,     352
10.3850,     371
10.3950,     505
10.4050,     644
10.4150,     791
10.4250,    1044
10.4350,    1155
10.4450,    1436
10.4550,    1652
10.4650,    2014
10.4750,    2243
10.4850,    2557
10.4950,    2908
10.5051,    3176
10.5151,    3559
10.5251,    3865
10.5351,    4063
10.5451,    4239
10.5551,    4589
10.5651,    4423
10.5751,    4450
10.5851,    4534
10.5951,    4395
10.6051,    4149
10.6151,    3864
10.6251,    3547
10.6351,    3096
10.6451,    2844
10.6551,    2463
10.6651,    2190
10.6751,    1783
10.6851,    1482
10.6951,    1137
10.7051,     849
10.7151,     712
10.7251,     550
10.7351,     371
10.7451,     255
10.7551,     144
10.7651,      28
10.7751,      13
10.7851,     -17
10.7951,     -33
10.8051,     -80
10.8151,    -105
10.8251,     -86
10.8351,    -122
10.8451,    -126
10.8551,     -94
10.8651,    -173
10.8751,    -141
10.8851,    -127
10.8951,     -95
10.9051,    -173
10.9151,     -95
10.9251,    -146
10.9351,    -192
10.9451,    -135
10.9551,     -99
10.9651,    -141
10.9751,    -176
10.9851,    -119
10.9951,    -152
11.0051,    -156
11.0151,    -117
11.0251,    -147
11.0351,    -152
11.0451,    -147
11.0551,    -149
11.0651,    -118
11.0751,    -165
11.0851,    -126
11.0951,    -116
11.1051,    -130
11.1151,    -142
11.1251,    -142
11.1351,    -136
11.1451,    -132
11.1551,    -157
11.1651,    -132
11.1751,    -160
11.1851,    -163
11.1951,    -181
11.2051,    -158
11.2151,     -95
11.2251,    -133
11.2351,    -135
11.2451,    -127
11.2551,    -144
11.2651,    -131
11.2751,    -134
11.2851,    -143
11.2951,    -102
11.3051,    -135
11.3151,    -177
11.3251,    -124
11.3351,     -92
11.3451,    -104
11.3551,    -160
11.3651,    -102
11.3751,     -71
11.3851,    -102
11.3951,    -152
11.4051,    -184
11.4151,     -84
11.4251,    -152
11.4351,     -95
11.4451,    -152
11.4551,    -107
11.4651,    -143
11.4751,    -135
11.4851,    -174
11.4951,    -186
11.5052,    -104
11.5152,    -135
11.5252,    -132
11.5352,    -182
11.5452,    -177
11.5552,    -120
11.5652,    -185
11.5752,    -164
11.5852,    -143
11.5952,    -160
11.6052,    -202
11.6152,    -148
11.6252,    -135
11.6352,    -173
11.6452,    -194
11.6552,    -154
11.6652,    -143
11.6752,    -154
11.6852,    -152
11.6952,    -153
11.7052,    -116
11.7152,    -135
11.7252,    -158
11.7352,    -138
11.7452,    -112
11.7552,    -161
11.7652,    -148
11.7752,    -152
11.7852,    -148
11.7952,     -82
11.8052,    -129
11.8152,    -183
11.8252,    -205
11.8352,    -157
11.8452,    -175
11.8552,    -137
11.8652,    -172
11.8752,    -147
11.8852,    -153
11.8952,    -156
11.9052,    -184
11.9152,    -131
11.9252,    -131
11.9352,     -74
11.9452,    -129
11.9552,    -173
11.9652,    -108
11.9752,    -167
11.9852,    -178
11.9952,    -154
12.0052,     -92
12.0152,    -149
12.0252,    -129
12.0352,    -181
12.0452,     -63
12.0552,    -116
12.0652,     -62
12.0752,    -105
12.0852,     -75
12.0952,     -16
12.1052,     -63
12.1152,     -46
12.1252,     -81
12.1352,     -69
12.1452,     -87
12.1552,     -64
12.1652,     -92
12.1752,     -17
12.1852,     -39
12.1952,     -15
12.2052,      -7
12.2152,     -28
12.2252,     -21
12.2352,     -37
12.2452,     -24
12.2552,      12
12.2652,      79
12.2752,     -34
12.2852,      18
12.2952,       4
12.3052,      58
12.3152,      40
12.3252,      25
12.3352,      17
12.3452,      56
12.3552,      65
12.3652,     -43
12.3752,      42
12.3852,     -49
12.3952,     -38
12.4052,     -17
12.4152,     -16
12.4252,      51
12.4352,      31
12.4452,     146
12.4552,     180
12.4652,     247
12.4752,     278
12.4852,     325
12.4952,     495
12.5053,     530
12.5153,     727
12.5253,     799
12.5353,    1043
12.5453,    1207
12.5553,    1480
12.5653,    1592
12.5753,    1841
12.5853,    2007
12.5953,    2103
12.6053,    2326
12.6153,    2361
12.6253,    2463
12.6353,    2581
12.6453,    2396
12.6553,    2384
12.6653,    2411
12.6753,    2323
12.6853,    1993
12.6953,    1976
12.7053,    1817
12.7153,    1660
12.7253,    1465
12.7353,    1234
12.7453,     966
12.7553,     990
12.7653,     784
12.7753,     659
12.7853,     495
12.7953,     484
12.8053,     347
12.8153,     313
12.8253,     286
12.8353,     249
12.8453,     127
12.8553,      79
12.8653,      53
12.8753,      50
12.8853,      25
12.8953,     -14
12.9053,      54
12.9153,      12
12.9253,     -11
12.9353,     -37
12.9453,     -23
12.9553,     -95
12.9653,     -15
12.9753,     -48
12.9853,     -58
12.9953,     -91
13.0053,     -20
13.0153,     -39
13.0253,     -53
13.0353,     -71
13.0453,    -110
13.0553,     -59
13.0653,     -89
13.0753,     -54
13.0853,    -108
13.0953,     -82
13.1053,    -149
13.1153,     -81
13.1253,    -106
13.1353,    -118
13.1453,    -162
13.1553,    -182
13.1653,    -133
13.1753,    -109
13.1853,    -148
13.1953,    -167
13.2053,    -156
13.2153,    -192
13.2253,    -147
13.2353,    -157
13.2453,    -143
13.2553,    -157
13.2653,    -156
13.2753,    -209
13.2853,    -120
13.2953,    -114
13.3053,    -174
13.3153,    -218
13.3253,    -139
13.3353,    -224
13.3453,    -181
13.3553,    -174
13.3653,    -153
13.3753,    -151
13.3853,    -224
13.3953,    -185
13.4053,    -153
13.4153,    -218
13.4253,    -176
13.4353,    -124
13.4453,    -152
13.4553,    -213
13.4653,    -176
13.4753,    -140
13.4853,    -132
13.4953,    -238
13.5054,    -159
13.5154,    -175
13.5254,    -182
13.5354,    -136
13.5454,    -180
13.5554,    -231
13.5654,    -229
13.5754,    -157
13.5854,    -131
13.5954,    -210
13.6054,    -177
13.6154,    -197
13.6254,    -178
13.6354,    -160
13.6454,    -175
13.6554,    -190
13.6654,    -122
13.6754,    -213
13.6854,    -152
13.6954,    -124
13.7054,    -231
13.7154,    -175
13.7254,    -154
13.7354,    -129
13.7454,    -113
13.7554,    -162
13.7654,    -185
13.7754,    -134
13.7854,    -152
13.7954,    -213
13.8054,    -147
13.8154,    -104
13.8254,    -171
13.8354,    -124
13.8454,    -209
13.8554,    -172
13.8654,    -167
13.8754,    -174
13.8854,    -164
13.8954,    -136
13.9054,    -150
13.9154,    -183
13.9254,    -192
13.9354,    -147
13.9454,    -150
13.9554,    -127
13.9654,    -128
13.9754,    -174
13.9854,    -128
13.9954,    -133
14.0054,    -163
14.0154,    -168
14.0254,    -113
14.0354,     -75
14.0454,    -121
14.0554,    -198
14.0654,    -136
14.0754,    -168
14.0854,    -138
14.0954,    -173
14.1054,    -134
14.1154,    -147
14.1254,    -205
14.1354,     -66
14.1454,    -140
14.1554,    -184
14.1654,    -109
14.1754,    -133
14.1854,    -199
14.1954,    -125
14.2054,    -122
14.2154,    -185
14.2254,    -131
14.2354,    -112
14.2454,    -145
14.2554,    -104
14.2654,    -172
14.2754,    -133
14.2854,    -111
14.2954,    -113
14.3054,    -123
14.3154,    -101
14.3254,    -121
14.3354,    -129
14.3454,    -133
14.3554,    -181
14.3654,    -108
14.3754,     -89
14.3854,    -117
14.3954,    -163
14.4054,    -133
14.4154,    -171
14.4254,    -150
14.4354,    -156
14.4454,    -187
14.4554,    -159
14.4654,    -109
14.4754,    -142
14.4854,    -130
14.4954,    -132
14.5055,    -125
14.5155,    -109
14.5255,    -154
14.5355,    -105
14.5455,    -147
14.5555,    -137
14.5655,    -169
14.5755,    -102
14.5855,    -122
14.5955,    -134
14.6055,    -157
14.6155,    -129
14.6255,    -104
14.6355,     -22
14.6455,     -19
14.6555,     -56
14.6655,     -47
14.6755,       6
14.6855,      27
14.6955,      32
14.7055,      34
14.7155,      74
14.7255,      99
14.7355,      97
14.7455,      28
14.7555,     129
14.7655,     160
14.7755,     162
14.7855,     202
14.7955,     121
14.8055,     117
14.8155,     142
14.8255,     194
14.8355,     111
14.8455,     129
14.8555,      60
14.8655,     124
14.8755,      43
14.8855,      16
14.8955,     -25
14.9055,      45
14.9155,     -32
14.9255,     -14
14.9355,     -49
14.9455,     -48
14.9555,     -97
14.9655,    -109
14.9755,     -78
14.9855,    -120
14.9955,    -123
15.0055,    -134
15.0155,     -77
15.0255,    -132
15.0355,     -70
15.0455,     -64
15.0555,     -94
15.0655,     -23
15.0755,     -64
15.0855,     -46
15.0955,     -11
15.1055,     -78
15.1155,     -69
15.1255,     -70
15.1355,     -68
15.1455,     -82
15.1555,     -39
15.1655,     -11
15.1755,     -47
15.1855,     -26
15.1955,     -12
15.2055,     -84
15.2155,     -24
15.2255,     -52
15.2355,     -67
15.2455,     -79
15.2555,     -41
15.2655,     -64
15.2755,     -60
15.2855,     -49
15.2955,     -32
15.3055,     -57
15.3155,     -98
15.3255,    -116
15.3355,     -94
15.3455,    -110
15.3555,    -105
15.3655,    -115
15.3755,    -126
15.3855,     -67
15.3955,    -104
15.4055,    -156
15.4155,     -68
15.4255,     -49
15.4355,    -139
15.4455,     -91
15.4555,    -107
15.4655,    -139
15.4755,    -144
15.4855,     -81
15.4955,    -126
15.5056,    -146
15.5156,    -136
15.5256,    -124
15.5356,    -116
15.5456,    -135
15.5556,    -100
15.5656,     -88
15.5756,    -160
15.5856,     -98
15.5956,     -96
15.6056,    -125
15.6156,    -175
15.6256,    -180
15.6356,    -137
15.6456,    -123
15.6556,     -92
15.6656,    -120
15.6756,    -113
15.6856,    -131
15.6956,     -69
15.7056,    -123
15.7156,     -59
15.7256,     -87
15.7356,    -121
15.7456,    -116
15.7556,    -123
15.7656,    -101
15.7756,     -82
15.7856,     -74
15.7956,     -95
15.8056,    -124
15.8156,     -89
15.8256,     -83
15.8356,     -88
15.8456,    -122
15.8556,     -75
15.8656,     -74
15.8756,    -101
15.8856,     -93
15.8956,     -82
15.9056,    -123
15.9156,     -89
15.9256,    -117
15.9356,     -77
15.9456,     -58
15.9556,    -113
15.9656,    -102
15.9756,     -84
15.9856,    -114
15.9956,    -101
16.0056,    -108
16.0156,     -99
16.0256,    -129
16.0356,     -99
16.0456,    -117
16.0556,    -118
16.0656,    -111
16.0756,     -88
16.0856,    -114
16.0956,    -141
16.1056,     -90
16.1156,    -108
16.1256,     -91
16.1356,     -96
16.1456,    -120
16.1556,     -82
16.1656,    -118
16.1756,    -137
16.1856,    -108
16.1956,    -110
16.2056,    -110
16.2156,    -110
16.2256,     -67
16.2356,     -75
16.2456,     -79
16.2556,     -46
16.2656,     -51
16.2756,     -97
16.2856,     -87
16.2956,    -112
16.3056,     -80
16.3156,    -140
16.3256,    -110
16.3356,     -18
16.3456,     -74
16.3556,     -86
16.3656,     -96
16.3756,     -67
16.3856,    -107
16.3956,    -139
16.4056,     -75
16.4156,     -93
16.4256,     -92
16.4356,     -88
16.4456,    -107
16.4556,     -69
16.4656,     -60
16.4756,     -80
16.4856,     -99
16.4956,    -118
16.5057,     -67
16.5157,    -128
16.5257,     -73
16.5357,    -117
16.5457,    -122
16.5557,    -106
16.5657,     -96
16.5757,     -80
16.5857,    -114
16.5957,    -101
16.6057,     -98
16.6157,     -94
16.6257,     -84
16.6357,    -105
16.6457,     -87
16.6557,     -65
16.6657,    -126
16.6757,    -113
16.6857,    -135
16.6957,     -84
16.7057,     -86
16.7157,     -88
16.7257,     -67
16.7357,     -63
16.7457,     -67
16.7557,    -105
16.7657,     -81
16.7757,     -72
16.7857,    -110
16.7957,     -53
16.8057,     -72
16.8157,     -75
16.8257,    -126
16.8357,     -81
16.8457,     -93
16.8557,     -63
16.8657,     -39
16.8757,    -143
16.8857,     -61
16.8957,     -94
16.9057,     -58
16.9157,     -82
16.9257,    -116
16.9357,     -63
16.9457,     -88
16.9557,    -100
16.9657,     -86
16.9757,     -91
16.9857,     -87
16.9957,     -71
17.0057,     -93
17.0157,    -103
17.0257,     -87
17.0357,     -28
17.0457,     -88
17.0557,     -73
17.0657,     -48
17.0757,     -80
17.0857,     -91
17.0957,     -72
17.1057,    -129
17.1157,     -85
17.1257,     -57
17.1357,     -70
17.1457,    -112
17.1557,     -79
17.1657,     -83
17.1757,     -48
17.1857,     -93
17.1957,     -61
17.2057,     -78
17.2157,    -103
17.2257,     -54
17.2357,     -47
17.2457,     -76
17.2557,     -89
17.2657,    -120
17.2757,     -97
17.2857,     -77
17.2957,     -57
17.3057,     -94
17.3157,     -79
17.3257,     -57
17.3357,     -52
17.3457,     -66
17.3557,    -101
17.3657,     -99
17.3757,     -66
17.3857,     -60
17.3957,     -88
17.4057,     -44
17.4157,     -47
17.4257,     -98
17.4357,     -78
17.4457,     -52
17.4557,     -60
17.4657,     -27
17.4757,     -77
17.4857,     -98
17.4957,    -114
17.5058,     -73
17.5158,    -126
17.5258,     -56
17.5358,     -91
17.5458,     -84
17.5558,     -97
17.5658,     -30
17.5758,     -98
17.5858,     -96
17.5958,     -43
17.6058,     -77
17.6158,     -64
17.6258,    -121
17.6358,     -68
17.6458,     -51
17.6558,     -56
17.6658,     -47
17.6758,     -54
17.6858,     -80
17.6958,     -88
17.7058,     -88
17.7158,     -86
17.7258,     -33
17.7358,     -95
17.7458,       0
17.7558,     -98
17.7658,     -97
17.7758,     -55
17.7858,     -85
17.7958,    -106
17.8058,     -81
17.8158,     -86
17.8258,     -53
17.8358,     -70
17.8458,    -115
17.8558,     -61
17.8658,     -20
17.8758,     -50
17.8858,     -59
17.8958,    -124
17.9058,     -57
17.9158,     -49
17.9258,     -50
17.9358,     -72
17.9458,     -56
17.9558,     -45
17.9658,    -100
17.9758,     -99
17.9858,     -84
17.9958,     -57
18.0058,     -76
18.0158,     -77
18.0258,    -101
18.0358,       6
18.0458,     -80
18.0558,     -41
18.0658,     -57
18.0758,    -124
18.0858,     -79
18.0958,     -91
18.1058,     -52
18.1158,     -73
18.1258,     -69
18.1358,      -9
18.1458,     -92
18.1558,     -68
18.1658,    -122
18.1758,     -85
18.1858,     -80
18.1958,     -76
18.2058,     -67
18.2158,     -81
18.2258,    -107
18.2358,     -73
18.2458,    -135
18.2558,    -114
18.2658,    -103
18.2758,    -101
18.2858,    -109
18.2958,    -138
18.3058,    -123
18.3158,     -68
18.3258,    -135
18.3358,    -110
18.3458,     -46
18.3558,     -84
18.3658,    -105
18.3758,     -67
18.3858,    -160
18.3958,     -84
18.4058,    -167
18.4158,    -155
18.4258,    -130
18.4358,    -141
18.4458,    -103
18.4558,    -223
18.4658,    -126
18.4758,    -170
18.4858,    -215
18.4958,    -177
18.5059,    -171
18.5159,    -193
18.5259,    -268
18.5359,    -225
18.5459,    -224
18.5559,    -169
18.5659,    -321
18.5759,    -227
18.5859,    -245
18.5959,    -290
18.6059,    -282
18.6159,    -352
18.6259,    -321
18.6359,    -317
18.6459,    -272
18.6559,    -332
18.6659,    -332
18.6759,    -413
18.6859,    -276
18.6959,    -366
18.7059,    -396
18.7159,    -332
18.7259,    -272
18.7359,    -395
18.7459,    -294
18.7559,    -311
18.7659,    -377
18.7759,    -374
18.7859,    -316
18.7959,    -314
18.8059,    -340
18.8159,    -318
18.8259,    -376
18.8359,    -302
18.8459,    -252
18.8559,    -409
18.8659,    -368
18.8759,    -318
18.8859,    -384
18.8959,    -412
18.9059,    -233
18.9159,    -405
18.9259,    -287
18.9359,    -306
18.9459,    -383
18.9559,    -283
18.9659,    -324
18.9759,    -270
18.9859,    -286
18.9959,    -269
19.0059,    -295
19.0159,    -277
19.0259,    -317
19.0359,    -268
19.0459,    -305
19.0559,    -207
19.0659,    -235
19.0759,    -219
19.0859,    -267
19.0959,    -223
19.1059,    -140
19.1159,    -265
19.1259,    -205
19.1359,    -217
19.1459,    -185
19.1559,    -151
19.1659,    -185
19.1759,    -192
19.1859,    -169
19.1959,    -198
19.2059,    -177
19.2159,    -125
19.2259,    -137
19.2359,    -101
19.2459,    -116
19.2559,    -124
19.2659,    -131
19.2759,    -145
19.2859,    -101
19.2959,     -51
19.3059,    -148
19.3159,    -110
19.3259,    -119
19.3359,     -70
19.3459,     -70
19.3559,    -113
19.3659,     -77
19.3759,     -66
19.3859,     -61
19.3959,     -37
19.4059,    -100
19.4159,    -104
19.4259,     -97
19.4359,     -92
19.4459,     -42
19.4559,     -32
19.4659,     -80
19.4759,     -33
19.4859,     -61
19.4959,     -55
19.5060,     -49
19.5160,     -62
19.5260,     -59
19.5360,     -58
19.5460,     -50
19.5560,     -53
19.5660,     -44
19.5760,     -34
19.5860,     -77
19.5960,     -47
19.6060,     -53
19.6160,     -59
19.6260,     -41
19.6360,     -32
19.6460,     -73
19.6560,     -49
19.6660,     -80
19.6760,     -43
19.6860,     -32
19.6960,     -84
19.7060,     -20
19.7160,     -26
19.7260,     -28
19.7360,     -25
19.7460,     -43
19.7560,     -23
19.7660,     -35
19.7760,     -35
19.7860,     -30
19.7960,     -33
19.8060,     -64
19.8160,       1
19.8260,     -28
19.8360,     -47
19.8460,     -42
19.8560,     -40
19.8660,     -54
19.8760,     -32
19.8860,     -45
19.8960,     -54
19.9060,     -55
19.9160,       1
19.9260,     -23
19.9360,      -7
19.9460,     -25
19.9560,     -71
19.9660,     -40
19.9760,     -31
19.9860,     -13
19.9960,     -30
20.0060,     -64
20.0160,     -41
20.0260,     -66
20.0360,    -108
20.0460,     -24
20.0560,       7
20.0660,     -57
20.0760,     -33
20.0860,     -61
20.0960,      15
20.1060,     -49
20.1160,     -55
20.1260,     -83
20.1360,     -24
20.1460,     -38
20.1560,     -43
20.1660,     -76
20.1760,     -67
20.1860,     -79
20.1960,    -108
20.2060,     -49
20.2160,     -69
20.2260,     -70
20.2360,     -41
20.2460,     -19
20.2560,     -83
20.2660,     -44
20.2760,     -54
20.2860,     -75
20.2960,     -37
20.3060,     -35
20.3160,     -47
20.3260,     -75
20.3360,     -59
20.3460,     -29
20.3560,     -37
20.3660,     -53
20.3760,     -20
20.3860,     -20
20.3960,      -6
20.4060,       7
20.4160,     -70
20.4260,     -61
20.4360,     -20
20.4460,     -56
20.4560,      -1
20.4660,     -48
20.4760,     -21
20.4860,     -29
20.4960,      -9
20.5061,     -33
20.5161,     -28
20.5261,     -24
20.5361,     -39
20.5461,      -6
20.5561,     -31
20.5661,     -30
20.5761,      -3
20.5861,     -35
20.5961,       4
20.6061,     -42
20.6161,       1
20.6261,       7
20.6361,     -21
20.6461,     -43
20.6561,     -16
20.6661,     -27
20.6761,     -45
20.6861,     -62
20.6961,     -33
20.7061,     -32
20.7161,     -74
20.7261,     -32
20.7361,     -12
20.7461,     -12
20.7561,     -20
20.7661,     -39
20.7761,     -43
20.7861,     -37
20.7961,     -12
20.8061,     -51
20.8161,     -22
20.8261,     -42
20.8361,     -44
20.8461,     -27
20.8561,     -91
20.8661,     -57
20.8761,     -13
20.8861,     -60
20.8961,     -52
20.9061,     -34
20.9161,     -48
20.9261,     -53
20.9361,     -39
20.9461,     -40
20.9561,     -30
20.9661,     -32
20.9761,     -11
20.9861,     -48
20.9961,     -72
21.0061,     -37
21.0161,     -68
21.0261,     -61
21.0361,     -62
21.0461,     -46
21.0561,     -33
21.0661,     -62
21.0761,     -54
21.0861,     -61
21.0961,     -15
21.1061,     -64
21.1161,     -42
21.1261,     -47
21.1361,     -56
21.1461,     -53
21.1561,     -85
21.1661,     -60
21.1761,     -56
21.1861,     -45
21.1961,     -11
21.2061,     -28
21.2161,     -73
21.2261,     -31
21.2361,     -35
21.2461,     -33
21.2561,     -35
21.2661,     -34
21.2761,     -21
21.2861,     -18
21.2961,     -44
21.3061,     -25
21.3161,     -16
21.3261,     -16
21.3361,     -31
21.3461,     -52
21.3561,     -27
21.3661,     -36
21.3761,     -37
21.3861,      24
21.3961,     -18
21.4061,      -5
21.4161,     -16
21.4261,     -20
21.4361,     -27
21.4461,     -28
21.4561,     -27
21.4661,     -33
21.4761,     -35
21.4861,     -20
21.4961,     -26
21.5062,     -22
21.5162,      -7
21.5262,     -27
21.5362,     -36
21.5462,     -41
21.5562,     -20
21.5662,      -7
21.5762,     -12
21.5862,     -17
21.5962,      -3
21.6062,     -22
21.6162,       3
21.6262,       8
21.6362,     -31
21.6462,     -20
21.6562,       1
21.6662,     -24
21.6762,      -4
21.6862,      -4
21.6962,     -15
21.7062,     -27
21.7162,      -7
21.7262,      -9
21.7362,     -27
21.7462,     -15
21.7562,      -6
21.7662,     -18
21.7762,     -18
21.7862,     -11
21.7962,     -24
21.8062,     -12
21.8162,      -7
21.8262,     -24
21.8362,      -9
21.8462,     -13
21.8562,     -11
21.8662,     -12
21.8762,     -15
21.8862,     -15
21.8962,       1
21.9062,      -5
21.9162,     -22
21.9262,     -12
21.9362,       2
21.9462,      11
21.9562,     -12
21.9662,      13
21.9762,     -28
21.9862,       1
21.9962,      -5
22.0062,      -5
22.0162,       7
22.0262,     -11
22.0362,       1
22.0462,       0
22.0562,      -4
22.0662,      -7
22.0762,     -22
22.0862,     -16
22.0962,       1
22.1062,      -9
22.1162,      -3
22.1262,     -14
22.1362,      -6
22.1462,     -16
22.1562,       9
22.1662,      -5
22.1762,      -3
22.1862,      -8
22.1962,       1
22.2062,     -16
22.2162,     -21
22.2262,     -13
22.2362,     -11
22.2462,      -3
22.2562,     -13
22.2662,     -10
22.2762,     -10
22.2862,       2
22.2962,     -10
22.3062,      -5
22.3162,      -8
22.3262,       7
22.3362,     -17
22.3462,     -11
22.3562,     -19
22.3662,     -10
22.3762,      -9
22.3862,      -5
22.3962,      -3
22.4062,       6
22.4162,      -6
22.4262,     -24
22.4362,      -7
22.4462,      -2
22.4562,       2
22.4662,     -21
22.4762,     -16
22.4862,      -8
22.4962,     -16
22.5063,     -14
22.5163,     -10
22.5263,      -8
22.5363,     -16
22.5463,      -9
22.5563,     -12
22.5663,       7
22.5763,     -14
22.5863,     -16
22.5963,     -15
22.6063,     -18
22.6163,      -6
22.6263,     -14
22.6363,       5
22.6463,      -5
22.6563,      -5
22.6663,      -5
22.6763,      -3
22.6863,     -16
22.6963,     -15
22.7063,     -16
22.7163,      -6
22.7263,      16
22.7363,      -7
22.7463,     -10
22.7563,      -8
22.7663,     -23
22.7763,     -11
22.7863,     -16
22.7963,      -7
22.8063,       2
22.8163,       3
22.8263,      -5
22.8363,     -13
22.8463,       2
22.8563,      -3
22.8663,      -1
22.8763,     -14
22.8863,     -12
22.8963,     -10
22.9063,      -9
22.9163,      -8
22.9263,      -9
22.9363,     -17
22.9463,      -2
22.9563,       4
22.9663,      -9
22.9763,     -13
22.9863,     -10
22.9963,       2
23.0063,       3
23.0163,      -1
23.0263,     -12
23.0363,       7
23.0463,     -11
23.0563,       6
23.0663,      -4
23.0763,     -18
23.0863,      -6
23.0963,     -11
23.1063,      13
23.1163,      -4
23.1263,       7
23.1363,      -3
23.1463,       1
23.1563,      -3
23.1663,      -6
23.1763,     -14
23.1863,      14
23.1963,     -15
23.2063,      -3
23.2163,      -1
23.2263,      -2
23.2363,       1
23.2463,      -2
23.2563,     -16
23.2663,     -12
23.2763,       0
23.2863,     -11
23.2963,      -9
23.3063,       7
23.3163,      -1
23.3263,     -10
23.3363,     -12
23.3463,      -2
23.3563,     -13
23.3663,       1
23.3763,      -7
23.3863,       0
23.3963,      -7
23.4063,      -3
23.4163,      -4
23.4263,     -12
23.4363,       8
23.4463,     -10
23.4563,      13
23.4663,       0
23.4763,      -6
23.4863,      -6
23.4963,     -15
23.5064,     -10
23.5164,      -3
23.5264,       1
23.5364,     -11
23.5464,      -2
23.5564,       0
23.5664,      -5
23.5764,       5
23.5864,      -8
23.5964,      -6
23.6064,      -8
23.6164,      -6
23.6264,      -6
23.6364,       0
23.6464,      -4
23.6564,      -5
23.6664,       3
23.6764,      -6
23.6864,      -4
23.6964,       6
23.7064,      -6
23.7164,       0
23.7264,      -1
23.7364,     -11
23.7464,       2
23.7564,      -8
23.7664,       1
23.7764,       2
23.7864,     -22
23.7964,       1
23.8064,      -7
23.8164,      -3
23.8264,      -4
23.8364,      12
23.8464,     -16
23.8564,     -11
23.8664,      -6
23.8764,       6
23.8864,       3
23.8964,      -5
23.9064,     -13
23.9164,      -9
23.9264,       3
23.9364,      -2
23.9464,      -2
23.9564,      -2
23.9664,       4
23.9764,       9
23.9864,      -6
23.9964,      -9
24.0064,     -10
24.0164,      -7
24.0264,      -5
24.0364,      -7
24.0464,      -6
24.0564,      -4
24.0664,      -7
24.0764,       0
24.0864,     -12
24.0964,     -13
24.1064,      -8
24.1164,      -3
24.1264,      -6
24.1364,      -4
24.1464,       3
24.1564,      -6
24.1664,      -5
24.1764,       5
24.1864,     -15
24.1964,      -3
24.2064,      -3
24.2164,      -3
24.2264,      -1
24.2364,      -1
24.2464,      -3
24.2564,      -7
24.2664,       9
24.2764,      -6
24.2864,      -3
24.2964,       2
24.3064,       2
24.3164,       3
24.3264,      -4
24.3364,      -5
24.3464,      -2
24.3564,      -6
24.3664,       1
24.3764,       2
24.3864,       6
24.3964,      -3
24.4064,       0
24.4164,      -5
24.4264,       4
24.4364,      -1
24.4464,       1
24.4564,       4
24.4664,       4
24.4764,      -7
24.4864,       3
24.4964,      -6
24.5065,       1
24.5165,       4
24.5265,     -11
24.5365,      -5
24.5465,      -5
24.5565,       7
24.5665,      -2
24.5765,      -8
24.5865,      -6
24.5965,      -5
24.6065,       2
24.6165,      -7
24.6265,      -5
24.6365,      -3
24.6465,       1
24.6565,      -2
24.6665,       1
24.6765,      -1
24.6865,      -4
24.6965,     -10
24.7065,      -1
24.7165,      -2
24.7265,      -1
24.7365,      -1
24.7465,      -1
24.7565,      -4
24.7665,      -3
24.7765,      -4
24.7865,       2
24.7965,      -3
24.8065,     -11
24.8165,       0
24.8265,       2
24.8365,      -5
24.8465,      -9
24.8565,      -4
24.8665,      -1
24.8765,      -3
24.8865,      -2
24.8965,      -2
24.9065,      -8
24.9165,     -12
24.9265,      -4
24.9365,       2
24.9465,       1
24.9565,      -1
24.9665,      -2
24.9765,      -1
24.9865,       5
24.9965,      -8
25.0065,     -15
25.0165,      -9
25.0265,       0
25.0365,      12
25.0465,      -6
25.0565,      -6
25.0665,      -1
25.0765,      -3
25.0865,       4
25.0965,      -7
25.1065,     -10
25.1165,      -2
25.1265,      -6
25.1365,     -15
25.1465,      -4
25.1565,      -5
25.1665,       5
25.1765,       3
25.1865,       6
25.1965,       2
25.2065,      -6
25.2165,       0
25.2265,      -4
25.2365,      -5
25.2465,      -9
25.2565,       0
25.2665,      -2
25.2765,      10
25.2865,      -8
25.2965,      -1
25.3065,       1
25.3165,     -11
25.3265,       0
25.3365,       0
25.3465,       5
25.3565,      -2
25.3665,      -2
25.3765,      -3
25.3865,       1
25.3965,      -3
25.4065,       0
25.4165,       4
25.4265,       3
25.4365,      -4
25.4465,       1
25.4565,       8
25.4665,      -7
25.4765,      -7
25.4865,       0
25.4965,       2
25.5066,       4
25.5166,     -13
25.5266,      -5
25.5366,       1
25.5466,       5
25.5566,       1
25.5666,       2
25.5766,       0
25.5866,       0
25.5966,       6
25.6066,      -7
25.6166,      -6
25.6266,      -8
25.6366,      -7
25.6466,       3
25.6566,       0
25.6666,       0
25.6766,      -2
25.6866,      -1
25.6966,       2
25.7066,       3
25.7166,       8
25.7266,      -2
25.7366,      -1
25.7466,       6
25.7566,       6
25.7666,      11
25.7766,      -4
25.7866,      -5
25.7966,       4
25.8066,      -8
25.8166,       5
25.8266,      -3
25.8366,      -5
25.8466,       7
25.8566,      -4
25.8666,       0
25.8766,       6
25.8866,      -9
25.8966,      -4
25.9066,       2
25.9166,       0
25.9266,       2
25.9366,      -2
25.9466,      -3
25.9566,      -2
25.9666,      -6
25.9766,      -4
25.9866,      -9
25.9966,       4
26.0066,       0
26.0166,       2
26.0266,      -2
26.0366,       1
26.0466,      -6
26.0566,      -2
26.0666,      -5
26.0766,       1
26.0866,     -11
26.0966,       2
26.1066,       3
26.1166,       3
26.1266,      -1
26.1366,      -6
26.1466,       3
26.1566,      -2
26.1666,      -3
26.1766,      -8
26.1866,       1
26.1966,       5
26.2066,      -2
26.2166,       6
26.2266,      -5
26.2366,      -1
26.2466,      -7
26.2566,      -1
26.2666,      -2
26.2766,      -4
26.2866,      10
26.2966,       2
26.3066,      -2
26.3166,       1
26.3266,       0
26.3366,      -6
26.3466,       0
26.3566,      -5
26.3666,      -4
26.3766,       3
26.3866,      -2
26.3966,      -7
26.4066,      -3
26.4166,     -11
26.4266,      -3
26.4366,      -4
26.4466,       1
26.4566,     -10
26.4666,      -3
26.4766,      -1
26.4866,       0
26.4966,      -1
26.5067,       5
26.5167,       0
26.5267,      -5
26.5367,      -3
26.5467,      -7
26.5567,      -3
26.5667,       0
26.5767,       5
26.5867,      -3
26.5967,      -3
26.6067,       1
26.6167,      -6
26.6267,      -6
26.6367,       5
26.6467,      -2
26.6567,       2
26.6667,      -7
26.6767,       2
26.6867,       0
26.6967,       0
26.7067,      -3
26.7167,       0
26.7267,      -2
26.7367,     -11
26.7467,       0
26.7567,      -5
26.7667,       7
26.7767,       2
26.7867,       8
26.7967,       0
26.8067,       5
26.8167,       1
26.8267,       8
26.8367,       0
26.8467,       2
26.8567,       1
26.8667,       3
26.8767,      -6
26.8867,      -2
26.8967,      -9
26.9067,      -9
26.9167,       1
26.9267,      -8
26.9367,      -4
26.9467,      -4
26.9567,      -5
26.9667,      -5
26.9767,      -3
26.9867,       1
26.9967,      -1
27.0067,     -10
27.0167,      -4
27.0267,       1
27.0367,      -3
27.0467,       0
27.0567,      -2
27.0667,       2
27.0767,      -8
27.0867,      -3
27.0967,      -1
27.1067,      -2
27.1167,      -6
27.1267,       1
27.1367,       1
27.1467,      -5
27.1567,       1
27.1667,      -2
27.1767,      -8
27.1867,      -5
27.1967,      -2
27.2067,       3
27.2167,      -6
27.2267,       6
27.2367,       4
27.2467,      -5
27.2567,      -4
27.2667,      -5
27.2767,       3
27.2867,      -2
27.2967,      -3
27.3067,       1
27.3167,      -2
27.3267,      -4
27.3367,       0
27.3467,      -4
27.3567,      -1
27.3667,      -3
27.3767,      -7
27.3867,      -7
27.3967,      -1
27.4067,      -2
27.4167,      -1
27.4267,      -5
27.4367,      -6
27.4467,       2
27.4567,      -3
27.4667,      -5
27.4767,      -3
27.4867,      -1
27.4967,       7
27.5068,      -1
27.5168,       0
27.5268,       1
27.5368,       1
27.5468,      -7
27.5568,       3
27.5668,      -1
27.5768,       5
27.5868,       3
27.5968,      -2
27.6068,       1
27.6168,      -7
27.6268,       1
27.6368,       0
27.6468,      -3
27.6568,      -4
27.6668,       2
27.6768,      -5
27.6868,       1
27.6968,       5
27.7068,       0
27.7168,       4
27.7268,       0
27.7368,       2
27.7468,       1
27.7568,      -6
27.7668,      -6
27.7768,       2
27.7868,      -2
27.7968,       3
27.8068,      -4
27.8168,       1
27.8268,       2
27.8368,       4
27.8468,       1
27.8568,       2
27.8668,      -2
27.8768,       0
27.8868,      -4
27.8968,      -1
27.9068,       0
27.9168,      -7
27.9268,      -1
27.9368,       6
27.9468,      -2
27.9568,       1
27.9668,      -4
27.9768,      -6
27.9868,       2
27.9968,       2
28.0068,       0
28.0168,      -2
28.0268,       0
28.0368,       1
28.0468,      -2
28.0568,      -1
28.0668,      -7
28.0768,      -2
28.0868,      -7
28.0968,       3
28.1068,       2
28.1168,      -1
28.1268,      -6
28.1368,       0
28.1468,      -3
28.1568,       1
28.1668,      -5
28.1768,       3
28.1868,       1
28.1968,       5
28.2068,       1
28.2168,       1
28.2268,      -4
28.2368,       3
28.2468,      -1
28.2568,      -3
28.2668,       2
28.2768,       1
28.2868,       0
28.2968,       2
28.3068,       0
28.3168,      -2
28.3268,       0
28.3368,      -1
28.3468,      -2
28.3568,      -1
28.3668,      -6
28.3768,       4
28.3868,      -2
28.3968,      -8
28.4068,      -1
28.4168,       2
28.4268,      -1
28.4368,       2
28.4468,       3
28.4568,      -5
28.4668,      -1
28.4768,      10
28.4868,      -3
28.4968,       0
28.5069,      -4
28.5169,      -2
28.5269,      -3
28.5369,      -2
28.5469,      -2
28.5569,       1
28.5669,       3
28.5769,       0
28.5869,      -4
28.5969,       0
28.6069,      -5
28.6169,       3
28.6269,       4
28.6369,       0
28.6469,       0
28.6569,       1
28.6669,       3
28.6769,       1
28.6869,       0
28.6969,       0
28.7069,      -4
28.7169,       2
28.7269,      -5
28.7369,      -6
28.7469,      -1
28.7569,      -2
28.7669,       0
28.7769,       5
28.7869,       4
28.7969,      -8
28.8069,      -1
28.8169,      -1
28.8269,       4
28.8369,      -2
28.8469,      -5
28.8569,       0
28.8669,       3
28.8769,      -5
28.8869,      -2
28.8969,      -1
28.9069,       3
28.9169,       0
28.9269,      -1
28.9369,       0
28.9469,       1
28.9569,       0
28.9669,      -1
28.9769,       3
28.9869,      -3
28.9969,       2
29.0069,       5
29.0169,      -9
29.0269,      -3
29.0369,       2
29.0469,       0
29.0569,      -1
29.0669,      -3
29.0769,      -3
29.0869,      -2
29.0969,      -1
29.1069,       2
29.1169,       2
29.1269,      -6
29.1369,       1
29.1469,       0
29.1569,       1
29.1669,       5
29.1769,       1
29.1869,       1
29.1969,      -1
29.2069,      -3
29.2169,       5
29.2269,      -6
29.2369,       2
29.2469,      -2
29.2569,      -2
29.2669,      -2
29.2769,      -7
29.2869,       3
29.2969,      -2
29.3069,       0
29.3169,       0
29.3269,      -3
29.3369,       3
29.3469,       4
29.3569,      -3
29.3669,      -4
29.3769,       1
29.3869,       0
29.3969,      -3
29.4069,       0
29.4169,       2
29.4269,      -6
29.4369,       1
29.4469,       1
29.4569,      -1
29.4669,       3
29.4769,      -1
29.4869,       0
29.4969,       6
29.5070,      -1
29.5170,      -1
29.5270,       2
29.5370,      -2
29.5470,       5
29.5570,      -1
29.5670,       2
29.5770,       0
29.5870,      -1
29.5970,      -4
29.6070,       0
29.6170,       0
29.6270,      -5
29.6370,       4
29.6470,      -3
29.6570,      -3
29.6670,      -2
29.6770,       3
29.6870,      -1
29.6970,      -8
29.7070,       7
29.7170,       2
29.7270,       1
29.7370,       0
29.7470,       2
29.7570,      -1
29.7670,       2
29.7770,       0
29.7870,      -4
29.7970,      -3
29.8070,       2
29.8170,       2
29.8270,       5
29.8370,       0
29.8470,       2
29.8570,       1
29.8670,       4
29.8770,      -3
29.8870,      -2
29.8970,      -1
29.9070,       0
29.9170,      -2
29.9270,      -1
29.9370,       4
29.9470,       0
29.9570,       1
29.9670,       3
29.9770,      -2
29.9870,       0
29.9970,      -1
30.0070,      -4
30.0170,      -2
30.0270,       1
30.0370,       3
30.0470,      -2
30.0570,      -3
30.0670,      -3
30.0770,       1
30.0870,      -3
30.0970,       3
30.1070,       2
30.1170,       0
30.1270,       0
30.1370,      -1
30.1470,       4
30.1570,      -1
30.1670,       5
30.1770,      -2
30.1870,       1
30.1970,       0
30.2070,       0
30.2170,      -4
30.2270,      -2
30.2370,      -3
30.2470,       4
30.2570,       1
30.2670,       2
30.2770,      -4
30.2870,       0
30.2970,      -1
30.3070,      -3
30.3170,       1
30.3270,       7
30.3370,      -2
30.3470,       4
30.3570,       0
30.3670,      -6
30.3770,      -1
30.3870,      -5
30.3970,      -3
30.4070,       3
30.4170,       0
30.4270,       2
30.4370,       0
30.4470,      -3
30.4570,      -3
30.4670,       0
30.4770,      -1
30.4870,       2
30.4970,      -2
30.5071,      -5
30.5171,      -4
30.5271,      -3
30.5371,       0
30.5471,      -2
30.5571,       1
30.5671,      -5
30.5771,       1
30.5871,       1
30.5971,      -1
30.6071,      -1
30.6171,       0
30.6271,      -2
30.6371,      -1
30.6471,      -8
30.6571,      -2
30.6671,       0
30.6771,       6
30.6871,      -4
30.6971,       3
30.7071,       2
30.7171,      -2
30.7271,      -2
30.7371,       3
30.7471,       3
30.7571,       3
30.7671,      -5
30.7771,       1
30.7871,       4
30.7971,       2
30.8071,       5
30.8171,       0
30.8271,      -1
30.8371,      -1
30.8471,      -3
30.8571,      -1
30.8671,       1
30.8771,      -1
30.8871,       4
30.8971,      -1
30.9071,       0
30.9171,      -3
30.9271,       0
30.9371,       0
30.9471,       0
30.9571,       1
30.9671,       1
30.9771,       6
30.9871,       1
30.9971,       3
31.0071,       0
31.0171,       1
31.0271,       1
31.0371,       4
31.0471,      -2
31.0571,       2
31.0671,      -2
31.0771,      -2
31.0871,       2
31.0971,      -4
31.1071,       4
31.1171,      -1
31.1271,       0
31.1371,       0
31.1471,       4
31.1571,      -1
31.1671,       0
31.1771,       2
31.1871,       1
31.1971,      -1
31.2071,       4
31.2171,      -1
31.2271,      -3
31.2371,      -5
31.2471,       2
31.2571,      -2
31.2671,      -1
31.2771,       0
31.2871,       3
31.2971,       2
31.3071,      -1
31.3171,      -4
31.3271,       1
31.3371,       3
31.3471,       1
31.3571,       3
31.3671,      -5
31.3771,       5
31.3871,       0
31.3971,       3
31.4071,       2
31.4171,       0
31.4271,      -1
31.4371,      -1
31.4471,       0
31.4571,       1
31.4671,      -1
31.4771,       0
31.4871,      -3
31.4971,       1
31.5072,       2
31.5172,      -2
31.5272,      -5
31.5372,       3
31.5472,      -3
31.5572,      -3
31.5672,      -1
31.5772,       1
31.5872,       1
31.5972,      -1
31.6072,       0
31.6172,      -4
31.6272,      -4
31.6372,       3
31.6472,      -3
31.6572,      -1
31.6672,       1
31.6772,      -4
31.6872,      -2
31.6972,       4
31.7072,       0
31.7172,      -2
31.7272,       1
31.7372,      -6
31.7472,       0
31.7572,      -5
31.7672,      -2
31.7772,      -2
31.7872,       2
31.7972,      -3
31.8072,       0
31.8172,       1
31.8272,       0
31.8372,      -1
31.8472,       1
31.8572,      -1
31.8672,       0
31.8772,      -4
31.8872,      -1
31.8972,      -1
31.9072,      -1
31.9172,       0
31.9272,      -3
31.9372,      -1
31.9472,       2
31.9572,      -1
31.9672,      -3
31.9772,       3
31.9872,      -3
31.9972,       0
32.0072,       2
32.0172,       1
32.0272,       0
32.0372,       2
32.0472,       2
32.0572,      -5
32.0672,      -1
32.0772,       3
32.0872,       0
32.0972,       2
32.1072,      -3
32.1172,       0
32.1272,      -3
32.1372,       0
32.1472,       2
32.1572,      -2
32.1672,       4
32.1772,      -3
32.1872,       1
32.1972,       0
32.2072,       0
32.2172,       4
32.2272,       0
32.2372,      -4
32.2472,      -6
32.2572,       0
32.2672,       1
32.2772,      -5
32.2872,       1
32.2972,      -1
32.3072,       4
32.3172,       2
32.3272,      -2
32.3372,      -2
32.3472,       2
32.3572,      -4
32.3672,      -5
32.3772,       1
32.3872,       2
32.3972,       0
32.4072,      -2
32.4172,       0
32.4272,       3
32.4372,       1
32.4472,      -1
32.4572,       1
32.4672,      -5
32.4772,      -1
32.4872,      -4
32.4972,       0
32.5073,      -3
32.5173,      -3
32.5273,      -3
32.5373,      -1
32.5473,       1
32.5573,       0
32.5673,      -1
32.5773,       0
32.5873,      -3
32.5973,      -4
32.6073,       2
32.6173,      -1
32.6273,      -1
32.6373,      -1
32.6473,      -2
32.6573,      -1
32.6673,       1
32.6773,      -1
32.6873,       0
32.6973,      -3
32.7073,      -4
32.7173,       2
32.7273,       1
32.7373,       1
32.7473,      -1
32.7573,      -2
32.7673,      -2
32.7773,       0
32.7873,       3
32.7973,       1
32.8073,       1
32.8173,      -3
32.8273,      -2
32.8373,      -2
32.8473,      -2
32.8573,      -4
32.8673,      -1
32.8773,      -3
32.8873,      -2
32.8973,      -1
32.9073,      -1
32.9173,       1
32.9273,       1
32.9373,       1
32.9473,       2
32.9573,      -2
32.9673,       1
32.9773,       1
32.9873,      -1
32.9973,      -1
33.0073,      -6
33.0173,      -7
33.0273,      -3
33.0373,       1
33.0473,       0
33.0573,       0
33.0673,       0
33.0773,       4
33.0873,       0
33.0973,       0
33.1073,       2
33.1173,       2
33.1273,       0
33.1373,       2
33.1473,       0
33.1573,      -1
33.1673,       2
33.1773,      -2
33.1873,      -2
33.1973,      -3
33.2073,      -3
33.2173,       1
33.2273,       0
33.2373,       0
33.2473,       1
33.2573,       1
33.2673,      -1
33.2773,      -4
33.2873,       1
33.2973,       0
33.3073,      -1
33.3173,      -2
33.3273,      -1
33.3373,      -2
33.3473,       0
33.3573,      -4
33.3673,       0
33.3773,      -1
33.3873,       2
33.3973,       1
33.4073,       0
33.4173,       3
33.4273,       1
33.4373,      -1
33.4473,      -1
33.4573,       1
33.4673,      -2
33.4773,       2
33.4873,       0
33.4973,       1
33.5074,      -2
33.5174,      -3
33.5274,      -3
33.5374,       1
33.5474,      -1
33.5574,       0
33.5674,       0
33.5774,       2
33.5874,      -5
33.5974,       0
33.6074,      -2
33.6174,      -1
33.6274,      -4
33.6374,      -1
33.6474,       0
33.6574,      -2
33.6674,      -1
33.6774,       0
33.6874,      -1
33.6974,       0
33.7074,       3
33.7174,      -1
33.7274,       0
33.7374,       2
33.7474,      -1
33.7574,       3
33.7674,      -1
33.7774,       1
33.7874,       0
33.7974,      -4
33.8074,      -2
33.8174,      -1
33.8274,      -1
33.8374,      -1
33.8474,       1
33.8574,      -1
33.8674,      -3
33.8774,       0
33.8874,       1
33.8974,      -1
33.9074,      -2
33.9174,       1
33.9274,       0
33.9374,       0
33.9474,      -1
33.9574,       1
33.9674,      -1
33.9774,       1
33.9874,      -1
33.9974,      -1
34.0074,       2
34.0174,       0
34.0274,       1
34.0374,      -1
34.0474,      -1
34.0574,       0
34.0674,      -1
34.0774,      -4
34.0874,       1
34.0974,      -2
34.1074,       1
34.1174,      -4
34.1274,       1
34.1374,      -2
34.1474,      -2
34.1574,      -4
34.1674,       0
34.1774,      -1
34.1874,       2
34.1974,      -1
34.2074,       0
34.2174,      -1
34.2274,       1
34.2374,       0
34.2474,      -1
34.2574,       1
34.2674,      -1
34.2774,      -3
34.2874,      -1
34.2974,      -2
34.3074,       1
34.3174,      -1
34.3274,      -1
34.3374,      -1
34.3474,      -1
34.3574,       0
34.3674,      -1
34.3774,      -1
34.3874,      -1
34.3974,       1
34.4074,      -5
34.4174,      -1
34.4274,       0
34.4374,       1
34.4474,      -2
34.4574,      -1
34.4674,       0
34.4774,      -1
34.4874,       0
34.4974,       1
34.5075,       0
34.5175,       1
34.5275,      -1
34.5375,       2
34.5475,      -1
34.5575,      -4
34.5675,       1
34.5775,      -1
34.5875,      -1
34.5975,       1
34.6075,      -1
34.6175,      -1
34.6275,      -3
34.6375,       0
34.6475,       0
34.6575,      -1
34.6675,       0
34.6775,       0
34.6875,       5
34.6975,       0
34.7075,       1
34.7175,      -2
34.7275,       1
34.7375,      -1
34.7475,       2
34.7575,      -1
34.7675,      -3
34.7775,       0
34.7875,      -1
34.7975,      -1
34.8075,      -1
34.8175,      -1
34.8275,       1
34.8375,       1
34.8475,      -1
34.8575,       1
34.8675,       0
34.8775,       0
34.8875,      -2
34.8975,      -1
34.9075,      -2
34.9175,       1
34.9275,       1
34.9375,      -1
34.9475,       3
34.9575,       0
34.9675,       2
34.9775,       3
34.9875,      -1
34.9975,      -1
35.0075,      -2
35.0175,       1
35.0275,      -2
35.0375,      -1
35.0475,       0
35.0575,      -1
35.0675,       0
35.0775,      -2
35.0875,       1
35.0975,       2
35.1075,       2
35.1175,       0
35.1275,       0
35.1375,      -2
35.1475,       0
35.1575,       1
35.1675,      -1
35.1775,       1
35.1875,      -1
35.1975,       2
35.2075,       0
35.2175,       1
35.2275,      -1
35.2375,       1
35.2475,      -1
35.2575,      -1
35.2675,      -1
35.2775,       0
35.2875,       0
35.2975,      -1
35.3075,       0
35.3175,       0
35.3275,       1
35.3375,      -1
35.3475,       1
35.3575,       0
35.3675,      -2
35.3775,      -1
35.3875,      -1
35.3975,       1
35.4075,       1
35.4175,      -1
35.4275,       0
35.4375,       0
35.4475,       0
35.4575,      -1
35.4675,       0
35.4775,      -1
35.4875,       1
35.4975,       0
35.5076,       0
35.5176,       2
35.5276,      -2
35.5376,       1
35.5476,       0
35.5576,      -3
35.5676,      -2
35.5776,      -1
35.5876,       0
35.5976,      -2
35.6076,       2
35.6176,      -1
35.6276,       0
35.6376,       2
35.6476,       4
35.6576,       0
35.6676,       0
35.6776,       0
35.6876,      -3
35.6976,       0
35.7076,       1
35.7176,       1
35.7276,       2
35.7376,      -1
35.7476,       0
35.7576,       0
35.7676,       0
35.7776,       0
35.7876,       1
35.7976,      -1
35.8076,      -2
35.8176,      -1
35.8276,       3
35.8376,      -1
35.8476,      -2
35.8576,       0
35.8676,       1
35.8776,      -1
35.8876,       0
35.8976,      -1
35.9076,       0
35.9176,       0
35.9276,       1
35.9376,       1
35.9476,       1
35.9576,      -4
35.9676,      -4
35.9776,      -3
35.9876,       1
35.9976,      -1
36.0076,      -2
36.0176,      -1
36.0276,       0
36.0376,       2
36.0476,      -1
36.0576,      -1
36.0676,       3
36.0776,       0
36.0876,      -1
36.0976,       0
36.1076,      -1
36.1176,      -2
36.1276,       0
36.1376,       1
36.1476,      -2
36.1576,       0
36.1676,       0
36.1776,       1
36.1876,      -2
36.1976,      -1
36.2076,      -2
36.2176,       0
36.2276,       1
36.2376,      -3
36.2476,      -1
36.2576,       0
36.2676,      -1
36.2776,       0
36.2876,       0
36.2976,       0
36.3076,      -1
36.3176,       0
36.3276,       1
36.3376,       0
36.3476,       0
36.3576,       2
36.3676,      -1
36.3776,       0
36.3876,       0
36.3976,      -1
36.4076,       0
36.4176,      -1
36.4276,      -2
36.4376,       0
36.4476,       1
36.4576,       1
36.4676,      -2
36.4776,       0
36.4876,       0
36.4976,       0
36.5077,       0
36.5177,      -1
36.5277,       0
36.5377,      -1
36.5477,       0
36.5577,       1
36.5677,       1
36.5777,      -2
36.5877,       0
36.5977,      -1
36.6077,      -2
36.6177,       1
36.6277,       0
36.6377,       1
36.6477,       0
36.6577,       2
36.6677,       2
36.6777,       1
36.6877,       0
36.6977,       2
36.7077,      -1
36.7177,       1
36.7277,      -2
36.7377,       1
36.7477,       0
36.7577,       0
36.7677,       0
36.7777,       1
36.7877,      -1
36.7977,       0
36.8077,      -1
36.8177,      -1
36.8277,      -1
36.8377,       0
36.8477,      -1
36.8577,       1
36.8677,      -1
36.8777,      -1
36.8877,       0
36.8977,       0
36.9077,       0
36.9177,      -1
36.9277,       1
36.9377,       0
36.9477,       2
36.9577,      -3
36.9677,       0
36.9777,      -1
36.9877,       1
36.9977,       0
37.0077,      -1
37.0177,      -1
37.0277,      -1
37.0377,      -1
37.0477,       0
37.0577,       0
37.0677,       0
37.0777,       0
37.0877,       1
37.0977,       0
37.1077,       0
37.1177,       0
37.1277,       2
37.1377,       0
37.1477,      -1
37.1577,      -1
37.1677,       0
37.1777,       1
37.1877,      -1
37.1977,       1
37.2077,       0
37.2177,       0
37.2277,       0
37.2377,      -1
37.2477,       0
37.2577,       1
37.2677,       1
37.2777,       0
37.2877,      -1
37.2977,      -1
37.3077,       1
37.3177,      -2
37.3277,       0
37.3377,       1
37.3477,      -1
37.3577,       0
37.3677,      -3
37.3777,       1
37.3877,      -3
37.3977,      -1
37.4077,      -1
37.4177,      -1
37.4277,      -1
37.4377,      -1
37.4477,      -2
37.4577,       2
37.4677,      -2
37.4777,       1
37.4877,      -1
37.4977,       0
37.5078,      -1
37.5178,       0
37.5278,      -2
37.5378,      -3
37.5478,       0
37.5578,      -1
37.5678,       1
37.5778,      -1
37.5878,      -1
37.5978,      -2
37.6078,      -1
37.6178,      -1
37.6278,       0
37.6378,      -1
37.6478,      -2
37.6578,       0
37.6678,      -1
37.6778,       0
37.6878,      -2
37.6978,      -1
37.7078,       0
37.7178,       2
37.7278,       0
37.7378,      -1
37.7478,       0
37.7578,       1
37.7678,       0
37.7778,       1
37.7878,      -1
37.7978,       0
37.8078,       0
37.8178,      -2
37.8278,       1
37.8378,       1
37.8478,      -1
37.8578,       1
37.8678,      -1
37.8778,       1
37.8878,       0
37.8978,      -2
37.9078,       2
37.9178,       0
37.9278,       1
37.9378,       1
37.9478,       0
37.9578,       0
37.9678,      -1
37.9778,       0
37.9878,       2
37.9978,       2
38.0078,       0
38.0178,      -2
38.0278,       0
38.0378,       1
38.0478,       1
38.0578,       0
38.0678,       0
38.0778,       1
38.0878,      -1
38.0978,       0
38.1078,      -2
38.1178,      -1
38.1278,       0
38.1378,       0
38.1478,       0
38.1578,      -1
38.1678,       0
38.1778,       0
38.1878,       1
38.1978,       1
38.2078,      -1
38.2178,       0
38.2278,       1
38.2378,      -1
38.2478,       0
38.2578,      -2
38.2678,      -1
38.2778,       0
38.2878,       0
38.2978,       0
38.3078,       0
38.3178,      -1
38.3278,       1
38.3378,      -1
38.3478,      -1
38.3578,       0
38.3678,       0
38.3778,       1
38.3878,       0
38.3978,      -1
38.4078,       0
38.4178,      -1
38.4278,       0
38.4378,      -1
38.4478,       0
38.4578,      -2
38.4678,       0
38.4778,      -1
38.4878,       2
38.4978,       0
38.5079,       1
38.5179,       1
38.5279,      -2
38.5379,       2
38.5479,       0
38.5579,       2
38.5679,       1
38.5779,      -1
38.5879,       0
38.5979,       0
38.6079,      -1
38.6179,       0
38.6279,       0
38.6379,       0
38.6479,       0
38.6579,       0
38.6679,       0
38.6779,       0
38.6879,      -1
38.6979,      -1
38.7079,       0
38.7179,       0
38.7279,       0
38.7379,       0
38.7479,       0
38.7579,       1
38.7679,       0
38.7779,       1
38.7879,       0
38.7979,      -1
38.8079,      -1
38.8179,       0
38.8279,      -1
38.8379,      -1
38.8479,      -2
38.8579,       0
38.8679,       1
38.8779,       0
38.8879,      -2
38.8979,      -2
38.9079,       0
38.9179,      -1
38.9279,       1
38.9379,       0
38.9479,       0
38.9579,       1
38.9679,       0
38.9779,       0
38.9879,       0
38.9979,       0
39.0079,       0
39.0179,       0
39.0279,       1
39.0379,       0
39.0479,      -1
39.0579,       0
39.0679,       0
39.0779,       0
39.0879,       0
39.0979,       0
39.1079,       0
39.1179,       0
39.1279,       0
39.1379,       0
39.1479,      -1
39.1579,       0
39.1679,       0
39.1779,       0
39.1879,      -1
39.1979,       0
39.2079,      -2
39.2179,       1
39.2279,      -1
39.2379,      -1
39.2479,      -1
39.2579,      -1
39.2679,       0
39.2779,       0
39.2879,       0
39.2979,       0
39.3079,       2
39.3179,       1
39.3279,       0
39.3379,       0
39.3479,       0
39.3579,       0
39.3679,      -1
39.3779,       0
39.3879,       0
39.3979,       1
39.4079,       0
39.4179,       0
39.4279,       0
39.4379,      -1
39.4479,       0
39.4579,       0
39.4679,       0
39.4779,       0
39.4879,      -1
39.4979,      -1
39.5080,       1
39.5180,       0
39.5280,       1
39.5380,       0
39.5480,       0
39.5580,       0
39.5680,       0
39.5780,      -1
39.5880,       0
39.5980,       0
39.6080,       1
39.6180,       0
39.6280,       0
39.6380,       0
39.6480,      -1
39.6580,       0
39.6680,       0
39.6780,       1
39.6880,      -1
39.6980,       0
39.7080,      -1
39.7180,       0
39.7280,       1
39.7380,      -1
39.7480,      -1
39.7580,      -2
39.7680,      -1
39.7780,       1
39.7880,       0
39.7980,       0
39.8080,       0
39.8180,       0
39.8280,      -1
39.8380,       1
39.8480,       0
39.8580,       0
39.8680,       0
39.8780,       0
39.8880,       0
39.8980,       0
39.9080,      -1
39.9180,       1
39.9280,       0
39.9380,       0
39.9480,      -1
39.9580,       0
39.9680,       0
39.9780,       0
39.9880,       1
39.9980,       0
