-0.9561,       0
-0.9461,       0
-0.9361,       0
-0.9261,       0
-0.9161,       0
-0.9061,       0
-0.8961,       0
-0.8861,       0
-0.8761,       0
-0.8661,       0
-0.8561,       0
-0.8461,       0
-0.8361,       0
-0.8261,       0
-0.8161,       0
-0.8061,       0
-0.7961,       0
-0.7861,       0
-0.7761,       0
-0.7661,       0
-0.7561,       0
-0.7461,       0
-0.7361,       0
-0.7261,       0
-0.7161,       0
-0.7061,       0
-0.6961,       0
-0.6861,       0
-0.6761,       0
-0.6661,       0
-0.6561,       0
-0.6461,       0
-0.6361,       0
-0.6261,       0
-0.6161,       0
-0.6061,       0
-0.5961,       0
-0.5861,       0
-0.5761,       0
-0.5661,       0
-0.5561,       0
-0.5461,       0
-0.5361,       0
-0.5261,       0
-0.5161,       0
-0.5061,       0
-0.4960,       0
-0.4860,       0
-0.4760,       0
-0.4660,       0
-0.4560,       0
-0.4460,       0
-0.4360,       0
-0.4260,       0
-0.4160,       0
-0.4060,       0
-0.3960,       0
-0.3860,       0
-0.3760,       0
-0.3660,       0
-0.3560,       0
-0.3460,       0
-0.3360,       0
-0.3260,       0
-0.3160,       0
-0.3060,       0
-0.2960,       0
-0.2860,       0
-0.2760,       0
-0.2660,      -1
-0.2560,      -2
-0.2460,      -1
-0.2360,      -3
-0.2260,      -2
-0.2160,      -1
-0.2060,      -4
-0.1960,       0
-0.1860,      -1
-0.1760,      -1
-0.1660,      -4
-0.1560,      -1
-0.1460,      -9
-0.1360,      -5
-0.1260,       5
-0.1160,     -15
-0.1060,     -24
-0.0960,      24
-0.0860,     -21
-0.0760,      61
-0.0660,     -69
-0.0560,       3
-0.0460,     124
-0.0360,     153
-0.0260,     275
-0.0160,     -10
-0.0060,    -252
 0.0040,     106
 0.0140,     -59
 0.0240,      80
 0.0340,    -133
 0.0440,     -44
 0.0540,     -72
 0.0640,    -113
 0.0740,      16
 0.0840,      74
 0.0940,      18
 0.1040,      26
 0.1140,     -13
 0.1240,     -10
 0.1340,       4
 0.1440,      -1
 0.1540,       0
 0.1640,       1
 0.1740,      -1
 0.1840,       0
 0.1940,       1
 0.2040,       1
 0.2140,       0
 0.2240,       0
 0.2340,       1
 0.2440,      -1
 0.2540,       0
 0.2640,       0
 0.2740,       0
 0.2840,       0
 0.2940,       0
 0.3040,      -8
 0.3140,     -23
 0.3240,     -21
 0.3340,     -13
 0.3440,     -22
 0.3540,     -14
 0.3640,      -3
 0.3740,     -38
 0.3840,     -39
 0.3940,      -7
 0.4040,      -4
 0.4140,     -13
 0.4240,      -2
 0.4340,     -14
 0.4440,     -10
 0.4540,     -14
 0.4640,      -5
 0.4740,      -4
 0.4840,     -21
 0.4940,     -18
 0.5041,     -14
 0.5141,     -20
 0.5241,     -12
 0.5341,     -10
 0.5441,      -7
 0.5541,     -12
 0.5641,     -11
 0.5741,       6
 0.5841,     -16
 0.5941,       2
 0.6041,      -5
 0.6141,      -8
 0.6241,      -9
 0.6341,      -9
 0.6441,     -20
 0.6541,      -9
 0.6641,     -17
 0.6741,     -18
 0.6841,     -10
 0.6941,     -20
 0.7041,     -17
 0.7141,      -8
 0.7241,     -11
 0.7341,     -11
 0.7441,      -6
 0.7541,     -13
 0.7641,       2
 0.7741,      -9
 0.7841,     -17
 0.7941,     -20
 0.8041,     -18
 0.8141,     -16
 0.8241,     -16
 0.8341,      -4
 0.8441,     -15
 0.8541,      -5
 0.8641,     -13
 0.8741,      -8
 0.8841,     -14
 0.8941,      -2
 0.9041,     -17
 0.9141,     -18
 0.9241,     -17
 0.9341,      -8
 0.9441,     -15
 0.9541,     -20
 0.9641,     -11
 0.9741,     -23
 0.9841,     -15
 0.9941,      -4
 1.0041,     -21
 1.0141,     -13
 1.0241,     -15
 1.0341,       0
 1.0441,     -15
 1.0541,     -11
 1.0641,     -12
 1.0741,     -25
 1.0841,       0
 1.0941,     -15
 1.1041,     -12
 1.1141,     -10
 1.1241,      -4
 1.1341,     -19
 1.1441,      -1
 1.1541,       3
 1.1641,      -2
 1.1741,      -4
 1.1841,       6
 1.1941,     -15
 1.2041,      -4
 1.2141,     -14
 1.2241,      -7
 1.2341,     -11
 1.2441,      10
 1.2541,     -10
 1.2641,      -5
 1.2741,      -3
 1.2841,     -18
 1.2941,       0
 1.3041,      -7
 1.3141,       9
 1.3241,       3
 1.3341,      23
 1.3441,      10
 1.3541,      21
 1.3641,      24
 1.3741,      26
 1.3841,      35
 1.3941,      29
 1.4041,      31
 1.4141,      29
 1.4241,      33
 1.4341,      24
 1.4441,      29
 1.4541,       6
 1.4641,      14
 1.4741,       5
 1.4841,       9
 1.4941,       6
 1.5042,       7
 1.5142,      -1
 1.5242,       7
 1.5342,      15
 1.5442,      13
 1.5542,      12
 1.5642,      25
 1.5742,      23
 1.5842,      34
 1.5942,      31
 1.6042,      28
 1.6142,      25
 1.6242,       7
 1.6342,       6
 1.6442,      17
 1.6542,      11
 1.6642,      10
 1.6742,      10
 1.6842,      24
 1.6942,       9
 1.7042,      29
 1.7142,       6
 1.7242,      20
 1.7342,       9
 1.7442,      12
 1.7542,       6
 1.7642,       7
 1.7742,       7
 1.7842,      11
 1.7942,      -3
 1.8042,       5
 1.8142,       2
 1.8242,       9
 1.8342,      -5
 1.8442,       2
 1.8542,      -3
 1.8642,     -14
 1.8742,     -25
 1.8842,     -14
 1.8942,     -33
 1.9042,     -46
 1.9142,     -61
 1.9242,     -75
 1.9342,     -94
 1.9442,     -95
 1.9542,    -106
 1.9642,     -99
 1.9742,     -84
 1.9842,     -92
 1.9942,     -70
 2.0042,     -58
 2.0142,     -41
 2.0242,     -41
 2.0342,     -27
 2.0442,     -25
 2.0542,     -10
 2.0642,      -4
 2.0742,      -8
 2.0842,      -2
 2.0942,       2
 2.1042,      -3
 2.1142,       5
 2.1242,       1
 2.1342,      -3
 2.1442,      -3
 2.1542,       0
 2.1642,       0
 2.1742,      -3
 2.1842,       3
 2.1942,       5
 2.2042,      23
 2.2142,      10
 2.2242,      28
 2.2342,      62
 2.2442,      90
 2.2542,     163
 2.2642,     169
 2.2742,     246
 2.2842,     288
 2.2942,     329
 2.3042,     348
 2.3142,     411
 2.3242,     421
 2.3342,     408
 2.3442,     385
 2.3542,     303
 2.3642,     286
 2.3742,     252
 2.3842,     155
 2.3942,     143
 2.4042,     102
 2.4142,      79
 2.4242,      58
 2.4342,      50
 2.4442,      54
 2.4542,      26
 2.4642,      51
 2.4742,      47
 2.4842,      42
 2.4942,      40
 2.5043,      47
 2.5143,      36
 2.5243,      34
 2.5343,      18
 2.5443,      20
 2.5543,       5
 2.5643,      13
 2.5743,       0
 2.5843,       1
 2.5943,       7
 2.6043,      12
 2.6143,       0
 2.6243,       0
 2.6343,      -7
 2.6443,     -10
 2.6543,       8
 2.6643,       0
 2.6743,      -3
 2.6843,      -3
 2.6943,       9
 2.7043,     -12
 2.7143,      -5
 2.7243,     -11
 2.7343,       5
 2.7443,     -17
 2.7543,       2
 2.7643,      15
 2.7743,       6
 2.7843,      22
 2.7943,      -9
 2.8043,      -4
 2.8143,      40
 2.8243,      21
 2.8343,      24
 2.8443,       0
 2.8543,      23
 2.8643,      39
 2.8743,       3
 2.8843,       8
 2.8943,      -3
 2.9043,      36
 2.9143,      18
 2.9243,      10
 2.9343,      30
 2.9443,      22
 2.9543,      34
 2.9643,      20
 2.9743,      34
 2.9843,      -5
 2.9943,      45
 3.0043,     137
 3.0143,      94
 3.0243,     140
 3.0343,     214
 3.0443,     339
 3.0543,     488
 3.0643,     658
 3.0743,     889
 3.0843,    1233
 3.0943,    1591
 3.1043,    1935
 3.1143,    2388
 3.1243,    2631
 3.1343,    2903
 3.1443,    3024
 3.1543,    3148
 3.1643,    3101
 3.1743,    2822
 3.1843,    2591
 3.1943,    2306
 3.2043,    1839
 3.2143,    1540
 3.2243,    1207
 3.2343,    1018
 3.2443,     821
 3.2543,     819
 3.2643,     872
 3.2743,     988
 3.2843,    1074
 3.2943,    1263
 3.3043,    1458
 3.3143,    1579
 3.3243,    1705
 3.3343,    1743
 3.3443,    1794
 3.3543,    1816
 3.3643,    1723
 3.3743,    1616
 3.3843,    1467
 3.3943,    1357
 3.4043,    1241
 3.4143,    1059
 3.4243,     940
 3.4343,     767
 3.4443,     737
 3.4543,     632
 3.4643,     559
 3.4743,     460
 3.4843,     482
 3.4943,     448
 3.5044,     435
 3.5144,     402
 3.5244,     367
 3.5344,     392
 3.5444,     369
 3.5544,     292
 3.5644,     173
 3.5744,      12
 3.5844,    -243
 3.5944,    -546
 3.6044,   -1021
 3.6144,   -1628
 3.6244,   -2380
 3.6344,   -3194
 3.6444,   -4002
 3.6544,   -5261
 3.6644,   -6239
 3.6744,   -7380
 3.6844,   -8246
 3.6944,   -8785
 3.7044,   -9181
 3.7144,   -8899
 3.7244,   -8694
 3.7344,   -8040
 3.7444,   -7232
 3.7544,   -6121
 3.7644,   -5136
 3.7744,   -4204
 3.7844,   -3198
 3.7944,   -2435
 3.8044,   -1676
 3.8144,   -1145
 3.8244,    -786
 3.8344,    -513
 3.8444,    -321
 3.8544,    -220
 3.8644,    -118
 3.8744,    -104
 3.8844,    -100
 3.8944,    -114
 3.9044,    -131
 3.9144,    -105
 3.9244,    -198
 3.9344,    -278
 3.9444,    -389
 3.9544,    -445
 3.9644,    -611
 3.9744,    -730
 3.9844,    -915
 3.9944,   -1098
 4.0044,   -1203
 4.0144,   -1259
 4.0244,   -1348
 4.0344,   -1328
 4.0444,   -1367
 4.0544,   -1242
 4.0644,   -1053
 4.0744,   -1022
 4.0844,    -868
 4.0944,    -698
 4.1044,    -523
 4.1144,    -424
 4.1244,    -352
 4.1344,    -244
 4.1444,    -175
 4.1544,    -127
 4.1644,     -77
 4.1744,     -53
 4.1844,     -41
 4.1944,     -16
 4.2044,     -18
 4.2144,      -8
 4.2244,     -16
 4.2344,     -12
 4.2444,     -24
 4.2544,     -13
 4.2644,     -16
 4.2744,     -15
 4.2844,     -15
 4.2944,     -11
 4.3044,     -32
 4.3144,     -26
 4.3244,     -36
 4.3344,     -29
 4.3444,     -78
 4.3544,    -109
 4.3644,    -160
 4.3744,    -212
 4.3844,    -327
 4.3944,    -494
 4.4044,    -716
 4.4144,    -970
 4.4244,   -1439
 4.4344,   -1852
 4.4444,   -2491
 4.4544,   -3366
 4.4644,   -4027
 4.4744,   -4994
 4.4844,   -5686
 4.4944,   -6566
 4.5045,   -7153
 4.5145,   -7497
 4.5245,   -7679
 4.5345,   -7508
 4.5445,   -7276
 4.5545,   -6881
 4.5645,   -6195
 4.5745,   -5302
 4.5845,   -4405
 4.5945,   -3662
 4.6045,   -2905
 4.6145,   -2272
 4.6245,   -1619
 4.6345,   -1259
 4.6445,    -893
 4.6545,    -524
 4.6645,    -380
 4.6745,    -232
 4.6845,    -148
 4.6945,    -112
 4.7045,     -65
 4.7145,     -47
 4.7245,     -43
 4.7345,     -44
 4.7445,     -40
 4.7545,     -29
 4.7645,     -41
 4.7745,     -42
 4.7845,     -40
 4.7945,     -86
 4.8045,     -88
 4.8145,    -116
 4.8245,    -171
 4.8345,    -207
 4.8445,    -250
 4.8545,    -341
 4.8645,    -434
 4.8745,    -513
 4.8845,    -586
 4.8945,    -742
 4.9045,    -864
 4.9145,    -968
 4.9245,   -1043
 4.9345,   -1114
 4.9445,   -1146
 4.9545,   -1111
 4.9645,   -1151
 4.9745,   -1076
 4.9845,    -934
 4.9945,    -857
 5.0045,    -705
 5.0145,    -594
 5.0245,    -524
 5.0345,    -426
 5.0445,    -312
 5.0545,    -233
 5.0645,    -161
 5.0745,     -98
 5.0845,     -87
 5.0945,     -66
 5.1045,     -35
 5.1145,     -27
 5.1245,     -14
 5.1345,      -1
 5.1445,     -14
 5.1545,     -14
 5.1645,      -5
 5.1745,      -3
 5.1845,      -4
 5.1945,       6
 5.2045,      -5
 5.2145,      -9
 5.2245,      -5
 5.2345,      -4
 5.2445,     -14
 5.2545,      -2
 5.2645,      12
 5.2745,       4
 5.2845,      -1
 5.2945,      -4
 5.3045,       9
 5.3145,       9
 5.3245,      10
 5.3345,       5
 5.3445,      15
 5.3545,       4
 5.3645,      11
 5.3745,       6
 5.3845,       9
 5.3945,       8
 5.4045,      -8
 5.4145,       1
 5.4245,      10
 5.4345,       5
 5.4445,      17
 5.4545,       8
 5.4645,      -1
 5.4745,       5
 5.4845,       4
 5.4945,      -9
 5.5046,      -2
 5.5146,     -17
 5.5246,      13
 5.5346,       0
 5.5446,      10
 5.5546,      11
 5.5646,      -5
 5.5746,      -4
 5.5846,      10
 5.5946,      -5
 5.6046,      -6
 5.6146,       9
 5.6246,      -5
 5.6346,      -8
 5.6446,      -1
 5.6546,      -5
 5.6646,       5
 5.6746,     -10
 5.6846,      -8
 5.6946,      11
 5.7046,       3
 5.7146,      -4
 5.7246,      10
 5.7346,      -7
 5.7446,      11
 5.7546,       4
 5.7646,      28
 5.7746,      11
 5.7846,       8
 5.7946,     -10
 5.8046,       1
 5.8146,     -15
 5.8246,     -21
 5.8346,     -10
 5.8446,     -18
 5.8546,     -25
 5.8646,     -21
 5.8746,     -18
 5.8846,     -22
 5.8946,     -42
 5.9046,     -43
 5.9146,     -31
 5.9246,     -37
 5.9346,     -24
 5.9446,     -16
 5.9546,     -36
 5.9646,     -39
 5.9746,     -32
 5.9846,     -28
 5.9946,     -11
 6.0046,     -24
 6.0146,     -17
 6.0246,     -25
 6.0346,     -13
 6.0446,     -19
 6.0546,     -25
 6.0646,     -13
 6.0746,     -10
 6.0846,     -12
 6.0946,     -13
 6.1046,     -19
 6.1146,     -42
 6.1246,     -11
 6.1346,     -18
 6.1446,      -7
 6.1546,     -26
 6.1646,     -12
 6.1746,     -47
 6.1846,     -23
 6.1946,     -31
 6.2046,     -12
 6.2146,     -25
 6.2246,     -15
 6.2346,     -24
 6.2446,     -30
 6.2546,     -46
 6.2646,     -31
 6.2746,     -54
 6.2846,     -63
 6.2946,     -74
 6.3046,    -106
 6.3146,    -101
 6.3246,    -133
 6.3346,    -160
 6.3446,    -210
 6.3546,    -260
 6.3646,    -288
 6.3746,    -312
 6.3846,    -382
 6.3946,    -379
 6.4046,    -396
 6.4146,    -400
 6.4246,    -375
 6.4346,    -415
 6.4446,    -370
 6.4546,    -380
 6.4646,    -310
 6.4746,    -263
 6.4846,    -205
 6.4946,    -181
 6.5047,    -159
 6.5147,    -130
 6.5247,    -101
 6.5347,     -81
 6.5447,     -62
 6.5547,     -55
 6.5647,     -21
 6.5747,     -13
 6.5847,     -12
 6.5947,     -18
 6.6047,       0
 6.6147,     -28
 6.6247,     -10
 6.6347,     -21
 6.6447,     -31
 6.6547,     -14
 6.6647,      16
 6.6747,     -38
 6.6847,     -19
 6.6947,     -43
 6.7047,     -13
 6.7147,     -15
 6.7247,      -2
 6.7347,     -18
 6.7447,      -8
 6.7547,     -19
 6.7647,     -39
 6.7747,     -37
 6.7847,     -21
 6.7947,     -39
 6.8047,     -20
 6.8147,     -21
 6.8247,     -21
 6.8347,     -16
 6.8447,     -34
 6.8547,     -38
 6.8647,     -29
 6.8747,     -43
 6.8847,     -49
 6.8947,     -17
 6.9047,     -51
 6.9147,     -34
 6.9247,     -59
 6.9347,     -18
 6.9447,     -26
 6.9547,     -42
 6.9647,     -59
 6.9747,     -25
 6.9847,     -68
 6.9947,     -62
 7.0047,     -91
 7.0147,     -86
 7.0247,     -55
 7.0347,     -85
 7.0447,     -93
 7.0547,    -125
 7.0647,     -88
 7.0747,     -83
 7.0847,     -86
 7.0947,     -93
 7.1047,     -92
 7.1147,     -78
 7.1247,    -100
 7.1347,     -80
 7.1447,     -60
 7.1547,     -75
 7.1647,     -75
 7.1747,     -72
 7.1847,     -58
 7.1947,     -51
 7.2047,     -57
 7.2147,     -53
 7.2247,     -73
 7.2347,     -80
 7.2447,     -35
 7.2547,     -43
 7.2647,     -59
 7.2747,     -80
 7.2847,     -71
 7.2947,     -77
 7.3047,     -73
 7.3147,     -77
 7.3247,     -72
 7.3347,     -51
 7.3447,     -60
 7.3547,     -49
 7.3647,     -57
 7.3747,     -94
 7.3847,     -28
 7.3947,     -73
 7.4047,     -60
 7.4147,     -41
 7.4247,     -43
 7.4347,     -87
 7.4447,     -71
 7.4547,     -65
 7.4647,     -64
 7.4747,     -77
 7.4847,     -67
 7.4947,     -80
 7.5048,     -58
 7.5148,     -86
 7.5248,     -82
 7.5348,     -76
 7.5448,     -86
 7.5548,    -107
 7.5648,     -62
 7.5748,     -79
 7.5848,     -98
 7.5948,    -105
 7.6048,    -109
 7.6148,    -102
 7.6248,     -98
 7.6348,     -67
 7.6448,     -88
 7.6548,     -96
 7.6648,     -64
 7.6748,     -75
 7.6848,     -88
 7.6948,     -86
 7.7048,    -103
 7.7148,     -82
 7.7248,     -82
 7.7348,     -91
 7.7448,     -93
 7.7548,    -110
 7.7648,     -83
 7.7748,     -93
 7.7848,     -86
 7.7948,    -104
 7.8048,     -77
 7.8148,     -86
 7.8248,    -103
 7.8348,     -97
 7.8448,    -110
 7.8548,    -104
 7.8648,     -74
 7.8748,     -80
 7.8848,     -83
 7.8948,     -81
 7.9048,    -109
 7.9148,    -101
 7.9248,     -75
 7.9348,    -104
 7.9448,    -155
 7.9548,    -118
 7.9648,    -116
 7.9748,     -89
 7.9848,    -104
 7.9948,     -90
 8.0048,     -97
 8.0148,    -101
 8.0248,     -90
 8.0348,     -91
 8.0448,    -114
 8.0548,    -105
 8.0648,     -99
 8.0748,     -99
 8.0848,     -99
 8.0948,     -95
 8.1048,    -149
 8.1148,    -112
 8.1248,    -103
 8.1348,     -81
 8.1448,    -107
 8.1548,    -120
 8.1648,    -146
 8.1748,    -142
 8.1848,     -89
 8.1948,     -71
 8.2048,    -119
 8.2148,     -82
 8.2248,    -141
 8.2348,    -114
 8.2448,    -130
 8.2548,    -104
 8.2648,    -126
 8.2748,     -90
 8.2848,    -126
 8.2948,    -100
 8.3048,    -137
 8.3148,    -117
 8.3248,    -149
 8.3348,    -144
 8.3448,    -135
 8.3548,    -148
 8.3648,    -149
 8.3748,    -164
 8.3848,    -123
 8.3948,    -160
 8.4048,    -134
 8.4148,    -139
 8.4248,    -155
 8.4348,    -134
 8.4448,    -156
 8.4548,    -172
 8.4648,    -178
 8.4748,    -155
 8.4848,    -146
 8.4948,    -146
 8.5049,    -179
 8.5149,    -156
 8.5249,    -164
 8.5349,    -150
 8.5449,    -162
 8.5549,    -160
 8.5649,    -184
 8.5749,    -139
 8.5849,    -222
 8.5949,    -171
 8.6049,    -183
 8.6149,    -242
 8.6249,    -185
 8.6349,    -185
 8.6449,    -227
 8.6549,    -185
 8.6649,    -226
 8.6749,    -176
 8.6849,    -223
 8.6949,    -159
 8.7049,    -225
 8.7149,    -183
 8.7249,    -172
 8.7349,    -181
 8.7449,    -200
 8.7549,    -228
 8.7649,    -215
 8.7749,    -212
 8.7849,    -195
 8.7949,    -239
 8.8049,    -214
 8.8149,    -216
 8.8249,    -216
 8.8349,    -231
 8.8449,    -233
 8.8549,    -210
 8.8649,    -242
 8.8749,    -235
 8.8849,    -222
 8.8949,    -220
 8.9049,    -233
 8.9149,    -249
 8.9249,    -241
 8.9349,    -274
 8.9449,    -259
 8.9549,    -257
 8.9649,    -232
 8.9749,    -221
 8.9849,    -218
 8.9949,    -236
 9.0049,    -278
 9.0149,    -272
 9.0249,    -235
 9.0349,    -243
 9.0449,    -244
 9.0549,    -265
 9.0649,    -273
 9.0749,    -224
 9.0849,    -237
 9.0949,    -261
 9.1049,    -280
 9.1149,    -241
 9.1249,    -279
 9.1349,    -221
 9.1449,    -230
 9.1549,    -295
 9.1649,    -268
 9.1749,    -316
 9.1849,    -245
 9.1949,    -264
 9.2049,    -249
 9.2149,    -235
 9.2249,    -280
 9.2349,    -300
 9.2449,    -240
 9.2549,    -252
 9.2649,    -295
 9.2749,    -299
 9.2849,    -281
 9.2949,    -260
 9.3049,    -269
 9.3149,    -249
 9.3249,    -300
 9.3349,    -283
 9.3449,    -237
 9.3549,    -247
 9.3649,    -297
 9.3749,    -317
 9.3849,    -239
 9.3949,    -289
 9.4049,    -286
 9.4149,    -290
 9.4249,    -278
 9.4349,    -254
 9.4449,    -340
 9.4549,    -286
 9.4649,    -279
 9.4749,    -306
 9.4849,    -275
 9.4949,    -295
 9.5050,    -285
 9.5150,    -325
 9.5250,    -258
 9.5350,    -327
 9.5450,    -318
 9.5550,    -338
 9.5650,    -339
 9.5750,    -254
 9.5850,    -322
 9.5950,    -342
 9.6050,    -281
 9.6150,    -337
 9.6250,    -299
 9.6350,    -289
 9.6450,    -299
 9.6550,    -370
 9.6650,    -350
 9.6750,    -349
 9.6850,    -352
 9.6950,    -322
 9.7050,    -341
 9.7150,    -338
 9.7250,    -340
 9.7350,    -356
 9.7450,    -340
 9.7550,    -327
 9.7650,    -288
 9.7750,    -329
 9.7850,    -351
 9.7950,    -317
 9.8050,    -310
 9.8150,    -329
 9.8250,    -326
 9.8350,    -352
 9.8450,    -377
 9.8550,    -296
 9.8650,    -350
 9.8750,    -344
 9.8850,    -373
 9.8950,    -364
 9.9050,    -332
 9.9150,    -364
 9.9250,    -372
 9.9350,    -360
 9.9450,    -359
 9.9550,    -346
 9.9650,    -356
 9.9750,    -359
 9.9850,    -354
 9.9950,    -357
10.0050,    -372
10.0150,    -373
10.0250,    -372
10.0350,    -371
10.0450,    -382
10.0550,    -346
10.0650,    -386
10.0750,    -369
10.0850,    -350
10.0950,    -318
10.1050,    -312
10.1150,    -377
10.1250,    -416
10.1350,    -370
10.1450,    -328
10.1550,    -361
10.1650,    -393
10.1750,    -366
10.1850,    -347
10.1950,    -349
10.2050,    -431
10.2150,    -415
10.2250,    -367
10.2350,    -388
10.2450,    -336
10.2550,    -404
10.2650,    -392
10.2750,    -386
10.2850,    -337
10.2950,    -433
10.3050,    -375
10.3150,    -409
10.3250,    -424
10.3350,    -387
10.3450,    -415
10.3550,    -390
10.3650,    -449
10.3750,    -360
10.3850,    -376
10.3950,    -392
10.4050,    -395
10.4150,    -412
10.4250,    -357
10.4350,    -443
10.4450,    -356
10.4550,    -451
10.4650,    -375
10.4750,    -400
10.4850,    -411
10.4950,    -438
10.5051,    -436
10.5151,    -369
10.5251,    -418
10.5351,    -464
10.5451,    -440
10.5551,    -421
10.5651,    -423
10.5751,    -432
10.5851,    -437
10.5951,    -399
10.6051,    -401
10.6151,    -408
10.6251,    -378
10.6351,    -429
10.6451,    -390
10.6551,    -434
10.6651,    -392
10.6751,    -398
10.6851,    -446
10.6951,    -451
10.7051,    -472
10.7151,    -467
10.7251,    -416
10.7351,    -434
10.7451,    -462
10.7551,    -419
10.7651,    -501
10.7751,    -477
10.7851,    -422
10.7951,    -428
10.8051,    -453
10.8151,    -480
10.8251,    -448
10.8351,    -480
10.8451,    -443
10.8551,    -421
10.8651,    -508
10.8751,    -467
10.8851,    -436
10.8951,    -420
10.9051,    -466
10.9151,    -429
10.9251,    -485
10.9351,    -487
10.9451,    -469
10.9551,    -436
10.9651,    -444
10.9751,    -501
10.9851,    -430
10.9951,    -448
11.0051,    -500
11.0151,    -429
11.0251,    -474
11.0351,    -487
11.0451,    -463
11.0551,    -444
11.0651,    -440
11.0751,    -534
11.0851,    -431
11.0951,    -468
11.1051,    -434
11.1151,    -455
11.1251,    -463
11.1351,    -453
11.1451,    -440
11.1551,    -461
11.1651,    -439
11.1751,    -463
11.1851,    -478
11.1951,    -488
11.2051,    -484
11.2151,    -451
11.2251,    -449
11.2351,    -418
11.2451,    -431
11.2551,    -480
11.2651,    -494
11.2751,    -500
11.2851,    -498
11.2951,    -448
11.3051,    -470
11.3151,    -497
11.3251,    -503
11.3351,    -482
11.3451,    -495
11.3551,    -498
11.3651,    -492
11.3751,    -472
11.3851,    -519
11.3951,    -475
11.4051,    -533
11.4151,    -440
11.4251,    -500
11.4351,    -451
11.4451,    -505
11.4551,    -490
11.4651,    -470
11.4751,    -500
11.4851,    -525
11.4951,    -525
11.5052,    -475
11.5152,    -512
11.5252,    -496
11.5352,    -509
11.5452,    -497
11.5552,    -501
11.5652,    -519
11.5752,    -553
11.5852,    -475
11.5952,    -489
11.6052,    -530
11.6152,    -472
11.6252,    -454
11.6352,    -482
11.6452,    -507
11.6552,    -500
11.6652,    -525
11.6752,    -517
11.6852,    -478
11.6952,    -511
11.7052,    -479
11.7152,    -496
11.7252,    -512
11.7352,    -453
11.7452,    -486
11.7552,    -500
11.7652,    -497
11.7752,    -494
11.7852,    -495
11.7952,    -472
11.8052,    -477
11.8152,    -533
11.8252,    -532
11.8352,    -520
11.8452,    -523
11.8552,    -489
11.8652,    -490
11.8752,    -476
11.8852,    -465
11.8952,    -493
11.9052,    -519
11.9152,    -493
11.9252,    -489
11.9352,    -446
11.9452,    -482
11.9552,    -500
11.9652,    -506
11.9752,    -509
11.9852,    -499
11.9952,    -506
12.0052,    -492
12.0152,    -511
12.0252,    -525
12.0352,    -558
12.0452,    -488
12.0552,    -515
12.0652,    -489
12.0752,    -470
12.0852,    -465
12.0952,    -463
12.1052,    -488
12.1152,    -476
12.1252,    -515
12.1352,    -508
12.1452,    -490
12.1552,    -568
12.1652,    -580
12.1752,    -467
12.1852,    -511
12.1952,    -503
12.2052,    -496
12.2152,    -509
12.2252,    -504
12.2352,    -506
12.2452,    -504
12.2552,    -512
12.2652,    -473
12.2752,    -510
12.2852,    -523
12.2952,    -519
12.3052,    -495
12.3152,    -472
12.3252,    -519
12.3352,    -488
12.3452,    -502
12.3552,    -502
12.3652,    -527
12.3752,    -518
12.3852,    -527
12.3952,    -531
12.4052,    -517
12.4152,    -522
12.4252,    -502
12.4352,    -523
12.4452,    -491
12.4552,    -433
12.4652,    -457
12.4752,    -529
12.4852,    -550
12.4952,    -496
12.5053,    -548
12.5153,    -511
12.5253,    -503
12.5353,    -479
12.5453,    -555
12.5553,    -491
12.5653,    -525
12.5753,    -491
12.5853,    -456
12.5953,    -559
12.6053,    -485
12.6153,    -512
12.6253,    -462
12.6353,    -436
12.6453,    -526
12.6553,    -513
12.6653,    -512
12.6753,    -513
12.6853,    -470
12.6953,    -482
12.7053,    -505
12.7153,    -518
12.7253,    -475
12.7353,    -515
12.7453,    -556
12.7553,    -419
12.7653,    -512
12.7753,    -463
12.7853,    -502
12.7953,    -459
12.8053,    -496
12.8153,    -480
12.8253,    -479
12.8353,    -437
12.8453,    -484
12.8553,    -463
12.8653,    -497
12.8753,    -523
12.8853,    -506
12.8953,    -506
12.9053,    -464
12.9153,    -535
12.9253,    -481
12.9353,    -475
12.9453,    -475
12.9553,    -556
12.9653,    -449
12.9753,    -526
12.9853,    -509
12.9953,    -494
13.0053,    -476
13.0153,    -463
13.0253,    -469
13.0353,    -504
13.0453,    -511
13.0553,    -483
13.0653,    -478
13.0753,    -470
13.0853,    -472
13.0953,    -470
13.1053,    -486
13.1153,    -462
13.1253,    -449
13.1353,    -464
13.1453,    -546
13.1553,    -521
13.1653,    -459
13.1753,    -466
13.1853,    -463
13.1953,    -471
13.2053,    -461
13.2153,    -464
13.2253,    -490
13.2353,    -471
13.2453,    -457
13.2553,    -487
13.2653,    -476
13.2753,    -511
13.2853,    -469
13.2953,    -465
13.3053,    -461
13.3153,    -505
13.3253,    -447
13.3353,    -520
13.3453,    -470
13.3553,    -462
13.3653,    -480
13.3753,    -449
13.3853,    -512
13.3953,    -491
13.4053,    -460
13.4153,    -494
13.4253,    -494
13.4353,    -465
13.4453,    -474
13.4553,    -507
13.4653,    -425
13.4753,    -440
13.4853,    -418
13.4953,    -519
13.5054,    -442
13.5154,    -453
13.5254,    -464
13.5354,    -427
13.5454,    -449
13.5554,    -451
13.5654,    -491
13.5754,    -493
13.5854,    -439
13.5954,    -481
13.6054,    -461
13.6154,    -448
13.6254,    -462
13.6354,    -446
13.6454,    -456
13.6554,    -467
13.6654,    -418
13.6754,    -468
13.6854,    -431
13.6954,    -426
13.7054,    -475
13.7154,    -446
13.7254,    -449
13.7354,    -420
13.7454,    -411
13.7554,    -455
13.7654,    -470
13.7754,    -468
13.7854,    -439
13.7954,    -469
13.8054,    -433
13.8154,    -409
13.8254,    -432
13.8354,    -440
13.8454,    -496
13.8554,    -444
13.8654,    -444
13.8754,    -464
13.8854,    -391
13.8954,    -405
13.9054,    -437
13.9154,    -450
13.9254,    -444
13.9354,    -443
13.9454,    -465
13.9554,    -423
13.9654,    -414
13.9754,    -451
13.9854,    -396
13.9954,    -448
14.0054,    -444
14.0154,    -427
14.0254,    -411
14.0354,    -397
14.0454,    -439
14.0554,    -485
14.0654,    -428
14.0754,    -455
14.0854,    -435
14.0954,    -463
14.1054,    -436
14.1154,    -468
14.1254,    -508
14.1354,    -359
14.1454,    -393
14.1554,    -456
14.1654,    -440
14.1754,    -440
14.1854,    -505
14.1954,    -465
14.2054,    -437
14.2154,    -484
14.2254,    -405
14.2354,    -422
14.2454,    -429
14.2554,    -422
14.2654,    -462
14.2754,    -423
14.2854,    -388
14.2954,    -410
14.3054,    -416
14.3154,    -421
14.3254,    -380
14.3354,    -377
14.3454,    -393
14.3554,    -430
14.3654,    -416
14.3754,    -374
14.3854,    -369
14.3954,    -442
14.4054,    -418
14.4154,    -442
14.4254,    -390
14.4354,    -404
14.4454,    -432
14.4554,    -414
14.4654,    -372
14.4754,    -406
14.4854,    -399
14.4954,    -395
14.5055,    -367
14.5155,    -357
14.5255,    -386
14.5355,    -380
14.5455,    -404
14.5555,    -392
14.5655,    -431
14.5755,    -350
14.5855,    -389
14.5955,    -366
14.6055,    -385
14.6155,    -418
14.6255,    -402
14.6355,    -371
14.6455,    -345
14.6555,    -400
14.6655,    -409
14.6755,    -345
14.6855,    -386
14.6955,    -390
14.7055,    -389
14.7155,    -355
14.7255,    -365
14.7355,    -388
14.7455,    -438
14.7555,    -369
14.7655,    -377
14.7755,    -323
14.7855,    -331
14.7955,    -356
14.8055,    -371
14.8155,    -377
14.8255,    -331
14.8355,    -333
14.8455,    -348
14.8555,    -372
14.8655,    -326
14.8755,    -373
14.8855,    -379
14.8955,    -353
14.9055,    -299
14.9155,    -373
14.9255,    -344
14.9355,    -335
14.9455,    -377
14.9555,    -366
14.9655,    -380
14.9755,    -328
14.9855,    -356
14.9955,    -395
15.0055,    -383
15.0155,    -356
15.0255,    -357
15.0355,    -371
15.0455,    -336
15.0555,    -322
15.0655,    -340
15.0755,    -329
15.0855,    -317
15.0955,    -316
15.1055,    -361
15.1155,    -348
15.1255,    -374
15.1355,    -345
15.1455,    -337
15.1555,    -340
15.1655,    -335
15.1755,    -346
15.1855,    -327
15.1955,    -305
15.2055,    -359
15.2155,    -329
15.2255,    -350
15.2355,    -326
15.2455,    -350
15.2555,    -319
15.2655,    -315
15.2755,    -347
15.2855,    -287
15.2955,    -293
15.3055,    -304
15.3155,    -300
15.3255,    -356
15.3355,    -313
15.3455,    -345
15.3555,    -338
15.3655,    -306
15.3755,    -302
15.3855,    -311
15.3955,    -328
15.4055,    -360
15.4155,    -250
15.4255,    -269
15.4355,    -350
15.4455,    -286
15.4555,    -339
15.4655,    -301
15.4755,    -318
15.4855,    -299
15.4955,    -321
15.5056,    -323
15.5156,    -309
15.5256,    -331
15.5356,    -296
15.5456,    -321
15.5556,    -295
15.5656,    -270
15.5756,    -311
15.5856,    -284
15.5956,    -288
15.6056,    -286
15.6156,    -331
15.6256,    -367
15.6356,    -318
15.6456,    -313
15.6556,    -310
15.6656,    -335
15.6756,    -312
15.6856,    -341
15.6956,    -283
15.7056,    -315
15.7156,    -291
15.7256,    -289
15.7356,    -305
15.7456,    -321
15.7556,    -338
15.7656,    -266
15.7756,    -272
15.7856,    -290
15.7956,    -299
15.8056,    -292
15.8156,    -299
15.8256,    -263
15.8356,    -284
15.8456,    -309
15.8556,    -286
15.8656,    -297
15.8756,    -298
15.8856,    -268
15.8956,    -267
15.9056,    -290
15.9156,    -303
15.9256,    -318
15.9356,    -285
15.9456,    -268
15.9556,    -315
15.9656,    -286
15.9756,    -262
15.9856,    -281
15.9956,    -294
16.0056,    -245
16.0156,    -284
16.0256,    -321
16.0356,    -240
16.0456,    -280
16.0556,    -275
16.0656,    -260
16.0756,    -244
16.0856,    -292
16.0956,    -270
16.1056,    -245
16.1156,    -273
16.1256,    -259
16.1356,    -247
16.1456,    -279
16.1556,    -254
16.1656,    -241
16.1756,    -306
16.1856,    -228
16.1956,    -245
16.2056,    -259
16.2156,    -264
16.2256,    -240
16.2356,    -246
16.2456,    -231
16.2556,    -244
16.2656,    -223
16.2756,    -266
16.2856,    -243
16.2956,    -247
16.3056,    -221
16.3156,    -275
16.3256,    -237
16.3356,    -205
16.3456,    -216
16.3556,    -249
16.3656,    -237
16.3756,    -235
16.3856,    -238
16.3956,    -262
16.4056,    -229
16.4156,    -244
16.4256,    -242
16.4356,    -265
16.4456,    -239
16.4556,    -230
16.4656,    -196
16.4756,    -217
16.4856,    -251
16.4956,    -291
16.5057,    -214
16.5157,    -256
16.5257,    -225
16.5357,    -243
16.5457,    -247
16.5557,    -235
16.5657,    -262
16.5757,    -209
16.5857,    -245
16.5957,    -225
16.6057,    -242
16.6157,    -257
16.6257,    -221
16.6357,    -273
16.6457,    -258
16.6557,    -215
16.6657,    -264
16.6757,    -236
16.6857,    -250
16.6957,    -223
16.7057,    -237
16.7157,    -254
16.7257,    -232
16.7357,    -225
16.7457,    -199
16.7557,    -249
16.7657,    -223
16.7757,    -182
16.7857,    -239
16.7957,    -208
16.8057,    -217
16.8157,    -226
16.8257,    -237
16.8357,    -214
16.8457,    -215
16.8557,    -185
16.8657,    -197
16.8757,    -253
16.8857,    -209
16.8957,    -238
16.9057,    -222
16.9157,    -209
16.9257,    -231
16.9357,    -216
16.9457,    -234
16.9557,    -239
16.9657,    -199
16.9757,    -205
16.9857,    -211
16.9957,    -221
17.0057,    -237
17.0157,    -228
17.0257,    -225
17.0357,    -174
17.0457,    -223
17.0557,    -196
17.0657,    -201
17.0757,    -202
17.0857,    -221
17.0957,    -191
17.1057,    -272
17.1157,    -217
17.1257,    -207
17.1357,    -240
17.1457,    -236
17.1557,    -189
17.1657,    -188
17.1757,    -182
17.1857,    -211
17.1957,    -197
17.2057,    -219
17.2157,    -209
17.2257,    -192
17.2357,    -190
17.2457,    -194
17.2557,    -235
17.2657,    -248
17.2757,    -210
17.2857,    -196
17.2957,    -207
17.3057,    -210
17.3157,    -200
17.3257,    -203
17.3357,    -197
17.3457,    -204
17.3557,    -236
17.3657,    -226
17.3757,    -200
17.3857,    -194
17.3957,    -217
17.4057,    -194
17.4157,    -185
17.4257,    -214
17.4357,    -204
17.4457,    -205
17.4557,    -178
17.4657,    -196
17.4757,    -212
17.4857,    -246
17.4957,    -224
17.5058,    -201
17.5158,    -230
17.5258,    -173
17.5358,    -208
17.5458,    -216
17.5558,    -224
17.5658,    -173
17.5758,    -217
17.5858,    -233
17.5958,    -181
17.6058,    -199
17.6158,    -185
17.6258,    -231
17.6358,    -200
17.6458,    -183
17.6558,    -185
17.6658,    -178
17.6758,    -177
17.6858,    -194
17.6958,    -224
17.7058,    -225
17.7158,    -232
17.7258,    -196
17.7358,    -240
17.7458,    -136
17.7558,    -239
17.7658,    -240
17.7758,    -190
17.7858,    -204
17.7958,    -213
17.8058,    -215
17.8158,    -213
17.8258,    -182
17.8358,    -165
17.8458,    -230
17.8558,    -198
17.8658,    -198
17.8758,    -193
17.8858,    -222
17.8958,    -270
17.9058,    -227
17.9158,    -220
17.9258,    -189
17.9358,    -229
17.9458,    -222
17.9558,    -217
17.9658,    -245
17.9758,    -232
17.9858,    -225
17.9958,    -222
18.0058,    -226
18.0158,    -215
18.0258,    -244
18.0358,    -207
18.0458,    -231
18.0558,    -237
18.0658,    -213
18.0758,    -259
18.0858,    -239
18.0958,    -241
18.1058,    -222
18.1158,    -243
18.1258,    -253
18.1358,    -220
18.1458,    -239
18.1558,    -220
18.1658,    -282
18.1758,    -264
18.1858,    -254
18.1958,    -237
18.2058,    -253
18.2158,    -267
18.2258,    -317
18.2358,    -285
18.2458,    -304
18.2558,    -327
18.2658,    -314
18.2758,    -305
18.2858,    -327
18.2958,    -362
18.3058,    -358
18.3158,    -341
18.3258,    -366
18.3358,    -344
18.3458,    -342
18.3558,    -358
18.3658,    -392
18.3758,    -376
18.3858,    -432
18.3958,    -467
18.4058,    -466
18.4158,    -470
18.4258,    -505
18.4358,    -509
18.4458,    -498
18.4558,    -541
18.4658,    -548
18.4758,    -581
18.4858,    -648
18.4958,    -646
18.5059,    -651
18.5159,    -694
18.5259,    -709
18.5359,    -729
18.5459,    -763
18.5559,    -715
18.5659,    -876
18.5759,    -844
18.5859,    -857
18.5959,    -891
18.6059,    -906
18.6159,   -1016
18.6259,    -971
18.6359,    -966
18.6459,   -1006
18.6559,   -1058
18.6659,   -1050
18.6759,   -1123
18.6859,   -1064
18.6959,   -1095
18.7059,   -1220
18.7159,   -1130
18.7259,   -1068
18.7359,   -1152
18.7459,   -1081
18.7559,   -1198
18.7659,   -1198
18.7759,   -1165
18.7859,   -1146
18.7959,   -1190
18.8059,   -1210
18.8159,   -1151
18.8259,   -1164
18.8359,   -1160
18.8459,   -1128
18.8559,   -1258
18.8659,   -1171
18.8759,   -1163
18.8859,   -1172
18.8959,   -1161
18.9059,    -996
18.9159,   -1135
18.9259,   -1061
18.9359,   -1008
18.9459,   -1099
18.9559,    -935
18.9659,    -921
18.9759,    -943
18.9859,    -933
18.9959,    -861
19.0059,    -888
19.0159,    -798
19.0259,    -830
19.0359,    -712
19.0459,    -809
19.0559,    -697
19.0659,    -678
19.0759,    -673
19.0859,    -651
19.0959,    -641
19.1059,    -576
19.1159,    -595
19.1259,    -575
19.1359,    -600
19.1459,    -495
19.1559,    -477
19.1659,    -480
19.1759,    -482
19.1859,    -475
19.1959,    -444
19.2059,    -420
19.2159,    -378
19.2259,    -367
19.2359,    -348
19.2459,    -350
19.2559,    -315
19.2659,    -327
19.2759,    -339
19.2859,    -312
19.2959,    -250
19.3059,    -324
19.3159,    -297
19.3259,    -274
19.3359,    -246
19.3459,    -237
19.3559,    -277
19.3659,    -212
19.3759,    -201
19.3859,    -230
19.3959,    -218
19.4059,    -249
19.4159,    -239
19.4259,    -201
19.4359,    -214
19.4459,    -186
19.4559,    -159
19.4659,    -197
19.4759,    -177
19.4859,    -182
19.4959,    -174
19.5060,    -199
19.5160,    -176
19.5260,    -160
19.5360,    -179
19.5460,    -161
19.5560,    -142
19.5660,    -143
19.5760,    -172
19.5860,    -155
19.5960,    -147
19.6060,    -155
19.6160,    -151
19.6260,    -151
19.6360,    -126
19.6460,    -158
19.6560,    -121
19.6660,    -177
19.6760,    -124
19.6860,    -135
19.6960,    -168
19.7060,    -130
19.7160,    -131
19.7260,    -107
19.7360,    -104
19.7460,    -136
19.7560,     -97
19.7660,     -98
19.7760,     -92
19.7860,    -117
19.7960,    -103
19.8060,    -122
19.8160,     -70
19.8260,    -106
19.8360,    -114
19.8460,     -96
19.8560,     -86
19.8660,    -103
19.8760,     -98
19.8860,    -101
19.8960,     -90
19.9060,     -99
19.9160,     -96
19.9260,     -70
19.9360,     -70
19.9460,     -74
19.9560,    -104
19.9660,     -66
19.9760,     -65
19.9860,     -38
19.9960,     -58
20.0060,     -85
20.0160,     -50
20.0260,     -73
20.0360,     -81
20.0460,     -34
20.0560,      -2
20.0660,     -23
20.0760,     -10
20.0860,      -8
20.0960,       5
20.1060,      -7
20.1160,     -39
20.1260,      -3
20.1360,      42
20.1460,      10
20.1560,      14
20.1660,      36
20.1760,     -10
20.1860,      26
20.1960,      14
20.2060,      10
20.2160,      21
20.2260,     -25
20.2360,       2
20.2460,      46
20.2560,      10
20.2660,      -9
20.2760,       0
20.2860,       8
20.2960,      70
20.3060,      10
20.3160,      -9
20.3260,     -46
20.3360,     -51
20.3460,     -39
20.3560,     -47
20.3660,     -49
20.3760,     -39
20.3860,     -30
20.3960,     -45
20.4060,     -32
20.4160,     -73
20.4260,     -60
20.4360,     -62
20.4460,     -83
20.4560,     -42
20.4660,     -76
20.4760,     -95
20.4860,     -58
20.4960,     -79
20.5061,     -60
20.5161,     -97
20.5261,     -84
20.5361,     -59
20.5461,     -48
20.5561,     -78
20.5661,     -87
20.5761,     -75
20.5861,     -86
20.5961,     -66
20.6061,     -90
20.6161,     -73
20.6261,     -91
20.6361,     -98
20.6461,    -107
20.6561,     -83
20.6661,     -98
20.6761,     -88
20.6861,    -123
20.6961,    -111
20.7061,     -92
20.7161,    -130
20.7261,    -113
20.7361,     -80
20.7461,    -113
20.7561,     -98
20.7661,    -107
20.7761,    -122
20.7861,    -124
20.7961,    -119
20.8061,    -122
20.8161,     -92
20.8261,    -136
20.8361,    -127
20.8461,    -102
20.8561,    -183
20.8661,    -134
20.8761,    -113
20.8861,    -154
20.8961,    -130
20.9061,    -127
20.9161,    -135
20.9261,    -154
20.9361,     -98
20.9461,    -124
20.9561,    -129
20.9661,    -122
20.9761,    -132
20.9861,    -134
20.9961,    -159
21.0061,    -141
21.0161,    -162
21.0261,    -154
21.0361,    -126
21.0461,    -140
21.0561,    -116
21.0661,    -163
21.0761,    -141
21.0861,    -139
21.0961,    -110
21.1061,    -116
21.1161,     -96
21.1261,    -133
21.1361,    -130
21.1461,    -138
21.1561,    -142
21.1661,    -137
21.1761,    -130
21.1861,    -122
21.1961,     -90
21.2061,    -109
21.2161,    -110
21.2261,    -105
21.2361,    -108
21.2461,     -71
21.2561,     -91
21.2661,     -68
21.2761,     -81
21.2861,     -69
21.2961,     -82
21.3061,     -71
21.3161,     -74
21.3261,     -77
21.3361,     -77
21.3461,     -53
21.3561,     -73
21.3661,     -67
21.3761,     -80
21.3861,     -28
21.3961,     -60
21.4061,     -58
21.4161,     -39
21.4261,     -42
21.4361,     -50
21.4461,     -55
21.4561,     -60
21.4661,     -50
21.4761,     -66
21.4861,     -50
21.4961,     -63
21.5062,     -51
21.5162,     -48
21.5262,     -40
21.5362,     -63
21.5462,     -44
21.5562,     -44
21.5662,     -35
21.5762,     -28
21.5862,     -45
21.5962,     -22
21.6062,     -40
21.6162,     -25
21.6262,     -23
21.6362,     -32
21.6462,     -34
21.6562,      -6
21.6662,     -34
21.6762,     -31
21.6862,     -36
21.6962,     -39
21.7062,     -29
21.7162,     -27
21.7262,     -24
21.7362,     -24
21.7462,     -19
21.7562,      -9
21.7662,     -22
21.7762,     -20
21.7862,      -9
21.7962,     -36
21.8062,     -25
21.8162,     -36
21.8262,     -28
21.8362,     -34
21.8462,     -12
21.8562,     -11
21.8662,     -18
21.8762,     -21
21.8862,     -23
21.8962,     -14
21.9062,      -5
21.9162,     -18
21.9262,     -13
21.9362,     -11
21.9462,      -6
21.9562,     -11
21.9662,       5
21.9762,     -26
21.9862,     -10
21.9962,     -15
22.0062,     -16
22.0162,       0
22.0262,     -21
22.0362,       0
22.0462,     -12
22.0562,     -27
22.0662,     -26
22.0762,     -26
22.0862,      -8
22.0962,     -16
22.1062,     -16
22.1162,      -6
22.1262,     -27
22.1362,     -24
22.1462,     -17
22.1562,     -17
22.1662,       3
22.1762,     -13
22.1862,     -17
22.1962,      -5
22.2062,     -13
22.2162,     -18
22.2262,     -24
22.2362,      -1
22.2462,     -21
22.2562,     -17
22.2662,     -12
22.2762,      -6
22.2862,       2
22.2962,     -14
22.3062,     -18
22.3162,     -13
22.3262,      -6
22.3362,     -20
22.3462,     -14
22.3562,     -11
22.3662,     -20
22.3762,     -21
22.3862,       0
22.3962,     -21
22.4062,      -4
22.4162,     -16
22.4262,     -25
22.4362,      -3
22.4462,      -6
22.4562,     -13
22.4662,     -14
22.4762,      -5
22.4862,      -9
22.4962,     -23
22.5063,      -7
22.5163,     -14
22.5263,     -10
22.5363,      -6
22.5463,      -6
22.5563,     -19
22.5663,      -1
22.5763,     -14
22.5863,     -17
22.5963,     -16
22.6063,      -3
22.6163,      -1
22.6263,      -9
22.6363,      -2
22.6463,       2
22.6563,      -9
22.6663,      11
22.6763,      -1
22.6863,       8
22.6963,      15
22.7063,       0
22.7163,      26
22.7263,      41
22.7363,      30
22.7463,      28
22.7563,      33
22.7663,      22
22.7763,      49
22.7863,      62
22.7963,      75
22.8063,      92
22.8163,     114
22.8263,     138
22.8363,     169
22.8463,     180
22.8563,     237
22.8663,     244
22.8763,     236
22.8863,     270
22.8963,     366
22.9063,     348
22.9163,     398
22.9263,     454
22.9363,     462
22.9463,     498
22.9563,     533
22.9663,     569
22.9763,     688
22.9863,     670
22.9963,     675
23.0063,     697
23.0163,     800
23.0263,     855
23.0363,     832
23.0463,     848
23.0563,     947
23.0663,     930
23.0763,     973
23.0863,    1002
23.0963,    1084
23.1063,    1068
23.1163,    1122
23.1263,    1152
23.1363,    1096
23.1463,    1086
23.1563,    1204
23.1663,    1215
23.1763,    1169
23.1863,    1152
23.1963,    1150
23.2063,    1116
23.2163,    1080
23.2263,    1074
23.2363,    1023
23.2463,     971
23.2563,     888
23.2663,     896
23.2763,     785
23.2863,     764
23.2963,     660
23.3063,     698
23.3163,     602
23.3263,     509
23.3363,     448
23.3463,     401
23.3563,     352
23.3663,     367
23.3763,     258
23.3863,     214
23.3963,     187
23.4063,     146
23.4163,     117
23.4263,     122
23.4363,      98
23.4463,      62
23.4563,      79
23.4663,      43
23.4763,      36
23.4863,      33
23.4963,      16
23.5064,       4
23.5164,      13
23.5264,      -6
23.5364,      -4
23.5464,       7
23.5564,      -6
23.5664,       1
23.5764,      -8
23.5864,      -9
23.5964,       3
23.6064,     -11
23.6164,     -12
23.6264,     -11
23.6364,      -7
23.6464,       1
23.6564,      -9
23.6664,      -1
23.6764,     -11
23.6864,       0
23.6964,       2
23.7064,     -12
23.7164,      -4
23.7264,      -2
23.7364,     -11
23.7464,     -13
23.7564,      -8
23.7664,       0
23.7764,     -18
23.7864,     -15
23.7964,       1
23.8064,      -8
23.8164,      -8
23.8264,      -8
23.8364,       5
23.8464,     -16
23.8564,      -9
23.8664,     -16
23.8764,      -2
23.8864,     -12
23.8964,     -10
23.9064,     -18
23.9164,     -14
23.9264,      -3
23.9364,      -4
23.9464,     -12
23.9564,      -7
23.9664,      -1
23.9764,     -13
23.9864,     -14
23.9964,      -4
24.0064,     -10
24.0164,     -10
24.0264,     -11
24.0364,      -2
24.0464,     -14
24.0564,      -9
24.0664,     -13
24.0764,      -6
24.0864,     -13
24.0964,     -19
24.1064,      -5
24.1164,     -11
24.1264,      -3
24.1364,     -11
24.1464,      -6
24.1564,     -14
24.1664,      -4
24.1764,      -4
24.1864,     -21
24.1964,     -18
24.2064,      -8
24.2164,      -4
24.2264,      -9
24.2364,      -9
24.2464,      -7
24.2564,     -12
24.2664,       5
24.2764,     -11
24.2864,     -10
24.2964,      -4
24.3064,     -11
24.3164,      -2
24.3264,     -16
24.3364,     -17
24.3464,     -12
24.3564,     -10
24.3664,      -5
24.3764,      -4
24.3864,     -12
24.3964,     -10
24.4064,     -10
24.4164,     -16
24.4264,       5
24.4364,     -19
24.4464,     -15
24.4564,      -9
24.4664,     -13
24.4764,      -8
24.4864,      -6
24.4964,      -8
24.5065,      -1
24.5165,     -13
24.5265,     -10
24.5365,     -12
24.5465,     -13
24.5565,     -10
24.5665,     -11
24.5765,     -12
24.5865,      -9
24.5965,      -6
24.6065,      -3
24.6165,     -12
24.6265,      -6
24.6365,     -10
24.6465,      -7
24.6565,     -10
24.6665,      -6
24.6765,     -13
24.6865,      -9
24.6965,      -9
24.7065,     -10
24.7165,     -11
24.7265,      -9
24.7365,      -1
24.7465,     -13
24.7565,     -14
24.7665,      -9
24.7765,     -13
24.7865,      -8
24.7965,     -11
24.8065,     -19
24.8165,     -10
24.8265,      -7
24.8365,     -12
24.8465,     -22
24.8565,      -8
24.8665,     -16
24.8765,     -10
24.8865,      -7
24.8965,      -9
24.9065,     -15
24.9165,     -14
24.9265,      -7
24.9365,      -1
24.9465,      -9
24.9565,     -11
24.9665,      -8
24.9765,     -10
24.9865,      -7
24.9965,     -15
25.0065,     -14
25.0165,     -19
25.0265,     -14
25.0365,      -2
25.0465,     -10
25.0565,     -17
25.0665,     -10
25.0765,     -11
25.0865,      -7
25.0965,     -11
25.1065,     -12
25.1165,     -11
25.1265,     -12
25.1365,     -18
25.1465,     -12
25.1565,     -12
25.1665,      -4
25.1765,     -10
25.1865,      -5
25.1965,     -10
25.2065,     -10
25.2165,      -4
25.2265,     -14
25.2365,     -16
25.2465,      -9
25.2565,      -9
25.2665,      -9
25.2765,      -4
25.2865,     -14
25.2965,     -10
25.3065,     -13
25.3165,     -12
25.3265,      -8
25.3365,      -8
25.3465,      -7
25.3565,      -9
25.3665,     -15
25.3765,     -13
25.3865,     -10
25.3965,      -8
25.4065,      -5
25.4165,     -16
25.4265,      -9
25.4365,     -11
25.4465,      -2
25.4565,       0
25.4665,      -7
25.4765,     -16
25.4865,      -4
25.4965,      -4
25.5066,      -6
25.5166,     -17
25.5266,     -15
25.5366,      -3
25.5466,     -11
25.5566,      -2
25.5666,      -5
25.5766,     -11
25.5866,      -9
25.5966,     -10
25.6066,     -12
25.6166,      -7
25.6266,     -12
25.6366,      -8
25.6466,      -8
25.6566,       0
25.6666,      -6
25.6766,      -5
25.6866,      -8
25.6966,      -4
25.7066,      -9
25.7166,      -5
25.7266,     -13
25.7366,      -9
25.7466,      -4
25.7566,      -6
25.7666,       0
25.7766,      -4
25.7866,     -10
25.7966,      -3
25.8066,      -2
25.8166,       0
25.8266,      -5
25.8366,      -2
25.8466,      10
25.8566,      14
25.8666,      19
25.8766,      23
25.8866,      21
25.8966,      22
25.9066,      30
25.9166,      50
25.9266,      42
25.9366,      45
25.9466,      83
25.9566,      81
25.9666,      87
25.9766,      90
25.9866,      98
25.9966,     112
26.0066,     109
26.0166,     129
26.0266,     155
26.0366,     154
26.0466,     151
26.0566,     182
26.0666,     199
26.0766,     190
26.0866,     189
26.0966,     195
26.1066,     203
26.1166,     203
26.1266,     219
26.1366,     167
26.1466,     170
26.1566,     165
26.1666,     167
26.1766,     149
26.1866,     160
26.1966,     135
26.2066,     154
26.2166,     118
26.2266,     126
26.2366,     100
26.2466,      88
26.2566,      69
26.2666,      67
26.2766,      50
26.2866,      71
26.2966,      53
26.3066,      41
26.3166,      47
26.3266,      30
26.3366,      24
26.3466,      16
26.3566,      18
26.3666,       3
26.3766,       5
26.3866,      14
26.3966,       3
26.4066,       0
26.4166,      -6
26.4266,      -3
26.4366,      -3
26.4466,       3
26.4566,      -3
26.4666,       9
26.4766,       4
26.4866,       7
26.4966,      14
26.5067,       9
26.5167,       8
26.5267,       3
26.5367,       2
26.5467,      22
26.5567,      21
26.5667,      17
26.5767,      25
26.5867,       8
26.5967,      16
26.6067,      31
26.6167,      21
26.6267,      24
26.6367,      44
26.6467,      31
26.6567,      43
26.6667,      13
26.6767,      26
26.6867,      28
26.6967,      26
26.7067,      25
26.7167,      36
26.7267,      21
26.7367,      22
26.7467,      17
26.7567,       8
26.7667,      17
26.7767,      20
26.7867,      19
26.7967,       3
26.8067,      12
26.8167,       8
26.8267,       9
26.8367,      15
26.8467,      10
26.8567,      -1
26.8667,       1
26.8767,      -9
26.8867,      -1
26.8967,      -6
26.9067,     -10
26.9167,       0
26.9267,      -7
26.9367,      -3
26.9467,     -11
26.9567,      -6
26.9667,      -8
26.9767,     -10
26.9867,      -5
26.9967,      -4
27.0067,     -14
27.0167,      -7
27.0267,      -9
27.0367,     -12
27.0467,      -6
27.0567,      -7
27.0667,      -9
27.0767,     -14
27.0867,      -8
27.0967,     -10
27.1067,     -10
27.1167,     -11
27.1267,      -6
27.1367,      -6
27.1467,     -11
27.1567,      -4
27.1667,     -11
27.1767,     -13
27.1867,      -6
27.1967,      -8
27.2067,      -8
27.2167,     -12
27.2267,      -3
27.2367,      -6
27.2467,      -8
27.2567,      -9
27.2667,      -8
27.2767,      -7
27.2867,      -8
27.2967,      -7
27.3067,      -5
27.3167,     -10
27.3267,     -10
27.3367,      -6
27.3467,      -9
27.3567,      -7
27.3667,      -5
27.3767,     -12
27.3867,     -11
27.3967,      -6
27.4067,      -8
27.4167,      -7
27.4267,     -12
27.4367,     -10
27.4467,      -7
27.4567,      -8
27.4667,      -7
27.4767,      -8
27.4867,      -7
27.4967,      -4
27.5068,      -8
27.5168,      -5
27.5268,      -6
27.5368,      -6
27.5468,     -12
27.5568,      -4
27.5668,      -9
27.5768,      -6
27.5868,      -8
27.5968,      -7
27.6068,      -7
27.6168,     -10
27.6268,      -6
27.6368,      -7
27.6468,      -8
27.6568,      -8
27.6668,      -3
27.6768,      -8
27.6868,      -4
27.6968,      -7
27.7068,      -9
27.7168,      -5
27.7268,      -6
27.7368,      -4
27.7468,      -8
27.7568,      -9
27.7668,     -11
27.7768,      -4
27.7868,      -1
27.7968,      -3
27.8068,      -6
27.8168,      -6
27.8268,      -4
27.8368,      -4
27.8468,      -5
27.8568,      -4
27.8668,      -6
27.8768,      -6
27.8868,     -11
27.8968,      -7
27.9068,      -2
27.9168,     -12
27.9268,     -10
27.9368,      -5
27.9468,      -6
27.9568,      -2
27.9668,     -11
27.9768,      -9
27.9868,      -9
27.9968,      -3
28.0068,      -3
28.0168,     -10
28.0268,      -3
28.0368,      -3
28.0468,     -10
28.0568,      -6
28.0668,     -10
28.0768,      -4
28.0868,      -9
28.0968,      -6
28.1068,      -4
28.1168,      -5
28.1268,      -8
28.1368,      -5
28.1468,      -5
28.1568,      -4
28.1668,     -11
28.1768,      -8
28.1868,      -3
28.1968,      -6
28.2068,      -3
28.2168,      -1
28.2268,      -9
28.2368,      -4
28.2468,      -7
28.2568,      -6
28.2668,      -6
28.2768,      -4
28.2868,      -4
28.2968,      -4
28.3068,      -2
28.3168,      -5
28.3268,      -2
28.3368,      -4
28.3468,      -6
28.3568,      -9
28.3668,     -10
28.3768,      -5
28.3868,      -8
28.3968,      -9
28.4068,      -5
28.4168,      -4
28.4268,      -5
28.4368,      -2
28.4468,      -3
28.4568,     -10
28.4668,      -4
28.4768,       0
28.4868,      -6
28.4968,      -6
28.5069,      -9
28.5169,      -5
28.5269,      -5
28.5369,      -5
28.5469,      -4
28.5569,      -2
28.5669,       0
28.5769,      -6
28.5869,      -4
28.5969,      -2
28.6069,      -9
28.6169,      -2
28.6269,       0
28.6369,      -3
28.6469,      -4
28.6569,      -5
28.6669,      -3
28.6769,      -4
28.6869,      -7
28.6969,      -1
28.7069,      -7
28.7169,      -2
28.7269,      -9
28.7369,      -9
28.7469,      -6
28.7569,      -3
28.7669,      -4
28.7769,      -2
28.7869,      -2
28.7969,      -7
28.8069,      -4
28.8169,      -1
28.8269,      -1
28.8369,      -1
28.8469,      -9
28.8569,      -4
28.8669,      -3
28.8769,     -10
28.8869,      -6
28.8969,      -3
28.9069,      -2
28.9169,      -1
28.9269,      -3
28.9369,      -4
28.9469,      -6
28.9569,      -5
28.9669,      -4
28.9769,      -3
28.9869,      -6
28.9969,      -3
29.0069,      -1
29.0169,     -12
29.0269,      -6
29.0369,      -1
29.0469,      -5
29.0569,      -5
29.0669,      -5
29.0769,      -3
29.0869,      -6
29.0969,      -2
29.1069,      -5
29.1169,      -4
29.1269,     -10
29.1369,      -1
29.1469,      -5
29.1569,      -4
29.1669,      -1
29.1769,      -5
29.1869,      -5
29.1969,      -4
29.2069,      -6
29.2169,      -2
29.2269,      -7
29.2369,      -7
29.2469,      -5
29.2569,      -7
29.2669,      -4
29.2769,      -8
29.2869,      -2
29.2969,      -5
29.3069,      -4
29.3169,      -1
29.3269,      -7
29.3369,      -2
29.3469,      -4
29.3569,      -3
29.3669,      -4
29.3769,      -4
29.3869,      -3
29.3969,      -4
29.4069,      -2
29.4169,       0
29.4269,      -6
29.4369,      -4
29.4469,      -3
29.4569,      -3
29.4669,      -3
29.4769,      -7
29.4869,      -6
29.4969,      -3
29.5070,      -3
29.5170,      -4
29.5270,      -1
29.5370,      -6
29.5470,      -2
29.5570,      -5
29.5670,      -4
29.5770,      -3
29.5870,      -3
29.5970,      -7
29.6070,      -3
29.6170,      -6
29.6270,      -6
29.6370,       0
29.6470,      -4
29.6570,      -5
29.6670,      -3
29.6770,      -1
29.6870,      -4
29.6970,      -8
29.7070,      -2
29.7170,      -1
29.7270,      -1
29.7370,      -4
29.7470,      -2
29.7570,      -2
29.7670,      -5
29.7770,      -4
29.7870,      -5
29.7970,      -5
29.8070,      -4
29.8170,      -4
29.8270,      -2
29.8370,      -2
29.8470,       0
29.8570,      -1
29.8670,      -2
29.8770,      -4
29.8870,      -4
29.8970,      -2
29.9070,      -1
29.9170,      -5
29.9270,       1
29.9370,      -1
29.9470,      -2
29.9570,      -3
29.9670,       0
29.9770,      -4
29.9870,      -2
29.9970,      -6
30.0070,      -6
30.0170,      -4
30.0270,      -1
30.0370,       0
30.0470,      -5
30.0570,      -4
30.0670,      -8
30.0770,      -3
30.0870,      -5
30.0970,      -1
30.1070,      -3
30.1170,      -4
30.1270,      -4
30.1370,      -1
30.1470,      -4
30.1570,      -4
30.1670,      -1
30.1770,      -4
30.1870,      -2
30.1970,      -2
30.2070,      -4
30.2170,      -3
30.2270,      -6
30.2370,      -3
30.2470,      -4
30.2570,      -1
30.2670,      -2
30.2770,      -5
30.2870,      -2
30.2970,      -1
30.3070,      -6
30.3170,      -1
30.3270,      -1
30.3370,      -1
30.3470,       1
30.3570,      -1
30.3670,      -8
30.3770,      -2
30.3870,      -6
30.3970,      -8
30.4070,      -2
30.4170,       0
30.4270,      -3
30.4370,      -3
30.4470,      -4
30.4570,      -5
30.4670,      -4
30.4770,      -4
30.4870,      -2
30.4970,      -4
30.5071,      -4
30.5171,      -5
30.5271,      -2
30.5371,      -2
30.5471,      -5
30.5571,      -2
30.5671,      -7
30.5771,      -3
30.5871,      -4
30.5971,      -2
30.6071,      -2
30.6171,       0
30.6271,      -4
30.6371,      -1
30.6471,      -8
30.6571,      -3
30.6671,      -2
30.6771,       0
30.6871,      -6
30.6971,       0
30.7071,       2
30.7171,      -3
30.7271,      -3
30.7371,      -1
30.7471,      -2
30.7571,       2
30.7671,      -5
30.7771,      -2
30.7871,      -1
30.7971,       0
30.8071,       0
30.8171,      -1
30.8271,      -1
30.8371,      -3
30.8471,      -6
30.8571,      -5
30.8671,       0
30.8771,      -2
30.8871,       0
30.8971,      -4
30.9071,      -2
30.9171,      -1
30.9271,      -1
30.9371,      -4
30.9471,      -3
30.9571,      -2
30.9671,      -2
30.9771,       0
30.9871,      -1
30.9971,      -6
31.0071,      -2
31.0171,      -1
31.0271,       1
31.0371,      -1
31.0471,      -2
31.0571,       2
31.0671,      -3
31.0771,      -1
31.0871,      -2
31.0971,      -4
31.1071,      -1
31.1171,      -1
31.1271,      -2
31.1371,      -4
31.1471,       3
31.1571,      -4
31.1671,       0
31.1771,      -1
31.1871,       0
31.1971,      -2
31.2071,       2
31.2171,      -5
31.2271,      -4
31.2371,      -3
31.2471,      -1
31.2571,      -2
31.2671,      -3
31.2771,      -3
31.2871,       1
31.2971,      -2
31.3071,      -3
31.3171,      -4
31.3271,      -1
31.3371,       1
31.3471,      -4
31.3571,       1
31.3671,      -5
31.3771,       1
31.3871,      -3
31.3971,       0
31.4071,      -2
31.4171,      -1
31.4271,      -1
31.4371,      -3
31.4471,      -1
31.4571,      -1
31.4671,      -2
31.4771,      -4
31.4871,      -3
31.4971,       0
31.5072,      -3
31.5172,      -5
31.5272,      -6
31.5372,       1
31.5472,      -5
31.5572,      -3
31.5672,      -3
31.5772,       0
31.5872,       1
31.5972,      -2
31.6072,      -3
31.6172,      -7
31.6272,      -6
31.6372,      -1
31.6472,      -4
31.6572,      -2
31.6672,      -2
31.6772,      -6
31.6872,      -6
31.6972,       0
31.7072,       0
31.7172,      -3
31.7272,      -1
31.7372,      -6
31.7472,      -4
31.7572,      -5
31.7672,      -4
31.7772,      -2
31.7872,      -1
31.7972,      -2
31.8072,      -1
31.8172,       0
31.8272,      -4
31.8372,      -2
31.8472,       1
31.8572,      -2
31.8672,      -3
31.8772,      -5
31.8872,      -3
31.8972,      -2
31.9072,       0
31.9172,       0
31.9272,      -4
31.9372,      -1
31.9472,      -1
31.9572,      -6
31.9672,      -4
31.9772,      -4
31.9872,      -3
31.9972,       0
32.0072,      -2
32.0172,      -3
32.0272,      -2
32.0372,       1
32.0472,      -1
32.0572,      -5
32.0672,      -2
32.0772,      -2
32.0872,      -1
32.0972,      -1
32.1072,      -3
32.1172,      -2
32.1272,      -5
32.1372,      -1
32.1472,      -3
32.1572,      -1
32.1672,      -1
32.1772,      -4
32.1872,       0
32.1972,      -1
32.2072,      -4
32.2172,       0
32.2272,       0
32.2372,      -5
32.2472,      -5
32.2572,      -1
32.2672,      -4
32.2772,      -5
32.2872,      -1
32.2972,      -5
32.3072,       0
32.3172,       2
32.3272,      -3
32.3372,      -2
32.3472,       0
32.3572,      -5
32.3672,      -5
32.3772,       0
32.3872,       0
32.3972,      -1
32.4072,      -3
32.4172,      -1
32.4272,       0
32.4372,      -1
32.4472,      -3
32.4572,      -1
32.4672,      -3
32.4772,      -2
32.4872,      -4
32.4972,      -1
32.5073,      -1
32.5173,      -3
32.5273,      -2
32.5373,      -1
32.5473,       0
32.5573,      -2
32.5673,      -4
32.5773,      -2
32.5873,       1
32.5973,      -5
32.6073,      -1
32.6173,      -3
32.6273,      -2
32.6373,      -1
32.6473,      -2
32.6573,      -2
32.6673,       0
32.6773,      -3
32.6873,      -1
32.6973,       0
32.7073,      -4
32.7173,      -1
32.7273,       0
32.7373,       0
32.7473,      -2
32.7573,      -3
32.7673,      -3
32.7773,      -1
32.7873,       0
32.7973,      -1
32.8073,       1
32.8173,      -3
32.8273,      -3
32.8373,      -3
32.8473,      -1
32.8573,      -4
32.8673,      -2
32.8773,      -2
32.8873,      -2
32.8973,      -2
32.9073,      -2
32.9173,       0
32.9273,      -2
32.9373,      -1
32.9473,      -1
32.9573,       0
32.9673,      -2
32.9773,       0
32.9873,      -1
32.9973,      -2
33.0073,      -6
33.0173,      -5
33.0273,      -2
33.0373,      -3
33.0473,      -2
33.0573,      -1
33.0673,      -1
33.0773,       0
33.0873,       0
33.0973,      -1
33.1073,       2
33.1173,      -1
33.1273,      -1
33.1373,       0
33.1473,      -2
33.1573,      -1
33.1673,       0
33.1773,      -2
33.1873,      -3
33.1973,      -3
33.2073,      -3
33.2173,       0
33.2273,      -2
33.2373,      -2
33.2473,       1
33.2573,      -1
33.2673,      -2
33.2773,      -3
33.2873,      -1
33.2973,       2
33.3073,      -1
33.3173,      -3
33.3273,      -4
33.3373,      -2
33.3473,      -1
33.3573,      -3
33.3673,      -2
33.3773,      -1
33.3873,      -1
33.3973,      -1
33.4073,      -1
33.4173,       1
33.4273,       0
33.4373,      -1
33.4473,      -2
33.4573,       0
33.4673,      -2
33.4773,      -1
33.4873,      -1
33.4973,       1
33.5074,      -4
33.5174,      -2
33.5274,      -4
33.5374,      -2
33.5474,      -1
33.5574,      -1
33.5674,       0
33.5774,       1
33.5874,      -5
33.5974,       0
33.6074,      -2
33.6174,      -1
33.6274,      -5
33.6374,      -1
33.6474,      -1
33.6574,      -2
33.6674,      -3
33.6774,       1
33.6874,      -1
33.6974,       0
33.7074,       1
33.7174,       0
33.7274,       0
33.7374,      -1
33.7474,       0
33.7574,      -1
33.7674,      -1
33.7774,       1
33.7874,       1
33.7974,      -4
33.8074,      -2
33.8174,      -2
33.8274,      -2
33.8374,      -2
33.8474,      -1
33.8574,      -1
33.8674,      -2
33.8774,       0
33.8874,      -1
33.8974,      -1
33.9074,      -2
33.9174,      -1
33.9274,      -1
33.9374,      -1
33.9474,       0
33.9574,       0
33.9674,       0
33.9774,       0
33.9874,      -1
33.9974,       1
34.0074,       0
34.0174,       0
34.0274,      -1
34.0374,      -3
34.0474,      -1
34.0574,       1
34.0674,      -3
34.0774,      -4
34.0874,      -1
34.0974,      -3
34.1074,      -2
34.1174,      -4
34.1274,       1
34.1374,      -1
34.1474,      -2
34.1574,      -3
34.1674,       0
34.1774,      -1
34.1874,       0
34.1974,      -1
34.2074,       0
34.2174,      -1
34.2274,       0
34.2374,      -2
34.2474,      -1
34.2574,      -1
34.2674,       0
34.2774,      -3
34.2874,      -2
34.2974,      -1
34.3074,       0
34.3174,      -1
34.3274,      -1
34.3374,      -1
34.3474,      -1
34.3574,       1
34.3674,      -3
34.3774,      -2
34.3874,      -1
34.3974,       0
34.4074,      -5
34.4174,      -2
34.4274,       0
34.4374,       0
34.4474,      -1
34.4574,      -1
34.4674,       0
34.4774,      -1
34.4874,      -1
34.4974,       0
34.5075,       0
34.5175,       1
34.5275,      -1
34.5375,      -1
34.5475,       0
34.5575,      -4
34.5675,       0
34.5775,      -1
34.5875,      -3
34.5975,       1
34.6075,       0
34.6175,      -1
34.6275,      -3
34.6375,       0
34.6475,      -1
34.6575,      -1
34.6675,      -1
34.6775,       2
34.6875,       0
34.6975,       1
34.7075,       0
34.7175,      -2
34.7275,      -1
34.7375,      -1
34.7475,       0
34.7575,      -1
34.7675,      -3
34.7775,      -2
34.7875,      -2
34.7975,       0
34.8075,      -1
34.8175,      -1
34.8275,       0
34.8375,       1
34.8475,      -2
34.8575,       0
34.8675,       0
34.8775,      -1
34.8875,      -2
34.8975,       1
34.9075,      -1
34.9175,       0
34.9275,       0
34.9375,       1
34.9475,       0
34.9575,       0
34.9675,       0
34.9775,       0
34.9875,      -1
34.9975,      -2
35.0075,      -3
35.0175,       1
35.0275,      -2
35.0375,      -1
35.0475,       0
35.0575,      -1
35.0675,      -1
35.0775,      -3
35.0875,       0
35.0975,      -1
35.1075,       0
35.1175,      -1
35.1275,       1
35.1375,      -2
35.1475,       1
35.1575,      -1
35.1675,       0
35.1775,      -1
35.1875,      -2
35.1975,       0
35.2075,      -1
35.2175,       0
35.2275,      -2
35.2375,       0
35.2475,       0
35.2575,      -2
35.2675,      -1
35.2775,       0
35.2875,       0
35.2975,      -1
35.3075,      -1
35.3175,       0
35.3275,       0
35.3375,      -1
35.3475,       0
35.3575,       0
35.3675,      -3
35.3775,      -1
35.3875,      -2
35.3975,       0
35.4075,       3
35.4175,      -1
35.4275,      -1
35.4375,       1
35.4475,      -1
35.4575,       0
35.4675,       0
35.4775,      -1
35.4875,       0
35.4975,      -1
35.5076,      -1
35.5176,       0
35.5276,      -2
35.5376,       0
35.5476,       0
35.5576,      -4
35.5676,      -2
35.5776,      -2
35.5876,       0
35.5976,      -2
35.6076,      -1
35.6176,      -2
35.6276,       1
35.6376,      -1
35.6476,      -1
35.6576,      -1
35.6676,       0
35.6776,       0
35.6876,      -2
35.6976,      -2
35.7076,       1
35.7176,       0
35.7276,      -1
35.7376,      -1
35.7476,      -1
35.7576,      -1
35.7676,       0
35.7776,       0
35.7876,       0
35.7976,      -1
35.8076,      -2
35.8176,      -1
35.8276,       1
35.8376,       0
35.8476,      -2
35.8576,       0
35.8676,       0
35.8776,      -1
35.8876,       1
35.8976,       1
35.9076,      -1
35.9176,      -1
35.9276,       0
35.9376,       0
35.9476,       1
35.9576,      -5
35.9676,      -3
35.9776,      -2
35.9876,       2
35.9976,       0
36.0076,      -2
36.0176,       0
36.0276,       0
36.0376,      -1
36.0476,      -1
36.0576,      -2
36.0676,       1
36.0776,       1
36.0876,       1
36.0976,       0
36.1076,      -1
36.1176,      -1
36.1276,       0
36.1376,       0
36.1476,      -2
36.1576,       0
36.1676,       0
36.1776,       1
36.1876,      -2
36.1976,      -1
36.2076,      -2
36.2176,       0
36.2276,       0
36.2376,      -3
36.2476,      -2
36.2576,       0
36.2676,      -1
36.2776,       0
36.2876,       0
36.2976,       0
36.3076,      -1
36.3176,       0
36.3276,       0
36.3376,       0
36.3476,       1
36.3576,       0
36.3676,       0
36.3776,       0
36.3876,      -2
36.3976,      -1
36.4076,       0
36.4176,      -2
36.4276,      -2
36.4376,      -2
36.4476,       0
36.4576,       0
36.4676,      -2
36.4776,       0
36.4876,       1
36.4976,       0
36.5077,       0
36.5177,      -1
36.5277,       0
36.5377,      -1
36.5477,       0
36.5577,       0
36.5677,       0
36.5777,      -2
36.5877,       0
36.5977,      -1
36.6077,      -2
36.6177,      -1
36.6277,       0
36.6377,       0
36.6477,      -1
36.6577,       2
36.6677,       0
36.6777,       0
36.6877,       1
36.6977,       0
36.7077,      -2
36.7177,       0
36.7277,      -2
36.7377,       0
36.7477,       0
36.7577,       0
36.7677,       0
36.7777,       1
36.7877,       0
36.7977,       0
36.8077,      -1
36.8177,       0
36.8277,      -1
36.8377,       0
36.8477,      -1
36.8577,      -1
36.8677,      -1
36.8777,      -1
36.8877,       0
36.8977,       0
36.9077,       0
36.9177,      -1
36.9277,       0
36.9377,       0
36.9477,      -1
36.9577,      -3
36.9677,       0
36.9777,      -1
36.9877,      -1
36.9977,       0
37.0077,      -2
37.0177,      -1
37.0277,      -1
37.0377,      -1
37.0477,       0
37.0577,       0
37.0677,       0
37.0777,       0
37.0877,       0
37.0977,       0
37.1077,       0
37.1177,       0
37.1277,       0
37.1377,      -1
37.1477,       0
37.1577,      -1
37.1677,       0
37.1777,       0
37.1877,      -1
37.1977,       0
37.2077,       1
37.2177,       0
37.2277,       0
37.2377,      -1
37.2477,       0
37.2577,       0
37.2677,       0
37.2777,       0
37.2877,      -1
37.2977,      -2
37.3077,       1
37.3177,      -2
37.3277,       0
37.3377,       0
37.3477,      -1
37.3577,       0
37.3677,      -3
37.3777,       0
37.3877,      -3
37.3977,      -1
37.4077,      -1
37.4177,       0
37.4277,      -1
37.4377,      -1
37.4477,      -1
37.4577,       0
37.4677,      -2
37.4777,       0
37.4877,       0
37.4977,       0
37.5078,      -1
37.5178,       0
37.5278,      -3
37.5378,      -3
37.5478,       0
37.5578,      -1
37.5678,       0
37.5778,      -2
37.5878,      -1
37.5978,      -2
37.6078,       0
37.6178,      -2
37.6278,       0
37.6378,       0
37.6478,      -2
37.6578,       0
37.6678,       0
37.6778,       0
37.6878,      -2
37.6978,      -1
37.7078,       0
37.7178,       0
37.7278,       0
37.7378,      -1
37.7478,       0
37.7578,       0
37.7678,       0
37.7778,       0
37.7878,      -1
37.7978,      -1
37.8078,       0
37.8178,      -2
37.8278,       0
37.8378,       0
37.8478,      -1
37.8578,       0
37.8678,       0
37.8778,       0
37.8878,       0
37.8978,      -1
37.9078,       0
37.9178,       1
37.9278,       0
37.9378,       0
37.9478,       1
37.9578,       0
37.9678,      -2
37.9778,       0
37.9878,       0
37.9978,       0
38.0078,       0
38.0178,      -2
38.0278,      -1
38.0378,       0
38.0478,       0
38.0578,       0
38.0678,       1
38.0778,       0
38.0878,      -1
38.0978,       1
38.1078,      -2
38.1178,      -1
38.1278,       1
38.1378,       0
38.1478,       1
38.1578,      -1
38.1678,       0
38.1778,       0
38.1878,       0
38.1978,      -1
38.2078,       0
38.2178,       0
38.2278,       0
38.2378,      -1
38.2478,      -1
38.2578,      -2
38.2678,      -1
38.2778,       0
38.2878,       0
38.2978,       0
38.3078,       0
38.3178,       0
38.3278,       0
38.3378,      -1
38.3478,      -1
38.3578,       0
38.3678,       0
38.3778,       0
38.3878,       0
38.3978,       0
38.4078,       0
38.4178,      -1
38.4278,       0
38.4378,       0
38.4478,      -1
38.4578,      -2
38.4678,       0
38.4778,      -1
38.4878,       0
38.4978,       0
38.5079,       0
38.5179,       0
38.5279,      -2
38.5379,       0
38.5479,      -1
38.5579,       0
38.5679,       0
38.5779,      -1
38.5879,       0
38.5979,       1
38.6079,       0
38.6179,       0
38.6279,      -1
38.6379,       0
38.6479,       0
38.6579,       0
38.6679,       0
38.6779,       0
38.6879,      -1
38.6979,      -1
38.7079,       0
38.7179,       0
38.7279,       0
38.7379,       0
38.7479,       0
38.7579,       0
38.7679,       0
38.7779,       0
38.7879,       1
38.7979,      -1
38.8079,      -1
38.8179,       0
38.8279,      -1
38.8379,      -1
38.8479,      -2
38.8579,       0
38.8679,       0
38.8779,       0
38.8879,      -2
38.8979,      -2
38.9079,      -1
38.9179,      -1
38.9279,       0
38.9379,       1
38.9479,       0
38.9579,       0
38.9679,       1
38.9779,       1
38.9879,       0
38.9979,       0
39.0079,       0
39.0179,       1
39.0279,       0
39.0379,       0
39.0479,      -1
39.0579,       0
39.0679,       1
39.0779,       0
39.0879,       0
39.0979,       0
39.1079,       0
39.1179,       0
39.1279,       0
39.1379,       0
39.1479,      -1
39.1579,       0
39.1679,       0
39.1779,       0
39.1879,      -1
39.1979,       0
39.2079,      -2
39.2179,       1
39.2279,      -1
39.2379,       1
39.2479,      -1
39.2579,      -1
39.2679,       0
39.2779,       0
39.2879,       1
39.2979,       1
39.3079,       0
39.3179,       0
39.3279,       0
39.3379,       0
39.3479,       1
39.3579,      -1
39.3679,      -1
39.3779,       1
39.3879,       0
39.3979,       0
39.4079,       0
39.4179,       1
39.4279,       0
39.4379,       1
39.4479,       0
39.4579,      -1
39.4679,       1
39.4779,       0
39.4879,      -1
39.4979,       0
39.5080,       1
39.5180,       0
39.5280,       0
39.5380,       1
39.5480,       0
39.5580,       0
39.5680,       0
39.5780,      -1
39.5880,       0
39.5980,       0
39.6080,       1
39.6180,       0
39.6280,       0
39.6380,      -1
39.6480,       0
39.6580,       0
39.6680,       1
39.6780,       0
39.6880,       0
39.6980,       0
39.7080,      -1
39.7180,       1
39.7280,       0
39.7380,      -1
39.7480,      -1
39.7580,      -2
39.7680,      -1
39.7780,       0
39.7880,       0
39.7980,       0
39.8080,      -1
39.8180,       0
39.8280,       0
39.8380,      -1
39.8480,      -1
39.8580,       0
39.8680,       0
39.8780,       0
39.8880,       0
39.8980,       0
39.9080,      -1
39.9180,       0
39.9280,       0
39.9380,       0
39.9480,      -1
39.9580,       0
39.9680,       0
39.9780,       0
39.9880,       0
39.9980,       0
