-0.9561,       0
-0.9461,       0
-0.9361,       0
-0.9261,       0
-0.9161,       0
-0.9061,       0
-0.8961,       0
-0.8861,       0
-0.8761,       0
-0.8661,       0
-0.8561,       0
-0.8461,       0
-0.8361,       0
-0.8261,       0
-0.8161,       0
-0.8061,       0
-0.7961,       0
-0.7861,       0
-0.7761,       0
-0.7661,       0
-0.7561,       0
-0.7461,       0
-0.7361,       0
-0.7261,       0
-0.7161,       0
-0.7061,       0
-0.6961,       0
-0.6861,       0
-0.6761,       0
-0.6661,       0
-0.6561,       0
-0.6461,       0
-0.6361,       0
-0.6261,       0
-0.6161,       0
-0.6061,       0
-0.5961,       0
-0.5861,       0
-0.5761,       0
-0.5661,       0
-0.5561,       0
-0.5461,       0
-0.5361,       0
-0.5261,       0
-0.5161,       0
-0.5061,       0
-0.4960,       0
-0.4860,       0
-0.4760,       0
-0.4660,       0
-0.4560,       0
-0.4460,       0
-0.4360,       0
-0.4260,       0
-0.4160,       0
-0.4060,       0
-0.3960,       0
-0.3860,       0
-0.3760,       0
-0.3660,       0
-0.3560,       0
-0.3460,       0
-0.3360,       0
-0.3260,       0
-0.3160,       0
-0.3060,       0
-0.2960,       0
-0.2860,       0
-0.2760,       0
-0.2660,       0
-0.2560,      -2
-0.2460,      -1
-0.2360,      -2
-0.2260,       1
-0.2160,      -2
-0.2060,       1
-0.1960,       0
-0.1860,      -1
-0.1760,       2
-0.1660,      -3
-0.1560,       2
-0.1460,      -6
-0.1360,       1
-0.1260,      19
-0.1160,      -7
-0.1060,     -20
-0.0960,     -26
-0.0860,      -5
-0.0760,      48
-0.0660,     -95
-0.0560,      63
-0.0460,     -22
-0.0360,     294
-0.0260,     171
-0.0160,     -34
-0.0060,     194
 0.0040,    -233
 0.0140,     -94
 0.0240,      12
 0.0340,    -142
 0.0440,     140
 0.0540,    -213
 0.0640,     -44
 0.0740,     -60
 0.0840,      14
 0.0940,       6
 0.1040,      32
 0.1140,      -2
 0.1240,      -5
 0.1340,       8
 0.1440,      -2
 0.1540,      -1
 0.1640,       1
 0.1740,      -1
 0.1840,       1
 0.1940,       1
 0.2040,       0
 0.2140,       0
 0.2240,       0
 0.2340,       0
 0.2440,      -1
 0.2540,       0
 0.2640,       1
 0.2740,       0
 0.2840,       0
 0.2940,       0
 0.3040,      -1
 0.3140,       3
 0.3240,     -12
 0.3340,      -4
 0.3440,     -16
 0.3540,     -15
 0.3640,      -3
 0.3740,      -6
 0.3840,     -20
 0.3940,      -3
 0.4040,     -13
 0.4140,     -14
 0.4240,       0
 0.4340,     -23
 0.4440,      -6
 0.4540,      -3
 0.4640,      -9
 0.4740,      -3
 0.4840,      -7
 0.4940,     -22
 0.5041,     -17
 0.5141,      -9
 0.5241,       0
 0.5341,      -6
 0.5441,      -5
 0.5541,      -6
 0.5641,     -16
 0.5741,     -10
 0.5841,      -7
 0.5941,      -1
 0.6041,       7
 0.6141,     -10
 0.6241,       2
 0.6341,       3
 0.6441,     -14
 0.6541,      -3
 0.6641,      -8
 0.6741,      -7
 0.6841,       1
 0.6941,     -12
 0.7041,      -3
 0.7141,      -3
 0.7241,       1
 0.7341,     -12
 0.7441,       2
 0.7541,      -5
 0.7641,     -11
 0.7741,       9
 0.7841,      -7
 0.7941,      -8
 0.8041,     -12
 0.8141,     -12
 0.8241,      -7
 0.8341,      -1
 0.8441,     -12
 0.8541,       3
 0.8641,       1
 0.8741,      -4
 0.8841,       3
 0.8941,       3
 0.9041,       2
 0.9141,       6
 0.9241,      -7
 0.9341,      -4
 0.9441,      -7
 0.9541,     -15
 0.9641,       1
 0.9741,     -14
 0.9841,     -14
 0.9941,       1
 1.0041,     -11
 1.0141,       1
 1.0241,     -14
 1.0341,      -8
 1.0441,     -10
 1.0541,     -20
 1.0641,     -21
 1.0741,     -19
 1.0841,      -1
 1.0941,      -5
 1.1041,     -16
 1.1141,      10
 1.1241,     -10
 1.1341,      -8
 1.1441,      -4
 1.1541,       0
 1.1641,       6
 1.1741,      -9
 1.1841,      -3
 1.1941,      -8
 1.2041,       9
 1.2141,     -11
 1.2241,      -2
 1.2341,       3
 1.2441,       3
 1.2541,     -11
 1.2641,      -4
 1.2741,      -6
 1.2841,     -15
 1.2941,     -10
 1.3041,      -7
 1.3141,       2
 1.3241,     -12
 1.3341,      10
 1.3441,      -1
 1.3541,      -8
 1.3641,      -6
 1.3741,      -1
 1.3841,      -9
 1.3941,     -21
 1.4041,       4
 1.4141,       0
 1.4241,      -6
 1.4341,      -4
 1.4441,      -1
 1.4541,      -5
 1.4641,       0
 1.4741,     -12
 1.4841,      -3
 1.4941,     -11
 1.5042,      -5
 1.5142,      -7
 1.5242,      -1
 1.5342,       1
 1.5442,      -7
 1.5542,      -2
 1.5642,       2
 1.5742,      -4
 1.5842,       5
 1.5942,       4
 1.6042,      11
 1.6142,      -4
 1.6242,      -5
 1.6342,     -11
 1.6442,       7
 1.6542,      -4
 1.6642,      -6
 1.6742,     -11
 1.6842,       2
 1.6942,     -10
 1.7042,       5
 1.7142,      -5
 1.7242,       4
 1.7342,      -6
 1.7442,       1
 1.7542,      -5
 1.7642,       2
 1.7742,      -1
 1.7842,       0
 1.7942,      -4
 1.8042,      -2
 1.8142,      -5
 1.8242,       0
 1.8342,     -11
 1.8442,      -5
 1.8542,      -1
 1.8642,     -12
 1.8742,     -26
 1.8842,     -13
 1.8942,     -21
 1.9042,     -32
 1.9142,     -40
 1.9242,     -51
 1.9342,     -62
 1.9442,     -61
 1.9542,     -71
 1.9642,     -40
 1.9742,     -31
 1.9842,     -34
 1.9942,       0
 2.0042,     -14
 2.0142,      17
 2.0242,      10
 2.0342,      39
 2.0442,      17
 2.0542,      28
 2.0642,      16
 2.0742,      17
 2.0842,      16
 2.0942,      18
 2.1042,      -2
 2.1142,      11
 2.1242,       0
 2.1342,       3
 2.1442,      -2
 2.1542,       4
 2.1642,      -3
 2.1742,      -4
 2.1842,       2
 2.1942,       3
 2.2042,      -5
 2.2142,      -2
 2.2242,      -5
 2.2342,      -7
 2.2442,      -5
 2.2542,      20
 2.2642,      10
 2.2742,      44
 2.2842,       6
 2.2942,      39
 2.3042,      43
 2.3142,      38
 2.3242,      58
 2.3342,      47
 2.3442,      60
 2.3542,      23
 2.3642,      25
 2.3742,      26
 2.3842,      12
 2.3942,       8
 2.4042,      12
 2.4142,       8
 2.4242,       4
 2.4342,       3
 2.4442,      11
 2.4542,     -13
 2.4642,      -4
 2.4742,      -2
 2.4842,       4
 2.4942,      10
 2.5043,       1
 2.5143,      -4
 2.5243,       6
 2.5343,      -4
 2.5443,       0
 2.5543,       1
 2.5643,      11
 2.5743,       1
 2.5843,       0
 2.5943,       6
 2.6043,       6
 2.6143,       8
 2.6243,      16
 2.6343,       2
 2.6443,      -1
 2.6543,      15
 2.6643,       0
 2.6743,      -2
 2.6843,     -15
 2.6943,      -8
 2.7043,     -15
 2.7143,     -10
 2.7243,     -23
 2.7343,     -11
 2.7443,     -47
 2.7543,     -34
 2.7643,     -40
 2.7743,     -49
 2.7843,     -53
 2.7943,     -68
 2.8043,     -45
 2.8143,     -27
 2.8243,     -22
 2.8343,     -25
 2.8443,     -24
 2.8543,      -6
 2.8643,     -13
 2.8743,     -27
 2.8843,      -7
 2.8943,     -42
 2.9043,       2
 2.9143,      25
 2.9243,       8
 2.9343,      -2
 2.9443,      17
 2.9543,      50
 2.9643,      42
 2.9743,      32
 2.9843,      -6
 2.9943,      38
 3.0043,      43
 3.0143,      48
 3.0243,      23
 3.0343,      30
 3.0443,      38
 3.0543,     -23
 3.0643,     -17
 3.0743,       2
 3.0843,      -2
 3.0943,     -11
 3.1043,      -2
 3.1143,     -12
 3.1243,      -4
 3.1343,       6
 3.1443,     -16
 3.1543,     -11
 3.1643,       0
 3.1743,      -3
 3.1843,      -5
 3.1943,      11
 3.2043,      20
 3.2143,      20
 3.2243,      41
 3.2343,      39
 3.2443,      65
 3.2543,      97
 3.2643,     157
 3.2743,     163
 3.2843,     272
 3.2943,     257
 3.3043,     346
 3.3143,     370
 3.3243,     433
 3.3343,     422
 3.3443,     354
 3.3543,     346
 3.3643,     315
 3.3743,     288
 3.3843,     234
 3.3943,     171
 3.4043,     148
 3.4143,     103
 3.4243,      76
 3.4343,      30
 3.4443,      19
 3.4543,       1
 3.4643,      -9
 3.4743,      -5
 3.4843,      -6
 3.4943,     -17
 3.5044,      11
 3.5144,     -13
 3.5244,      -5
 3.5344,     -11
 3.5444,     -53
 3.5544,     -64
 3.5644,    -107
 3.5744,    -197
 3.5844,    -323
 3.5944,    -469
 3.6044,    -713
 3.6144,   -1073
 3.6244,   -1450
 3.6344,   -1957
 3.6444,   -2376
 3.6544,   -3132
 3.6644,   -3720
 3.6744,   -4453
 3.6844,   -4922
 3.6944,   -5334
 3.7044,   -5608
 3.7144,   -5279
 3.7244,   -5190
 3.7344,   -4749
 3.7444,   -4425
 3.7544,   -3658
 3.7644,   -3035
 3.7744,   -2624
 3.7844,   -1999
 3.7944,   -1558
 3.8044,   -1040
 3.8144,    -716
 3.8244,    -487
 3.8344,    -335
 3.8444,    -192
 3.8544,    -122
 3.8644,     -74
 3.8744,     -70
 3.8844,     -80
 3.8944,     -80
 3.9044,     -94
 3.9144,     -55
 3.9244,    -142
 3.9344,    -181
 3.9444,    -282
 3.9544,    -263
 3.9644,    -392
 3.9744,    -425
 3.9844,    -528
 3.9944,    -645
 4.0044,    -677
 4.0144,    -736
 4.0244,    -772
 4.0344,    -671
 4.0444,    -762
 4.0544,    -659
 4.0644,    -568
 4.0744,    -554
 4.0844,    -475
 4.0944,    -388
 4.1044,    -248
 4.1144,    -209
 4.1244,    -180
 4.1344,    -142
 4.1444,    -106
 4.1544,     -74
 4.1644,     -41
 4.1744,     -18
 4.1844,     -15
 4.1944,      -4
 4.2044,     -10
 4.2144,      -5
 4.2244,     -10
 4.2344,      -5
 4.2444,     -18
 4.2544,      -3
 4.2644,     -15
 4.2744,      -8
 4.2844,      -6
 4.2944,      -4
 4.3044,     -26
 4.3144,     -12
 4.3244,     -23
 4.3344,     -23
 4.3444,     -62
 4.3544,     -75
 4.3644,    -120
 4.3744,    -122
 4.3844,    -226
 4.3944,    -326
 4.4044,    -469
 4.4144,    -610
 4.4244,    -946
 4.4344,   -1153
 4.4444,   -1608
 4.4544,   -2221
 4.4644,   -2575
 4.4744,   -3267
 4.4844,   -3659
 4.4944,   -4242
 4.5045,   -4690
 4.5145,   -4775
 4.5245,   -4973
 4.5345,   -4908
 4.5445,   -4675
 4.5545,   -4467
 4.5645,   -3924
 4.5745,   -3376
 4.5845,   -2765
 4.5945,   -2329
 4.6045,   -1864
 4.6145,   -1445
 4.6245,   -1031
 4.6345,    -838
 4.6445,    -551
 4.6545,    -368
 4.6645,    -241
 4.6745,    -125
 4.6845,     -77
 4.6945,     -65
 4.7045,     -44
 4.7145,     -13
 4.7245,     -29
 4.7345,     -29
 4.7445,     -31
 4.7545,     -22
 4.7645,     -18
 4.7745,     -32
 4.7845,     -27
 4.7945,     -67
 4.8045,     -65
 4.8145,     -71
 4.8245,     -88
 4.8345,    -135
 4.8445,    -144
 4.8545,    -205
 4.8645,    -246
 4.8745,    -330
 4.8845,    -334
 4.8945,    -430
 4.9045,    -515
 4.9145,    -569
 4.9245,    -614
 4.9345,    -606
 4.9445,    -677
 4.9545,    -624
 4.9645,    -674
 4.9745,    -606
 4.9845,    -536
 4.9945,    -490
 5.0045,    -377
 5.0145,    -311
 5.0245,    -297
 5.0345,    -251
 5.0445,    -191
 5.0545,    -143
 5.0645,     -84
 5.0745,     -44
 5.0845,     -58
 5.0945,     -30
 5.1045,     -12
 5.1145,     -17
 5.1245,      -9
 5.1345,      -1
 5.1445,      -3
 5.1545,      -9
 5.1645,       5
 5.1745,       3
 5.1845,       2
 5.1945,       1
 5.2045,       2
 5.2145,       9
 5.2245,      -9
 5.2345,      -2
 5.2445,       2
 5.2545,       0
 5.2645,       3
 5.2745,       2
 5.2845,       1
 5.2945,      -4
 5.3045,      10
 5.3145,      -4
 5.3245,      10
 5.3345,       4
 5.3445,       5
 5.3545,      10
 5.3645,      10
 5.3745,      18
 5.3845,      10
 5.3945,       2
 5.4045,       3
 5.4145,      26
 5.4245,      11
 5.4345,       1
 5.4445,      12
 5.4545,      14
 5.4645,       1
 5.4745,      14
 5.4845,     -10
 5.4945,       3
 5.5046,       0
 5.5146,       5
 5.5246,       4
 5.5346,      -2
 5.5446,       4
 5.5546,      15
 5.5646,       6
 5.5746,       4
 5.5846,      11
 5.5946,      -9
 5.6046,      13
 5.6146,      11
 5.6246,     -10
 5.6346,       1
 5.6446,      -2
 5.6546,       0
 5.6646,       4
 5.6746,      -3
 5.6846,       3
 5.6946,     -17
 5.7046,       4
 5.7146,     -11
 5.7246,       5
 5.7346,      -8
 5.7446,       6
 5.7546,       7
 5.7646,      -2
 5.7746,       2
 5.7846,      -7
 5.7946,      -5
 5.8046,       3
 5.8146,       2
 5.8246,      -7
 5.8346,      -7
 5.8446,       8
 5.8546,       0
 5.8646,      15
 5.8746,      -9
 5.8846,     -27
 5.8946,      -7
 5.9046,      -8
 5.9146,       8
 5.9246,      -5
 5.9346,       9
 5.9446,      -4
 5.9546,     -14
 5.9646,      -1
 5.9746,      -6
 5.9846,       5
 5.9946,      20
 6.0046,       2
 6.0146,      -5
 6.0246,      -9
 6.0346,      -7
 6.0446,      -1
 6.0546,      -8
 6.0646,       5
 6.0746,     -13
 6.0846,       1
 6.0946,      -3
 6.1046,      -6
 6.1146,     -22
 6.1246,      -1
 6.1346,      -2
 6.1446,      22
 6.1546,     -17
 6.1646,     -10
 6.1746,     -41
 6.1846,      -2
 6.1946,      -7
 6.2046,       9
 6.2146,     -26
 6.2246,       1
 6.2346,      14
 6.2446,     -19
 6.2546,       4
 6.2646,      14
 6.2746,      -9
 6.2846,       6
 6.2946,      20
 6.3046,      23
 6.3146,      29
 6.3246,      90
 6.3346,      56
 6.3446,      70
 6.3546,      95
 6.3646,     124
 6.3746,     161
 6.3846,     155
 6.3946,     194
 6.4046,     223
 6.4146,     153
 6.4246,     200
 6.4346,     168
 6.4446,     156
 6.4546,     142
 6.4646,     171
 6.4746,     141
 6.4846,      70
 6.4946,      74
 6.5047,     106
 6.5147,      18
 6.5247,      64
 6.5347,      19
 6.5447,      42
 6.5547,       7
 6.5647,      17
 6.5747,       2
 6.5847,      -7
 6.5947,     -19
 6.6047,       8
 6.6147,      -8
 6.6247,     -23
 6.6347,     -19
 6.6447,      -5
 6.6547,      -8
 6.6647,      13
 6.6747,     -16
 6.6847,     -17
 6.6947,     -30
 6.7047,     -14
 6.7147,      -5
 6.7247,      17
 6.7347,      -8
 6.7447,      -1
 6.7547,      -4
 6.7647,     -19
 6.7747,     -27
 6.7847,      -5
 6.7947,     -26
 6.8047,     -17
 6.8147,      -9
 6.8247,       2
 6.8347,      13
 6.8447,     -13
 6.8547,     -22
 6.8647,     -16
 6.8747,     -10
 6.8847,     -17
 6.8947,      10
 6.9047,     -31
 6.9147,      -3
 6.9247,     -21
 6.9347,     -14
 6.9447,      10
 6.9547,      -5
 6.9647,      -3
 6.9747,      25
 6.9847,     -25
 6.9947,     -11
 7.0047,      -6
 7.0147,      -6
 7.0247,      19
 7.0347,      36
 7.0447,      20
 7.0547,       0
 7.0647,      17
 7.0747,      19
 7.0847,      20
 7.0947,      13
 7.1047,      19
 7.1147,       1
 7.1247,      -8
 7.1347,       5
 7.1447,      32
 7.1547,      18
 7.1647,     -21
 7.1747,     -29
 7.1847,      -9
 7.1947,     -28
 7.2047,     -19
 7.2147,       2
 7.2247,     -21
 7.2347,     -36
 7.2447,     -27
 7.2547,     -12
 7.2647,     -12
 7.2747,     -43
 7.2847,     -25
 7.2947,     -51
 7.3047,     -39
 7.3147,     -45
 7.3247,     -26
 7.3347,       0
 7.3447,      -9
 7.3547,     -12
 7.3647,     -10
 7.3747,     -42
 7.3847,      30
 7.3947,      10
 7.4047,      33
 7.4147,      12
 7.4247,      21
 7.4347,       7
 7.4447,      21
 7.4547,      52
 7.4647,      48
 7.4747,      22
 7.4847,      61
 7.4947,      22
 7.5048,      61
 7.5148,      10
 7.5248,      42
 7.5348,      34
 7.5448,      38
 7.5548,      15
 7.5648,      19
 7.5748,      20
 7.5848,      -4
 7.5948,     -21
 7.6048,     -34
 7.6148,     -17
 7.6248,     -35
 7.6348,     -20
 7.6448,     -34
 7.6548,     -39
 7.6648,     -16
 7.6748,     -22
 7.6848,     -43
 7.6948,     -61
 7.7048,     -40
 7.7148,     -44
 7.7248,     -25
 7.7348,     -31
 7.7448,     -33
 7.7548,     -35
 7.7648,     -34
 7.7748,     -29
 7.7848,     -42
 7.7948,     -65
 7.8048,     -55
 7.8148,     -55
 7.8248,     -37
 7.8348,     -32
 7.8448,     -59
 7.8548,     -31
 7.8648,     -48
 7.8748,     -22
 7.8848,     -18
 7.8948,     -11
 7.9048,     -28
 7.9148,     -41
 7.9248,     -40
 7.9348,     -45
 7.9448,    -103
 7.9548,     -64
 7.9648,     -49
 7.9748,     -54
 7.9848,     -73
 7.9948,     -26
 8.0048,     -29
 8.0148,     -43
 8.0248,     -21
 8.0348,     -30
 8.0448,     -29
 8.0548,     -46
 8.0648,     -59
 8.0748,     -28
 8.0848,     -22
 8.0948,     -29
 8.1048,     -68
 8.1148,     -28
 8.1248,     -70
 8.1348,       7
 8.1448,     -17
 8.1548,     -24
 8.1648,    -100
 8.1748,     -63
 8.1848,     -17
 8.1948,     -20
 8.2048,     -19
 8.2148,      -3
 8.2248,     -58
 8.2348,     -36
 8.2448,     -54
 8.2548,     -58
 8.2648,     -50
 8.2748,     -19
 8.2848,     -71
 8.2948,     -61
 8.3048,     -60
 8.3148,     -71
 8.3248,     -77
 8.3348,     -64
 8.3448,     -44
 8.3548,     -81
 8.3648,     -56
 8.3748,     -86
 8.3848,     -54
 8.3948,     -61
 8.4048,     -43
 8.4148,     -48
 8.4248,    -112
 8.4348,     -54
 8.4448,     -75
 8.4548,     -75
 8.4648,    -108
 8.4748,     -81
 8.4848,     -63
 8.4948,     -59
 8.5049,     -92
 8.5149,     -62
 8.5249,     -61
 8.5349,     -54
 8.5449,     -55
 8.5549,     -65
 8.5649,     -55
 8.5749,     -63
 8.5849,     -85
 8.5949,     -34
 8.6049,     -55
 8.6149,     -89
 8.6249,     -37
 8.6349,     -41
 8.6449,     -97
 8.6549,     -30
 8.6649,     -63
 8.6749,     -21
 8.6849,     -96
 8.6949,     -28
 8.7049,     -79
 8.7149,     -44
 8.7249,      -6
 8.7349,     -37
 8.7449,     -41
 8.7549,     -47
 8.7649,     -70
 8.7749,     -67
 8.7849,     -45
 8.7949,     -96
 8.8049,     -53
 8.8149,     -48
 8.8249,     -65
 8.8349,     -98
 8.8449,     -88
 8.8549,     -39
 8.8649,    -114
 8.8749,     -71
 8.8849,     -92
 8.8949,     -64
 8.9049,    -108
 8.9149,     -76
 8.9249,    -104
 8.9349,    -102
 8.9449,     -72
 8.9549,    -103
 8.9649,     -82
 8.9749,     -66
 8.9849,     -60
 8.9949,     -53
 9.0049,     -73
 9.0149,    -101
 9.0249,     -70
 9.0349,     -53
 9.0449,     -70
 9.0549,     -94
 9.0649,    -132
 9.0749,     -37
 9.0849,     -58
 9.0949,    -112
 9.1049,    -138
 9.1149,    -101
 9.1249,     -71
 9.1349,     -47
 9.1449,     -60
 9.1549,    -100
 9.1649,    -117
 9.1749,    -125
 9.1849,     -83
 9.1949,     -71
 9.2049,     -94
 9.2149,     -71
 9.2249,     -70
 9.2349,    -124
 9.2449,     -50
 9.2549,     -98
 9.2649,     -72
 9.2749,    -104
 9.2849,     -86
 9.2949,     -86
 9.3049,     -85
 9.3149,     -82
 9.3249,    -157
 9.3349,    -124
 9.3449,     -65
 9.3549,     -35
 9.3649,    -113
 9.3749,    -133
 9.3849,     -17
 9.3949,    -105
 9.4049,    -118
 9.4149,     -81
 9.4249,     -97
 9.4349,     -84
 9.4449,     -98
 9.4549,     -90
 9.4649,     -57
 9.4749,    -102
 9.4849,     -48
 9.4949,     -83
 9.5050,     -67
 9.5150,    -102
 9.5250,     -11
 9.5350,    -106
 9.5450,     -91
 9.5550,    -110
 9.5650,    -112
 9.5750,     -33
 9.5850,    -114
 9.5950,    -111
 9.6050,     -62
 9.6150,    -131
 9.6250,    -114
 9.6350,     -82
 9.6450,     -96
 9.6550,    -143
 9.6650,    -126
 9.6750,    -137
 9.6850,    -117
 9.6950,     -99
 9.7050,     -78
 9.7150,     -84
 9.7250,    -130
 9.7350,    -113
 9.7450,     -93
 9.7550,     -72
 9.7650,     -97
 9.7750,    -109
 9.7850,    -148
 9.7950,    -110
 9.8050,     -95
 9.8150,     -74
 9.8250,    -109
 9.8350,    -107
 9.8450,    -126
 9.8550,     -67
 9.8650,     -89
 9.8750,    -133
 9.8850,    -130
 9.8950,    -133
 9.9050,     -91
 9.9150,    -131
 9.9250,    -127
 9.9350,    -135
 9.9450,     -71
 9.9550,    -112
 9.9650,    -120
 9.9750,    -113
 9.9850,    -100
 9.9950,    -149
10.0050,    -105
10.0150,    -159
10.0250,     -91
10.0350,    -133
10.0450,    -113
10.0550,     -90
10.0650,    -140
10.0750,    -100
10.0850,     -97
10.0950,     -72
10.1050,     -97
10.1150,    -136
10.1250,    -183
10.1350,    -139
10.1450,     -86
10.1550,     -95
10.1650,    -158
10.1750,    -112
10.1850,     -75
10.1950,     -96
10.2050,    -118
10.2150,    -123
10.2250,     -99
10.2350,     -94
10.2450,    -108
10.2550,    -151
10.2650,    -119
10.2750,    -117
10.2850,     -95
10.2950,    -180
10.3050,    -116
10.3150,    -108
10.3250,    -134
10.3350,    -128
10.3450,    -114
10.3550,    -110
10.3650,    -194
10.3750,     -78
10.3850,     -99
10.3950,     -86
10.4050,     -99
10.4150,    -109
10.4250,     -58
10.4350,    -166
10.4450,     -49
10.4550,    -170
10.4650,     -71
10.4750,    -109
10.4850,    -117
10.4950,     -94
10.5051,    -150
10.5151,    -126
10.5251,     -99
10.5351,    -186
10.5451,    -128
10.5551,     -99
10.5651,     -82
10.5751,    -121
10.5851,    -102
10.5951,     -69
10.6051,     -55
10.6151,    -133
10.6251,     -27
10.6351,     -91
10.6451,    -117
10.6551,    -104
10.6651,    -101
10.6751,    -100
10.6851,    -170
10.6951,     -88
10.7051,    -132
10.7151,    -132
10.7251,     -98
10.7351,    -143
10.7451,    -155
10.7551,    -101
10.7651,    -153
10.7751,    -153
10.7851,    -124
10.7951,    -116
10.8051,    -120
10.8151,    -110
10.8251,    -153
10.8351,    -157
10.8451,    -128
10.8551,    -105
10.8651,    -145
10.8751,    -120
10.8851,    -146
10.8951,     -99
10.9051,    -135
10.9151,    -123
10.9251,    -161
10.9351,    -174
10.9451,    -155
10.9551,     -84
10.9651,    -112
10.9751,    -206
10.9851,    -103
10.9951,    -145
11.0051,    -102
11.0151,     -94
11.0251,     -95
11.0351,    -183
11.0451,    -143
11.0551,    -111
11.0651,    -128
11.0751,    -191
11.0851,    -110
11.0951,    -106
11.1051,    -144
11.1151,    -110
11.1251,     -83
11.1351,    -135
11.1451,     -89
11.1551,    -124
11.1651,     -59
11.1751,    -101
11.1851,    -170
11.1951,    -185
11.2051,    -141
11.2151,    -111
11.2251,    -104
11.2351,     -99
11.2451,     -71
11.2551,    -122
11.2651,    -170
11.2751,    -125
11.2851,    -146
11.2951,     -48
11.3051,    -126
11.3151,    -158
11.3251,    -139
11.3351,    -160
11.3451,    -177
11.3551,    -174
11.3651,     -85
11.3751,    -121
11.3851,    -115
11.3951,    -139
11.4051,    -162
11.4151,     -75
11.4251,    -153
11.4351,     -99
11.4451,    -107
11.4551,    -120
11.4651,    -143
11.4751,    -144
11.4851,    -146
11.4951,     -95
11.5052,    -124
11.5152,    -187
11.5252,    -138
11.5352,    -108
11.5452,    -144
11.5552,    -113
11.5652,    -188
11.5752,    -171
11.5852,    -133
11.5952,    -105
11.6052,    -142
11.6152,    -126
11.6252,     -83
11.6352,    -126
11.6452,    -137
11.6552,    -121
11.6652,    -143
11.6752,    -159
11.6852,    -102
11.6952,    -119
11.7052,     -88
11.7152,    -153
11.7252,    -183
11.7352,     -85
11.7452,    -116
11.7552,    -121
11.7652,    -113
11.7752,     -94
11.7852,    -120
11.7952,    -111
11.8052,     -58
11.8152,    -163
11.8252,    -169
11.8352,    -151
11.8452,    -129
11.8552,     -33
11.8652,     -81
11.8752,     -72
11.8852,     -71
11.8952,     -97
11.9052,    -184
11.9152,     -87
11.9252,     -93
11.9352,     -39
11.9452,    -116
11.9552,     -94
11.9652,    -154
11.9752,     -85
11.9852,    -115
11.9952,    -122
12.0052,     -65
12.0152,     -89
12.0252,    -114
12.0352,    -133
12.0452,    -115
12.0552,    -146
12.0652,     -63
12.0752,    -119
12.0852,     -92
12.0952,     -47
12.1052,     -80
12.1152,    -128
12.1252,    -104
12.1352,     -68
12.1452,    -165
12.1552,    -147
12.1652,    -211
12.1752,    -129
12.1852,    -132
12.1952,    -143
12.2052,    -134
12.2152,    -113
12.2252,    -106
12.2352,    -134
12.2452,    -129
12.2552,    -128
12.2652,     -97
12.2752,    -133
12.2852,    -145
12.2952,    -125
12.3052,     -98
12.3152,    -118
12.3252,    -164
12.3352,    -118
12.3452,     -79
12.3552,    -124
12.3652,    -133
12.3752,    -135
12.3852,    -153
12.3952,    -165
12.4052,    -101
12.4152,    -182
12.4252,    -111
12.4352,    -141
12.4452,     -86
12.4552,     -76
12.4652,     -25
12.4752,    -147
12.4852,    -198
12.4952,    -173
12.5053,    -166
12.5153,    -114
12.5253,     -73
12.5353,    -117
12.5453,    -197
12.5553,    -103
12.5653,     -96
12.5753,     -91
12.5853,    -110
12.5953,    -161
12.6053,    -152
12.6153,    -132
12.6253,     -63
12.6353,     -74
12.6453,    -134
12.6553,    -125
12.6653,    -175
12.6753,    -131
12.6853,     -92
12.6953,     -82
12.7053,    -134
12.7153,    -141
12.7253,    -100
12.7353,    -159
12.7453,    -182
12.7553,     -70
12.7653,    -126
12.7753,    -110
12.7853,    -133
12.7953,    -116
12.8053,     -83
12.8153,    -140
12.8253,    -124
12.8353,     -11
12.8453,    -123
12.8553,     -87
12.8653,     -91
12.8753,    -186
12.8853,     -95
12.8953,     -96
12.9053,     -72
12.9153,    -148
12.9253,     -85
12.9353,    -155
12.9453,     -94
12.9553,    -155
12.9653,     -87
12.9753,    -156
12.9853,    -198
12.9953,    -104
13.0053,     -66
13.0153,     -55
13.0253,    -118
13.0353,     -89
13.0453,    -171
13.0553,    -118
13.0653,     -71
13.0753,    -105
13.0853,    -112
13.0953,    -122
13.1053,    -126
13.1153,    -153
13.1253,    -110
13.1353,     -52
13.1453,    -141
13.1553,    -151
13.1653,    -118
13.1753,     -72
13.1853,     -76
13.1953,     -81
13.2053,     -74
13.2153,    -115
13.2253,    -128
13.2353,    -119
13.2453,     -78
13.2553,     -94
13.2653,    -125
13.2753,    -141
13.2853,    -108
13.2953,     -88
13.3053,     -60
13.3153,    -131
13.3253,     -62
13.3353,     -90
13.3453,    -101
13.3553,    -127
13.3653,    -104
13.3753,    -100
13.3853,    -131
13.3953,    -134
13.4053,     -72
13.4153,    -122
13.4253,    -104
13.4353,     -88
13.4453,    -118
13.4553,    -171
13.4653,     -79
13.4753,     -66
13.4853,     -62
13.4953,    -137
13.5054,    -102
13.5154,     -76
13.5254,    -106
13.5354,     -78
13.5454,     -88
13.5554,    -134
13.5654,    -164
13.5754,    -166
13.5854,     -90
13.5954,    -110
13.6054,     -88
13.6154,    -101
13.6254,     -85
13.6354,     -72
13.6454,     -71
13.6554,     -84
13.6654,    -103
13.6754,    -146
13.6854,    -105
13.6954,     -63
13.7054,    -139
13.7154,    -106
13.7254,    -162
13.7354,     -70
13.7454,     -35
13.7554,    -113
13.7654,    -160
13.7754,    -152
13.7854,     -94
13.7954,    -137
13.8054,     -57
13.8154,     -79
13.8254,     -56
13.8354,     -71
13.8454,    -144
13.8554,     -67
13.8654,    -113
13.8754,    -107
13.8854,     -45
13.8954,     -24
13.9054,    -115
13.9154,    -140
13.9254,    -119
13.9354,     -76
13.9454,    -106
13.9554,    -104
13.9654,     -87
13.9754,    -136
13.9854,     -69
13.9954,     -78
14.0054,     -92
14.0154,     -54
14.0254,     -28
14.0354,     -79
14.0454,    -116
14.0554,    -132
14.0654,     -62
14.0754,     -86
14.0854,     -66
14.0954,    -109
14.1054,     -96
14.1154,    -101
14.1254,    -140
14.1354,     -22
14.1454,     -39
14.1554,     -56
14.1654,     -38
14.1754,     -96
14.1854,    -118
14.1954,     -69
14.2054,     -72
14.2154,    -114
14.2254,     -40
14.2354,     -55
14.2454,    -103
14.2554,     -52
14.2654,     -91
14.2754,    -103
14.2854,     -68
14.2954,     -71
14.3054,    -111
14.3154,     -72
14.3254,     -90
14.3354,     -68
14.3454,     -48
14.3554,    -132
14.3654,    -119
14.3754,     -58
14.3854,     -60
14.3954,    -100
14.4054,    -123
14.4154,    -108
14.4254,     -68
14.4354,     -84
14.4454,    -109
14.4554,    -121
14.4654,     -37
14.4754,     -50
14.4854,     -69
14.4954,     -73
14.5055,     -61
14.5155,    -111
14.5255,     -79
14.5355,     -71
14.5455,     -69
14.5555,     -68
14.5655,    -129
14.5755,     -11
14.5855,    -103
14.5955,     -63
14.6055,    -119
14.6155,    -100
14.6255,    -118
14.6355,     -95
14.6455,     -38
14.6555,    -116
14.6655,    -156
14.6755,     -57
14.6855,     -75
14.6955,     -94
14.7055,     -74
14.7155,     -66
14.7255,     -66
14.7355,     -91
14.7455,    -129
14.7555,    -104
14.7655,     -64
14.7755,     -90
14.7855,     -19
14.7955,     -83
14.8055,     -83
14.8155,     -58
14.8255,     -46
14.8355,     -78
14.8455,     -75
14.8555,     -75
14.8655,     -68
14.8755,     -98
14.8855,     -93
14.8955,    -103
14.9055,     -13
14.9155,     -86
14.9255,     -34
14.9355,     -57
14.9455,    -107
14.9555,     -84
14.9655,    -101
14.9755,     -65
14.9855,     -59
14.9955,    -100
15.0055,    -121
15.0155,     -62
15.0255,    -113
15.0355,     -45
15.0455,     -68
15.0555,     -46
15.0655,     -65
15.0755,     -82
15.0855,     -42
15.0955,      -7
15.1055,     -64
15.1155,     -77
15.1255,     -64
15.1355,     -82
15.1455,     -68
15.1555,     -46
15.1655,     -92
15.1755,     -98
15.1855,     -92
15.1955,     -71
15.2055,    -103
15.2155,     -73
15.2255,     -73
15.2355,     -66
15.2455,    -116
15.2555,     -51
15.2655,     -68
15.2755,     -69
15.2855,     -13
15.2955,     -32
15.3055,     -26
15.3155,     -49
15.3255,     -73
15.3355,     -65
15.3455,     -56
15.3555,    -110
15.3655,     -51
15.3755,     -51
15.3855,     -48
15.3955,     -78
15.4055,    -102
15.4155,     -36
15.4255,     -45
15.4355,     -95
15.4455,     -43
15.4555,    -102
15.4655,    -100
15.4755,     -77
15.4855,     -50
15.4955,     -72
15.5056,     -74
15.5156,     -46
15.5256,    -100
15.5356,     -48
15.5456,     -79
15.5556,     -10
15.5656,     -39
15.5756,     -84
15.5856,     -60
15.5956,     -31
15.6056,     -39
15.6156,    -104
15.6256,     -90
15.6356,     -95
15.6456,     -86
15.6556,     -33
15.6656,     -48
15.6756,     -70
15.6856,    -118
15.6956,     -56
15.7056,     -72
15.7156,      -1
15.7256,     -47
15.7356,     -95
15.7456,     -89
15.7556,    -113
15.7656,     -56
15.7756,     -14
15.7856,     -54
15.7956,     -41
15.8056,     -75
15.8156,     -50
15.8256,      -2
15.8356,     -31
15.8456,     -63
15.8556,     -30
15.8656,     -36
15.8756,     -44
15.8856,     -32
15.8956,     -41
15.9056,     -71
15.9156,     -64
15.9256,     -74
15.9356,     -50
15.9456,      19
15.9556,     -64
15.9656,     -56
15.9756,     -61
15.9856,     -53
15.9956,     -48
16.0056,     -40
16.0156,     -28
16.0256,     -83
16.0356,     -35
16.0456,     -56
16.0556,     -19
16.0656,     -67
16.0756,     -23
16.0856,     -90
16.0956,     -45
16.1056,     -46
16.1156,     -41
16.1256,     -57
16.1356,     -57
16.1456,     -74
16.1556,     -26
16.1656,     -36
16.1756,     -88
16.1856,     -57
16.1956,     -43
16.2056,     -55
16.2156,     -60
16.2256,      -6
16.2356,     -75
16.2456,     -47
16.2556,     -46
16.2656,      -3
16.2756,     -39
16.2856,     -70
16.2956,     -33
16.3056,       1
16.3156,     -73
16.3256,     -51
16.3356,     -33
16.3456,     -22
16.3556,     -28
16.3656,     -66
16.3756,     -34
16.3856,     -23
16.3956,     -75
16.4056,     -42
16.4156,     -83
16.4256,     -66
16.4356,     -78
16.4456,     -83
16.4556,     -48
16.4656,     -15
16.4756,     -45
16.4856,     -71
16.4956,    -102
16.5057,     -32
16.5157,     -72
16.5257,     -18
16.5357,     -81
16.5457,     -51
16.5557,     -40
16.5657,     -49
16.5757,      -4
16.5857,     -45
16.5957,     -72
16.6057,     -61
16.6157,     -64
16.6257,     -47
16.6357,     -95
16.6457,     -55
16.6557,       5
16.6657,     -88
16.6757,     -60
16.6857,     -66
16.6957,     -17
16.7057,     -61
16.7157,     -85
16.7257,     -38
16.7357,     -60
16.7457,     -10
16.7557,     -53
16.7657,     -77
16.7757,     -10
16.7857,     -48
16.7957,     -24
16.8057,     -47
16.8157,     -55
16.8257,     -78
16.8357,     -48
16.8457,     -55
16.8557,       8
16.8657,     -21
16.8757,     -70
16.8857,     -39
16.8957,    -100
16.9057,     -23
16.9157,     -15
16.9257,     -71
16.9357,      10
16.9457,     -67
16.9557,     -76
16.9657,     -18
16.9757,     -67
16.9857,     -12
16.9957,     -42
17.0057,     -73
17.0157,     -26
17.0257,     -39
17.0357,     -15
17.0457,     -54
17.0557,     -52
17.0657,     -12
17.0757,     -52
17.0857,     -25
17.0957,     -57
17.1057,     -87
17.1157,     -48
17.1257,     -38
17.1357,     -73
17.1457,     -38
17.1557,     -53
17.1657,     -32
17.1757,     -51
17.1857,     -28
17.1957,     -16
17.2057,     -85
17.2157,     -58
17.2257,     -31
17.2357,     -24
17.2457,     -55
17.2557,     -61
17.2657,     -97
17.2757,     -46
17.2857,     -35
17.2957,     -31
17.3057,     -27
17.3157,     -58
17.3257,     -47
17.3357,     -40
17.3457,     -32
17.3557,     -58
17.3657,     -92
17.3757,     -50
17.3857,     -14
17.3957,     -75
17.4057,     -49
17.4157,     -55
17.4257,     -68
17.4357,     -52
17.4457,     -12
17.4557,     -15
17.4657,     -22
17.4757,     -37
17.4857,    -105
17.4957,     -53
17.5058,     -19
17.5158,     -87
17.5258,     -43
17.5358,     -39
17.5458,     -58
17.5558,     -65
17.5658,      -3
17.5758,     -62
17.5858,     -63
17.5958,     -12
17.6058,     -33
17.6158,     -42
17.6258,     -66
17.6358,     -33
17.6458,     -35
17.6558,      -6
17.6658,       7
17.6758,     -57
17.6858,     -27
17.6958,     -37
17.7058,     -45
17.7158,     -72
17.7258,      -1
17.7358,     -54
17.7458,      19
17.7558,     -36
17.7658,     -35
17.7758,      -5
17.7858,     -62
17.7958,     -37
17.8058,     -25
17.8158,     -60
17.8258,     -14
17.8358,     -32
17.8458,     -47
17.8558,      -2
17.8658,      13
17.8758,     -32
17.8858,     -18
17.8958,     -70
17.9058,     -14
17.9158,     -55
17.9258,     -13
17.9358,     -59
17.9458,     -38
17.9558,     -17
17.9658,     -47
17.9758,     -85
17.9858,     -59
17.9958,     -51
18.0058,     -38
18.0158,     -18
18.0258,     -71
18.0358,     -28
18.0458,     -40
18.0558,     -36
18.0658,     -39
18.0758,     -70
18.0858,     -14
18.0958,     -34
18.1058,     -60
18.1158,     -46
18.1258,     -19
18.1358,     -48
18.1458,     -59
18.1558,     -44
18.1658,    -101
18.1758,     -53
18.1858,     -27
18.1958,     -16
18.2058,     -19
18.2158,     -41
18.2258,     -15
18.2358,     -26
18.2458,     -77
18.2558,     -60
18.2658,     -31
18.2758,     -92
18.2858,     -54
18.2958,     -65
18.3058,     -95
18.3158,     -23
18.3258,     -52
18.3358,     -35
18.3458,     -30
18.3558,     -19
18.3658,     -28
18.3758,     -12
18.3858,     -69
18.3958,    -111
18.4058,     -33
18.4158,     -90
18.4258,     -78
18.4358,     -64
18.4458,     -40
18.4558,     -85
18.4658,     -46
18.4758,     -92
18.4858,    -159
18.4958,    -117
18.5059,     -58
18.5159,    -103
18.5259,    -114
18.5359,     -67
18.5459,    -108
18.5559,     -17
18.5659,    -179
18.5759,    -205
18.5859,    -102
18.5959,    -124
18.6059,    -211
18.6159,    -195
18.6259,    -193
18.6359,     -89
18.6459,    -118
18.6559,    -158
18.6659,    -161
18.6759,    -169
18.6859,     -91
18.6959,    -128
18.7059,    -322
18.7159,    -172
18.7259,    -125
18.7359,    -198
18.7459,    -127
18.7559,    -227
18.7659,    -246
18.7759,    -220
18.7859,    -128
18.7959,    -154
18.8059,    -203
18.8159,    -223
18.8259,    -181
18.8359,    -170
18.8459,    -198
18.8559,    -313
18.8659,    -196
18.8759,    -219
18.8859,    -286
18.8959,    -278
18.9059,    -177
18.9159,    -233
18.9259,    -214
18.9359,    -128
18.9459,    -255
18.9559,    -115
18.9659,    -192
18.9759,    -151
18.9859,    -168
18.9959,    -141
19.0059,    -164
19.0159,    -135
19.0259,    -247
19.0359,    -165
19.0459,    -204
19.0559,    -150
19.0659,     -97
19.0759,    -173
19.0859,    -177
19.0959,    -171
19.1059,     -98
19.1159,    -127
19.1259,    -158
19.1359,    -144
19.1459,    -131
19.1559,    -110
19.1659,     -99
19.1759,    -147
19.1859,    -177
19.1959,    -168
19.2059,    -165
19.2159,    -104
19.2259,    -107
19.2359,     -88
19.2459,     -45
19.2559,     -84
19.2659,     -98
19.2759,    -111
19.2859,     -80
19.2959,      24
19.3059,     -93
19.3159,     -78
19.3259,     -71
19.3359,     -27
19.3459,     -69
19.3559,     -89
19.3659,     -62
19.3759,      -1
19.3859,     -55
19.3959,     -46
19.4059,     -46
19.4159,     -68
19.4259,     -53
19.4359,     -74
19.4459,     -54
19.4559,     -20
19.4659,     -62
19.4759,     -29
19.4859,     -31
19.4959,     -45
19.5060,     -80
19.5160,     -40
19.5260,     -30
19.5360,     -23
19.5460,      -7
19.5560,       0
19.5660,      -7
19.5760,     -21
19.5860,     -41
19.5960,     -22
19.6060,     -23
19.6160,     -53
19.6260,     -49
19.6360,      -2
19.6460,     -38
19.6560,     -21
19.6660,     -79
19.6760,     -21
19.6860,     -20
19.6960,     -58
19.7060,     -10
19.7160,     -33
19.7260,     -39
19.7360,      -1
19.7460,     -37
19.7560,      -4
19.7660,     -14
19.7760,       4
19.7860,     -39
19.7960,     -33
19.8060,     -25
19.8160,      -4
19.8260,     -16
19.8360,     -31
19.8460,     -30
19.8560,      -3
19.8660,     -45
19.8760,     -42
19.8860,     -19
19.8960,      -6
19.9060,     -53
19.9160,     -19
19.9260,     -26
19.9360,     -14
19.9460,     -31
19.9560,     -70
19.9660,     -57
19.9760,      -9
19.9860,     -25
19.9960,     -42
20.0060,     -74
20.0160,       0
20.0260,     -46
20.0360,     -55
20.0460,     -13
20.0560,     -19
20.0660,     -10
20.0760,      -7
20.0860,     -53
20.0960,     -24
20.1060,     -52
20.1160,     -48
20.1260,     -66
20.1360,     -38
20.1460,     -55
20.1560,     -31
20.1660,     -49
20.1760,     -85
20.1860,     -48
20.1960,     -78
20.2060,     -92
20.2160,     -60
20.2260,     -42
20.2360,     -42
20.2460,     -45
20.2560,     -65
20.2660,     -59
20.2760,     -37
20.2860,     -46
20.2960,     -60
20.3060,     -37
20.3160,     -59
20.3260,     -35
20.3360,     -54
20.3460,      -2
20.3560,     -40
20.3660,     -24
20.3760,      -9
20.3860,     -15
20.3960,     -29
20.4060,       2
20.4160,     -30
20.4260,     -28
20.4360,     -27
20.4460,     -37
20.4560,      -6
20.4660,     -14
20.4760,     -38
20.4860,     -25
20.4960,      -7
20.5061,     -18
20.5161,      -3
20.5261,     -25
20.5361,       7
20.5461,      17
20.5561,     -28
20.5661,     -23
20.5761,     -35
20.5861,       1
20.5961,      26
20.6061,     -30
20.6161,      13
20.6261,     -16
20.6361,     -24
20.6461,     -22
20.6561,      -1
20.6661,     -27
20.6761,     -13
20.6861,     -17
20.6961,     -28
20.7061,      -5
20.7161,     -24
20.7261,     -18
20.7361,      -9
20.7461,     -29
20.7561,     -22
20.7661,      16
20.7761,     -56
20.7861,     -30
20.7961,     -11
20.8061,     -22
20.8161,       7
20.8261,     -16
20.8361,     -32
20.8461,      -1
20.8561,     -61
20.8661,     -20
20.8761,      -4
20.8861,     -60
20.8961,     -24
20.9061,     -38
20.9161,     -49
20.9261,     -39
20.9361,      15
20.9461,     -11
20.9561,     -10
20.9661,     -27
20.9761,     -30
20.9861,     -15
20.9961,     -53
21.0061,     -43
21.0161,     -52
21.0261,     -34
21.0361,     -45
21.0461,     -21
21.0561,     -18
21.0661,     -45
21.0761,     -17
21.0861,     -45
21.0961,     -27
21.1061,     -39
21.1161,     -22
21.1261,     -49
21.1361,     -34
21.1461,     -55
21.1561,     -68
21.1661,     -31
21.1761,     -53
21.1861,     -21
21.1961,      13
21.2061,     -24
21.2161,     -44
21.2261,     -26
21.2361,     -31
21.2461,     -14
21.2561,      -7
21.2661,     -14
21.2761,       1
21.2861,     -30
21.2961,     -23
21.3061,       0
21.3161,     -23
21.3261,     -41
21.3361,      -6
21.3461,     -26
21.3561,     -23
21.3661,     -19
21.3761,       0
21.3861,      27
21.3961,     -12
21.4061,     -32
21.4161,     -14
21.4261,     -18
21.4361,     -20
21.4461,     -19
21.4561,     -15
21.4661,     -19
21.4761,     -16
21.4861,     -25
21.4961,     -16
21.5062,     -12
21.5162,     -33
21.5262,     -13
21.5362,     -16
21.5462,     -15
21.5562,      -4
21.5662,      -9
21.5762,      -7
21.5862,      -5
21.5962,       1
21.6062,     -13
21.6162,      -9
21.6262,      -9
21.6362,     -13
21.6462,     -10
21.6562,       8
21.6662,     -35
21.6762,      12
21.6862,     -10
21.6962,      -9
21.7062,       4
21.7162,      -5
21.7262,      -6
21.7362,      -2
21.7462,      -9
21.7562,       6
21.7662,     -15
21.7762,     -17
21.7862,     -21
21.7962,     -21
21.8062,      -4
21.8162,      -2
21.8262,     -16
21.8362,      -2
21.8462,     -21
21.8562,     -10
21.8662,     -14
21.8762,       3
21.8862,     -12
21.8962,      -6
21.9062,      -8
21.9162,      -2
21.9262,     -19
21.9362,      -4
21.9462,       5
21.9562,      -5
21.9662,      15
21.9762,      -6
21.9862,       1
21.9962,     -18
22.0062,      -7
22.0162,      -5
22.0262,     -12
22.0362,       6
22.0462,       8
22.0562,     -12
22.0662,     -16
22.0762,     -23
22.0862,     -10
22.0962,     -14
22.1062,      -4
22.1162,      12
22.1262,      -8
22.1362,      -9
22.1462,     -20
22.1562,      -4
22.1662,       3
22.1762,      -2
22.1862,      -3
22.1962,       5
22.2062,     -10
22.2162,     -20
22.2262,     -10
22.2362,      -2
22.2462,      -7
22.2562,     -10
22.2662,      -8
22.2762,      -6
22.2862,       8
22.2962,     -14
22.3062,     -11
22.3162,      -3
22.3262,       7
22.3362,     -16
22.3462,     -11
22.3562,     -11
22.3662,      -9
22.3762,      -9
22.3862,       2
22.3962,      -8
22.4062,       0
22.4162,      -3
22.4262,     -10
22.4362,       2
22.4462,       6
22.4562,      -3
22.4662,     -14
22.4762,      -2
22.4862,     -17
22.4962,     -11
22.5063,      -7
22.5163,      -2
22.5263,      -5
22.5363,      -9
22.5463,       5
22.5563,     -14
22.5663,       0
22.5763,     -18
22.5863,     -18
22.5963,     -13
22.6063,     -13
22.6163,     -18
22.6263,     -23
22.6363,       2
22.6463,     -10
22.6563,      -8
22.6663,       2
22.6763,      -4
22.6863,      -6
22.6963,      -5
22.7063,       3
22.7163,       7
22.7263,      17
22.7363,     -13
22.7463,     -13
22.7563,      -7
22.7663,     -16
22.7763,     -17
22.7863,      -8
22.7963,      -1
22.8063,      10
22.8163,     -13
22.8263,       5
22.8363,     -21
22.8463,       1
22.8563,     -20
22.8663,      -6
22.8763,      -7
22.8863,      -8
22.8963,      -7
22.9063,      -8
22.9163,      -7
22.9263,     -13
22.9363,     -13
22.9463,       0
22.9563,      -7
22.9663,       1
22.9763,      -6
22.9863,      -9
22.9963,       4
23.0063,      -4
23.0163,       6
23.0263,     -12
23.0363,       4
23.0463,     -12
23.0563,       4
23.0663,      -2
23.0763,     -14
23.0863,      -7
23.0963,     -18
23.1063,       7
23.1163,      -6
23.1263,      -1
23.1363,     -10
23.1463,       2
23.1563,       1
23.1663,     -11
23.1763,     -12
23.1863,      15
23.1963,     -23
23.2063,       0
23.2163,     -14
23.2263,       3
23.2363,     -13
23.2463,      -5
23.2563,     -13
23.2663,      -4
23.2763,       3
23.2863,      -3
23.2963,      -2
23.3063,       1
23.3163,      -6
23.3263,      -6
23.3363,     -19
23.3463,       0
23.3563,      -1
23.3663,      -6
23.3763,      -7
23.3863,      -9
23.3963,      -7
23.4063,      -3
23.4163,       3
23.4263,      -4
23.4363,       5
23.4463,     -10
23.4563,      -2
23.4663,       2
23.4763,      -2
23.4863,       2
23.4963,     -13
23.5064,      -7
23.5164,       4
23.5264,     -11
23.5364,      -4
23.5464,      -2
23.5564,      -9
23.5664,       3
23.5764,      -7
23.5864,      -7
23.5964,      -2
23.6064,       9
23.6164,     -13
23.6264,       0
23.6364,      -2
23.6464,      -4
23.6564,       0
23.6664,       5
23.6764,       3
23.6864,     -15
23.6964,       4
23.7064,       3
23.7164,       2
23.7264,      -2
23.7364,     -11
23.7464,     -12
23.7564,      -2
23.7664,      12
23.7764,      -5
23.7864,     -13
23.7964,      -3
23.8064,      -1
23.8164,      -6
23.8264,       2
23.8364,      -1
23.8464,      -7
23.8564,      -2
23.8664,     -16
23.8764,      10
23.8864,      -1
23.8964,     -10
23.9064,      -6
23.9164,      -5
23.9264,      10
23.9364,       2
23.9464,     -10
23.9564,       1
23.9664,      -4
23.9764,      -9
23.9864,      -9
23.9964,      -1
24.0064,      -6
24.0164,       2
24.0264,       0
24.0364,       1
24.0464,     -11
24.0564,      -5
24.0664,     -13
24.0764,      -1
24.0864,     -12
24.0964,      -6
24.1064,       1
24.1164,      -3
24.1264,      -5
24.1364,      -7
24.1464,      -1
24.1564,      -7
24.1664,       2
24.1764,      -3
24.1864,     -11
24.1964,      -9
24.2064,      -2
24.2164,      10
24.2264,      -8
24.2364,       1
24.2464,      -8
24.2564,      -7
24.2664,       9
24.2764,     -10
24.2864,       2
24.2964,      -2
24.3064,       0
24.3164,       4
24.3264,     -16
24.3364,      -9
24.3464,      -7
24.3564,       5
24.3664,       8
24.3764,       9
24.3864,       5
24.3964,      -7
24.4064,      -3
24.4164,      -4
24.4264,      10
24.4364,      -8
24.4464,      -3
24.4564,      -7
24.4664,      -4
24.4764,      -9
24.4864,       9
24.4964,      -7
24.5065,      12
24.5165,      -6
24.5265,       1
24.5365,       2
24.5465,       0
24.5565,       1
24.5665,       1
24.5765,     -12
24.5865,       0
24.5965,      -2
24.6065,       2
24.6165,      -2
24.6265,       9
24.6365,      -9
24.6465,       0
24.6565,       5
24.6665,       6
24.6765,       3
24.6865,      -3
24.6965,      -2
24.7065,      -2
24.7165,      -8
24.7265,       3
24.7365,       2
24.7465,      -4
24.7565,      -2
24.7665,      -4
24.7765,       2
24.7865,      -4
24.7965,      -5
24.8065,       0
24.8165,       0
24.8265,      -1
24.8365,      -1
24.8465,     -10
24.8565,       4
24.8665,       3
24.8765,      -6
24.8865,      -6
24.8965,       2
24.9065,     -11
24.9165,      -4
24.9265,      -6
24.9365,       0
24.9465,       3
24.9565,      -4
24.9665,       4
24.9765,       3
24.9865,       6
24.9965,       0
25.0065,      -3
25.0165,     -12
25.0265,     -11
25.0365,       2
25.0465,       4
25.0565,      -3
25.0665,      -9
25.0765,      -4
25.0865,       1
25.0965,       1
25.1065,      -2
25.1165,       5
25.1265,       6
25.1365,     -14
25.1465,      -8
25.1565,      -3
25.1665,       5
25.1765,       2
25.1865,       7
25.1965,      -1
25.2065,      -8
25.2165,       4
25.2265,      -5
25.2365,      -2
25.2465,       1
25.2565,      -6
25.2665,       3
25.2765,       9
25.2865,     -10
25.2965,      -2
25.3065,      -7
25.3165,      -3
25.3265,       2
25.3365,      -4
25.3465,      -1
25.3565,      -8
25.3665,       1
25.3765,      -6
25.3865,      -2
25.3965,       1
25.4065,       2
25.4165,     -11
25.4265,      -3
25.4365,      -1
25.4465,       4
25.4565,       8
25.4665,      -6
25.4765,      -6
25.4865,      -1
25.4965,       1
25.5066,       2
25.5166,     -12
25.5266,      -8
25.5366,       9
25.5466,       3
25.5566,      -8
25.5666,       3
25.5766,      -3
25.5866,      -2
25.5966,      -5
25.6066,      -3
25.6166,      -6
25.6266,      -3
25.6366,      -7
25.6466,       2
25.6566,      -2
25.6666,       5
25.6766,       4
25.6866,       1
25.6966,       0
25.7066,      -3
25.7166,       2
25.7266,      -6
25.7366,      -6
25.7466,      -4
25.7566,      -2
25.7666,       1
25.7766,       6
25.7866,      -6
25.7966,       1
25.8066,      -1
25.8166,      -2
25.8266,      -4
25.8366,       1
25.8466,      -5
25.8566,      -1
25.8666,       6
25.8766,       2
25.8866,      -5
25.8966,      -4
25.9066,       1
25.9166,       3
25.9266,       3
25.9366,       6
25.9466,      -9
25.9566,       3
25.9666,      -8
25.9766,       3
25.9866,      -7
25.9966,       8
26.0066,       2
26.0166,      -3
26.0266,      -4
26.0366,       3
26.0466,      -7
26.0566,      -4
26.0666,      -8
26.0766,       2
26.0866,      -3
26.0966,       2
26.1066,       3
26.1166,       2
26.1266,       2
26.1366,      -1
26.1466,      -6
26.1566,       4
26.1666,      -8
26.1766,      -4
26.1866,       6
26.1966,      -1
26.2066,      -4
26.2166,       1
26.2266,      -1
26.2366,       0
26.2466,      -5
26.2566,      -4
26.2666,       6
26.2766,      -5
26.2866,       4
26.2966,      -2
26.3066,       7
26.3166,       1
26.3266,      -4
26.3366,      -3
26.3466,       4
26.3566,      -1
26.3666,       3
26.3766,       5
26.3866,       1
26.3966,       3
26.4066,      -7
26.4166,      -6
26.4266,      -3
26.4366,      -5
26.4466,       2
26.4566,      -6
26.4666,       6
26.4766,       1
26.4866,      -6
26.4966,      -5
26.5067,      -2
26.5167,      -2
26.5267,      -3
26.5367,     -12
26.5467,      -3
26.5567,      -4
26.5667,      -3
26.5767,       3
26.5867,       2
26.5967,      -7
26.6067,      -4
26.6167,      -5
26.6267,       1
26.6367,       2
26.6467,      -3
26.6567,       2
26.6667,      -8
26.6767,       1
26.6867,       3
26.6967,      -3
26.7067,       0
26.7167,       0
26.7267,       0
26.7367,     -13
26.7467,      -3
26.7567,      -4
26.7667,       0
26.7767,       2
26.7867,       0
26.7967,      -3
26.8067,      -2
26.8167,       0
26.8267,      -4
26.8367,       5
26.8467,      -2
26.8567,       3
26.8667,       3
26.8767,      -7
26.8867,      -5
26.8967,      -7
26.9067,      -4
26.9167,      -2
26.9267,     -10
26.9367,      -4
26.9467,      -7
26.9567,       4
26.9667,      -9
26.9767,      -7
26.9867,       2
26.9967,       5
27.0067,      -8
27.0167,       0
27.0267,       1
27.0367,      -7
27.0467,       2
27.0567,      -1
27.0667,       4
27.0767,      -6
27.0867,       1
27.0967,      -9
27.1067,       0
27.1167,      -2
27.1267,       2
27.1367,      -2
27.1467,      -2
27.1567,       4
27.1667,      -9
27.1767,       2
27.1867,      -5
27.1967,       1
27.2067,      -2
27.2167,      -9
27.2267,       2
27.2367,       2
27.2467,       1
27.2567,      -6
27.2667,      -4
27.2767,       5
27.2867,       0
27.2967,      -3
27.3067,       3
27.3167,      -5
27.3267,      -8
27.3367,       0
27.3467,      -1
27.3567,      -3
27.3667,       5
27.3767,      -7
27.3867,      -3
27.3967,      -1
27.4067,       1
27.4167,      -1
27.4267,      -8
27.4367,       0
27.4467,       2
27.4567,      -2
27.4667,      -5
27.4767,       1
27.4867,       5
27.4967,       2
27.5068,      -5
27.5168,      -3
27.5268,      -3
27.5368,      -3
27.5468,      -3
27.5568,      -1
27.5668,      -7
27.5768,      -3
27.5868,       0
27.5968,      -9
27.6068,      -1
27.6168,       3
27.6268,      -1
27.6368,      -1
27.6468,      -2
27.6568,       1
27.6668,       1
27.6768,       0
27.6868,       2
27.6968,       1
27.7068,       2
27.7168,       5
27.7268,      -1
27.7368,       3
27.7468,      -2
27.7568,      -3
27.7668,      -4
27.7768,       0
27.7868,       2
27.7968,      -1
27.8068,       0
27.8168,       4
27.8268,       9
27.8368,       1
27.8468,       2
27.8568,       3
27.8668,      -2
27.8768,      -2
27.8868,      -4
27.8968,       3
27.9068,       2
27.9168,      -6
27.9268,      -5
27.9368,       3
27.9468,      -1
27.9568,       0
27.9668,      -5
27.9768,      -5
27.9868,      -1
27.9968,       3
28.0068,       3
28.0168,      -6
28.0268,       3
28.0368,       3
28.0468,      -5
28.0568,      -1
28.0668,      -1
28.0768,       0
28.0868,      -2
28.0968,       0
28.1068,      -2
28.1168,       1
28.1268,      -4
28.1368,       1
28.1468,       1
28.1568,       5
28.1668,      -6
28.1768,      -1
28.1868,       9
28.1968,       1
28.2068,       1
28.2168,       4
28.2268,      -9
28.2368,      -2
28.2468,       1
28.2568,       0
28.2668,       4
28.2768,       3
28.2868,       1
28.2968,       3
28.3068,       2
28.3168,       2
28.3268,       2
28.3368,       1
28.3468,      -2
28.3568,      -7
28.3668,      -5
28.3768,       0
28.3868,      -6
28.3968,      -5
28.4068,       3
28.4168,      -1
28.4268,      -1
28.4368,       1
28.4468,      -1
28.4568,      -1
28.4668,       0
28.4768,       8
28.4868,      -5
28.4968,      -3
28.5069,      -5
28.5169,       2
28.5269,      -2
28.5369,      -2
28.5469,      -3
28.5569,       3
28.5669,       4
28.5769,      -1
28.5869,      -4
28.5969,      -2
28.6069,      -3
28.6169,       2
28.6269,       2
28.6369,      -1
28.6469,      -2
28.6569,       1
28.6669,      -1
28.6769,      -1
28.6869,      -5
28.6969,       2
28.7069,      -5
28.7169,      -1
28.7269,      -3
28.7369,      -5
28.7469,      -2
28.7569,       0
28.7669,       1
28.7769,       0
28.7869,       2
28.7969,      -5
28.8069,      -3
28.8169,       6
28.8269,      -1
28.8369,       1
28.8469,      -4
28.8569,       1
28.8669,       4
28.8769,      -5
28.8869,      -5
28.8969,      -2
28.9069,       0
28.9169,       4
28.9269,      -2
28.9369,      -1
28.9469,      -1
28.9569,      -2
28.9669,      -1
28.9769,       0
28.9869,      -4
28.9969,       1
29.0069,       5
29.0169,      -6
29.0269,      -2
29.0369,       3
29.0469,      -1
29.0569,      -4
29.0669,      -3
29.0769,      -3
29.0869,      -2
29.0969,       0
29.1069,      -2
29.1169,      -3
29.1269,      -8
29.1369,       0
29.1469,      -2
29.1569,       1
29.1669,      -2
29.1769,      -2
29.1869,      -1
29.1969,       1
29.2069,      -4
29.2169,       2
29.2269,      -2
29.2369,      -5
29.2469,       2
29.2569,      -5
29.2669,      -5
29.2769,      -4
29.2869,       2
29.2969,       2
29.3069,      -3
29.3169,       2
29.3269,       2
29.3369,      -1
29.3469,       2
29.3569,      -1
29.3669,      -3
29.3769,      -2
29.3869,      -2
29.3969,       3
29.4069,      -1
29.4169,       1
29.4269,      -6
29.4369,       3
29.4469,      -1
29.4569,       0
29.4669,      -1
29.4769,      -5
29.4869,      -4
29.4969,       3
29.5070,       1
29.5170,      -1
29.5270,       3
29.5370,      -1
29.5470,       4
29.5570,      -1
29.5670,      -1
29.5770,       5
29.5870,      -1
29.5970,      -2
29.6070,       1
29.6170,      -4
29.6270,      -4
29.6370,       2
29.6470,      -2
29.6570,      -3
29.6670,      -3
29.6770,      -1
29.6870,      -4
29.6970,      -3
29.7070,       2
29.7170,       5
29.7270,       3
29.7370,       0
29.7470,       3
29.7570,      -2
29.7670,       0
29.7770,       1
29.7870,      -3
29.7970,       0
29.8070,       1
29.8170,      -1
29.8270,       3
29.8370,       4
29.8470,       5
29.8570,       2
29.8670,       3
29.8770,      -3
29.8870,      -4
29.8970,      -2
29.9070,       2
29.9170,      -3
29.9270,       1
29.9370,       0
29.9470,       2
29.9570,       1
29.9670,       4
29.9770,       0
29.9870,      -1
29.9970,      -5
30.0070,      -2
30.0170,      -1
30.0270,       1
30.0370,       5
30.0470,      -2
30.0570,       0
30.0670,      -7
30.0770,       1
30.0870,       1
30.0970,       3
30.1070,      -1
30.1170,      -3
30.1270,       0
30.1370,      -4
30.1470,      -2
30.1570,      -3
30.1670,       5
30.1770,      -2
30.1870,       3
30.1970,       4
30.2070,      -1
30.2170,      -2
30.2270,      -4
30.2370,      -2
30.2470,       2
30.2570,       1
30.2670,       4
30.2770,       0
30.2870,       0
30.2970,       0
30.3070,      -3
30.3170,       1
30.3270,       1
30.3370,      -3
30.3470,       4
30.3570,       0
30.3670,      -5
30.3770,       3
30.3870,      -5
30.3970,      -3
30.4070,       1
30.4170,       0
30.4270,       2
30.4370,       0
30.4470,       0
30.4570,      -4
30.4670,      -3
30.4770,       0
30.4870,       4
30.4970,      -2
30.5071,       0
30.5171,      -4
30.5271,       2
30.5371,      -3
30.5471,       0
30.5571,       2
30.5671,      -4
30.5771,       0
30.5871,      -1
30.5971,      -1
30.6071,      -1
30.6171,      -1
30.6271,      -1
30.6371,       1
30.6471,      -8
30.6571,       3
30.6671,       3
30.6771,       4
30.6871,      -2
30.6971,       3
30.7071,       2
30.7171,      -1
30.7271,      -2
30.7371,       2
30.7471,      -2
30.7571,       4
30.7671,      -2
30.7771,       0
30.7871,       1
30.7971,       2
30.8071,       1
30.8171,       2
30.8271,       1
30.8371,      -3
30.8471,      -4
30.8571,      -3
30.8671,       4
30.8771,       4
30.8871,      -1
30.8971,       1
30.9071,       3
30.9171,      -1
30.9271,       3
30.9371,      -3
30.9471,      -1
30.9571,       0
30.9671,       2
30.9771,       0
30.9871,       0
30.9971,      -6
31.0071,      -1
31.0171,       5
31.0271,       0
31.0371,      -1
31.0471,      -2
31.0571,       2
31.0671,       1
31.0771,      -3
31.0871,       3
31.0971,      -1
31.1071,      -1
31.1171,       1
31.1271,       0
31.1371,      -3
31.1471,       4
31.1571,      -1
31.1671,       0
31.1771,      -1
31.1871,      -1
31.1971,      -2
31.2071,       4
31.2171,      -1
31.2271,       1
31.2371,      -3
31.2471,       4
31.2571,       2
31.2671,      -1
31.2771,      -3
31.2871,       1
31.2971,       0
31.3071,      -1
31.3171,      -2
31.3271,       3
31.3371,       1
31.3471,      -2
31.3571,       1
31.3671,      -1
31.3771,       1
31.3871,       0
31.3971,       3
31.4071,      -1
31.4171,       2
31.4271,       4
31.4371,      -2
31.4471,      -2
31.4571,      -1
31.4671,      -3
31.4771,      -2
31.4871,      -1
31.4971,       1
31.5072,       2
31.5172,      -2
31.5272,      -7
31.5372,       0
31.5472,      -4
31.5572,       0
31.5672,      -1
31.5772,       1
31.5872,       5
31.5972,      -1
31.6072,       0
31.6172,      -3
31.6272,      -3
31.6372,       1
31.6472,      -2
31.6572,       0
31.6672,       1
31.6772,      -4
31.6872,      -3
31.6972,       3
31.7072,      -1
31.7172,      -2
31.7272,       2
31.7372,      -4
31.7472,      -2
31.7572,      -5
31.7672,       0
31.7772,      -1
31.7872,       2
31.7972,      -1
31.8072,      -1
31.8172,       2
31.8272,       0
31.8372,      -2
31.8472,       2
31.8572,      -1
31.8672,      -1
31.8772,      -3
31.8872,      -1
31.8972,      -3
31.9072,       1
31.9172,       2
31.9272,      -2
31.9372,       3
31.9472,       2
31.9572,      -5
31.9672,      -1
31.9772,      -3
31.9872,       1
31.9972,       3
32.0072,      -2
32.0172,      -1
32.0272,       1
32.0372,       1
32.0472,       0
32.0572,      -3
32.0672,      -1
32.0772,       2
32.0872,      -1
32.0972,       0
32.1072,       1
32.1172,      -1
32.1272,      -5
32.1372,       4
32.1472,       1
32.1572,       2
32.1672,       2
32.1772,      -3
32.1872,       2
32.1972,       1
32.2072,      -4
32.2172,       0
32.2272,       3
32.2372,      -3
32.2472,      -4
32.2572,      -1
32.2672,      -1
32.2772,      -4
32.2872,       1
32.2972,      -2
32.3072,       4
32.3172,       4
32.3272,       0
32.3372,      -3
32.3472,      -1
32.3572,      -4
32.3672,      -5
32.3772,      -1
32.3872,       0
32.3972,      -1
32.4072,      -1
32.4172,      -2
32.4272,       3
32.4372,       2
32.4472,      -2
32.4572,       0
32.4672,      -4
32.4772,       2
32.4872,      -3
32.4972,       0
32.5073,      -3
32.5173,       0
32.5273,      -1
32.5373,       3
32.5473,       1
32.5573,       0
32.5673,      -3
32.5773,      -2
32.5873,       0
32.5973,      -5
32.6073,       1
32.6173,      -1
32.6273,      -1
32.6373,       0
32.6473,      -1
32.6573,      -2
32.6673,      -1
32.6773,      -3
32.6873,      -2
32.6973,      -3
32.7073,      -4
32.7173,       1
32.7273,       0
32.7373,       2
32.7473,       0
32.7573,      -1
32.7673,      -3
32.7773,       1
32.7873,       1
32.7973,      -1
32.8073,       1
32.8173,      -2
32.8273,      -2
32.8373,      -3
32.8473,       0
32.8573,      -5
32.8673,       0
32.8773,      -1
32.8873,      -1
32.8973,       0
32.9073,      -2
32.9173,       1
32.9273,      -2
32.9373,       0
32.9473,       0
32.9573,       3
32.9673,      -2
32.9773,       2
32.9873,       0
32.9973,      -2
33.0073,      -5
33.0173,      -6
33.0273,      -2
33.0373,       1
33.0473,       0
33.0573,       4
33.0673,       1
33.0773,       5
33.0873,       1
33.0973,       2
33.1073,       0
33.1173,       0
33.1273,      -1
33.1373,       2
33.1473,      -1
33.1573,      -1
33.1673,       2
33.1773,       0
33.1873,       0
33.1973,      -2
33.2073,      -3
33.2173,       1
33.2273,       0
33.2373,      -1
33.2473,       0
33.2573,       0
33.2673,      -1
33.2773,      -3
33.2873,       0
33.2973,       5
33.3073,      -1
33.3173,      -2
33.3273,      -2
33.3373,       1
33.3473,       0
33.3573,      -2
33.3673,      -1
33.3773,       1
33.3873,       0
33.3973,      -1
33.4073,       2
33.4173,       0
33.4273,       1
33.4373,       0
33.4473,      -2
33.4573,       2
33.4673,      -1
33.4773,      -1
33.4873,       0
33.4973,       0
33.5074,      -3
33.5174,      -1
33.5274,      -3
33.5374,      -1
33.5474,       0
33.5574,      -1
33.5674,       1
33.5774,       2
33.5874,      -5
33.5974,       0
33.6074,       0
33.6174,       0
33.6274,      -3
33.6374,       0
33.6474,       1
33.6574,      -1
33.6674,      -2
33.6774,       1
33.6874,       0
33.6974,       1
33.7074,       2
33.7174,      -1
33.7274,       0
33.7374,       0
33.7474,       4
33.7574,       1
33.7674,       3
33.7774,       1
33.7874,       2
33.7974,      -2
33.8074,       0
33.8174,      -1
33.8274,      -2
33.8374,      -1
33.8474,       0
33.8574,       1
33.8674,      -1
33.8774,       2
33.8874,       0
33.8974,      -1
33.9074,      -3
33.9174,      -1
33.9274,      -1
33.9374,       2
33.9474,      -1
33.9574,       2
33.9674,      -1
33.9774,       3
33.9874,       1
33.9974,       0
34.0074,       1
34.0174,      -1
34.0274,      -1
34.0374,      -2
34.0474,      -1
34.0574,       5
34.0674,      -3
34.0774,      -3
34.0874,       0
34.0974,      -3
34.1074,      -1
34.1174,      -3
34.1274,       0
34.1374,      -2
34.1474,       3
34.1574,      -3
34.1674,       2
34.1774,       1
34.1874,       1
34.1974,       0
34.2074,       0
34.2174,      -2
34.2274,       2
34.2374,      -1
34.2474,       0
34.2574,       0
34.2674,       1
34.2774,      -2
34.2874,       1
34.2974,      -2
34.3074,       0
34.3174,      -1
34.3274,       0
34.3374,      -1
34.3474,       1
34.3574,       2
34.3674,      -3
34.3774,      -1
34.3874,      -1
34.3974,       1
34.4074,      -4
34.4174,      -2
34.4274,       2
34.4374,       1
34.4474,      -1
34.4574,       0
34.4674,       1
34.4774,       1
34.4874,      -1
34.4974,       1
34.5075,       0
34.5175,       1
34.5275,       0
34.5375,      -1
34.5475,      -1
34.5575,      -4
34.5675,       1
34.5775,       2
34.5875,      -1
34.5975,       1
34.6075,      -1
34.6175,       0
34.6275,      -3
34.6375,       0
34.6475,      -1
34.6575,       1
34.6675,       0
34.6775,       3
34.6875,       1
34.6975,       0
34.7075,       0
34.7175,      -1
34.7275,       2
34.7375,      -1
34.7475,       1
34.7575,      -1
34.7675,      -2
34.7775,      -1
34.7875,      -2
34.7975,      -1
34.8075,      -1
34.8175,       2
34.8275,       1
34.8375,       0
34.8475,      -2
34.8575,       3
34.8675,       0
34.8775,      -1
34.8875,      -2
34.8975,       1
34.9075,      -2
34.9175,       0
34.9275,       1
34.9375,       0
34.9475,      -1
34.9575,       2
34.9675,       0
34.9775,       5
34.9875,       0
34.9975,      -1
35.0075,      -3
35.0175,       1
35.0275,      -1
35.0375,       0
35.0475,       0
35.0575,      -1
35.0675,      -1
35.0775,      -3
35.0875,       4
35.0975,      -1
35.1075,       0
35.1175,       0
35.1275,       1
35.1375,      -1
35.1475,       2
35.1575,       1
35.1675,       2
35.1775,      -1
35.1875,      -1
35.1975,       0
35.2075,       0
35.2175,       2
35.2275,      -2
35.2375,       0
35.2475,       0
35.2575,      -1
35.2675,      -1
35.2775,       0
35.2875,       0
35.2975,       1
35.3075,      -1
35.3175,       1
35.3275,       2
35.3375,       1
35.3475,       0
35.3575,       1
35.3675,      -3
35.3775,       0
35.3875,      -2
35.3975,       0
35.4075,       1
35.4175,       0
35.4275,       0
35.4375,       1
35.4475,       0
35.4575,      -1
35.4675,       0
35.4775,       0
35.4875,       2
35.4975,       0
35.5076,       0
35.5176,       0
35.5276,      -1
35.5376,       0
35.5476,      -1
35.5576,      -3
35.5676,      -1
35.5776,      -1
35.5876,       1
35.5976,      -2
35.6076,      -1
35.6176,      -1
35.6276,       2
35.6376,       0
35.6476,       3
35.6576,       0
35.6676,      -1
35.6776,       0
35.6876,      -3
35.6976,      -2
35.7076,       0
35.7176,       1
35.7276,      -1
35.7376,      -1
35.7476,       1
35.7576,       1
35.7676,      -1
35.7776,       1
35.7876,       3
35.7976,      -1
35.8076,      -1
35.8176,       0
35.8276,       1
35.8376,      -1
35.8476,      -2
35.8576,      -1
35.8676,       1
35.8776,      -1
35.8876,       1
35.8976,      -2
35.9076,      -1
35.9176,       1
35.9276,       1
35.9376,       1
35.9476,       0
35.9576,      -5
35.9676,      -3
35.9776,      -1
35.9876,       1
35.9976,       0
36.0076,      -1
36.0176,       0
36.0276,      -1
36.0376,      -1
36.0476,       1
36.0576,      -2
36.0676,       0
36.0776,       0
36.0876,      -1
36.0976,       1
36.1076,      -1
36.1176,      -2
36.1276,       1
36.1376,       0
36.1476,      -1
36.1576,       1
36.1676,       1
36.1776,       1
36.1876,      -2
36.1976,      -1
36.2076,       0
36.2176,       1
36.2276,       0
36.2376,      -2
36.2476,      -2
36.2576,       1
36.2676,      -1
36.2776,       1
36.2876,       1
36.2976,       0
36.3076,      -1
36.3176,       0
36.3276,       0
36.3376,       1
36.3476,       0
36.3576,       0
36.3676,       0
36.3776,       2
36.3876,      -2
36.3976,       0
36.4076,       0
36.4176,       0
36.4276,       0
36.4376,      -2
36.4476,       1
36.4576,       0
36.4676,      -2
36.4776,       2
36.4876,      -1
36.4976,       1
36.5077,       0
36.5177,      -1
36.5277,       0
36.5377,      -1
36.5477,       0
36.5577,       0
36.5677,       0
36.5777,      -3
36.5877,       1
36.5977,       1
36.6077,      -2
36.6177,       0
36.6277,       1
36.6377,       0
36.6477,      -1
36.6577,       0
36.6677,       2
36.6777,       0
36.6877,       0
36.6977,       1
36.7077,      -2
36.7177,       0
36.7277,      -2
36.7377,       0
36.7477,       1
36.7577,       0
36.7677,       0
36.7777,       0
36.7877,      -1
36.7977,       1
36.8077,       0
36.8177,       0
36.8277,      -1
36.8377,      -1
36.8477,      -1
36.8577,      -1
36.8677,       0
36.8777,       0
36.8877,       0
36.8977,       0
36.9077,       0
36.9177,      -1
36.9277,       1
36.9377,       1
36.9477,      -1
36.9577,      -2
36.9677,       0
36.9777,      -1
36.9877,       0
36.9977,       1
37.0077,      -2
37.0177,      -1
37.0277,       0
37.0377,       2
37.0477,       0
37.0577,       0
37.0677,       0
37.0777,       0
37.0877,       0
37.0977,       1
37.1077,       0
37.1177,       0
37.1277,       0
37.1377,       0
37.1477,      -1
37.1577,      -1
37.1677,       2
37.1777,       1
37.1877,      -1
37.1977,       1
37.2077,       1
37.2177,       1
37.2277,       0
37.2377,       0
37.2477,       0
37.2577,       0
37.2677,       0
37.2777,       0
37.2877,       0
37.2977,       0
37.3077,       1
37.3177,       0
37.3277,       0
37.3377,       0
37.3477,       0
37.3577,       1
37.3677,      -3
37.3777,       1
37.3877,      -2
37.3977,       2
37.4077,      -1
37.4177,      -1
37.4277,       0
37.4377,      -1
37.4477,       2
37.4577,       1
37.4677,      -1
37.4777,       0
37.4877,       0
37.4977,       0
37.5078,      -1
37.5178,       0
37.5278,      -3
37.5378,      -3
37.5478,       1
37.5578,       0
37.5678,       1
37.5778,      -1
37.5878,      -1
37.5978,      -2
37.6078,      -1
37.6178,      -2
37.6278,       1
37.6378,       0
37.6478,      -2
37.6578,       0
37.6678,      -1
37.6778,       0
37.6878,      -1
37.6978,      -1
37.7078,       0
37.7178,       0
37.7278,       0
37.7378,      -1
37.7478,       1
37.7578,       0
37.7678,       0
37.7778,       1
37.7878,       1
37.7978,      -1
37.8078,       0
37.8178,      -2
37.8278,       0
37.8378,       0
37.8478,      -1
37.8578,       0
37.8678,      -1
37.8778,       0
37.8878,       1
37.8978,      -1
37.9078,       0
37.9178,       1
37.9278,       0
37.9378,       0
37.9478,       0
37.9578,       1
37.9678,       0
37.9778,       1
37.9878,       1
37.9978,       0
38.0078,       0
38.0178,      -2
38.0278,       0
38.0378,       1
38.0478,       0
38.0578,       2
38.0678,       0
38.0778,       0
38.0878,      -1
38.0978,       1
38.1078,      -2
38.1178,       0
38.1278,       1
38.1378,       0
38.1478,       0
38.1578,       0
38.1678,       0
38.1778,       0
38.1878,       2
38.1978,       0
38.2078,      -1
38.2178,       0
38.2278,       2
38.2378,       0
38.2478,      -1
38.2578,      -1
38.2678,       0
38.2778,       0
38.2878,       0
38.2978,       0
38.3078,       0
38.3178,       0
38.3278,       1
38.3378,      -1
38.3478,      -1
38.3578,       0
38.3678,       0
38.3778,       0
38.3878,       1
38.3978,      -1
38.4078,       0
38.4178,      -1
38.4278,       2
38.4378,      -1
38.4478,      -1
38.4578,      -2
38.4678,       0
38.4778,      -1
38.4878,       0
38.4978,       0
38.5079,       0
38.5179,       0
38.5279,       0
38.5379,       0
38.5479,      -1
38.5579,       1
38.5679,       0
38.5779,      -1
38.5879,       1
38.5979,       0
38.6079,      -1
38.6179,       0
38.6279,      -1
38.6379,       0
38.6479,       0
38.6579,       1
38.6679,       0
38.6779,       1
38.6879,      -1
38.6979,      -1
38.7079,       0
38.7179,       0
38.7279,       0
38.7379,       0
38.7479,       0
38.7579,       2
38.7679,       1
38.7779,       1
38.7879,       0
38.7979,      -1
38.8079,       0
38.8179,       0
38.8279,      -1
38.8379,      -1
38.8479,      -2
38.8579,       1
38.8679,       1
38.8779,       0
38.8879,      -2
38.8979,      -2
38.9079,      -1
38.9179,      -1
38.9279,       0
38.9379,       0
38.9479,       0
38.9579,       0
38.9679,       1
38.9779,       0
38.9879,       0
38.9979,       2
39.0079,       0
39.0179,       0
39.0279,       0
39.0379,       0
39.0479,      -1
39.0579,       0
39.0679,       0
39.0779,       0
39.0879,       0
39.0979,       0
39.1079,       0
39.1179,       1
39.1279,       0
39.1379,       1
39.1479,       0
39.1579,       0
39.1679,       1
39.1779,       0
39.1879,       0
39.1979,       0
39.2079,      -1
39.2179,       1
39.2279,      -1
39.2379,      -1
39.2479,      -1
39.2579,       0
39.2679,       0
39.2779,       0
39.2879,       0
39.2979,       2
39.3079,       0
39.3179,       0
39.3279,       0
39.3379,       0
39.3479,       1
39.3579,       0
39.3679,      -1
39.3779,       0
39.3879,       0
39.3979,       0
39.4079,       0
39.4179,       0
39.4279,       0
39.4379,      -1
39.4479,       0
39.4579,       0
39.4679,       0
39.4779,       0
39.4879,      -1
39.4979,      -1
39.5080,       0
39.5180,       1
39.5280,       0
39.5380,       0
39.5480,       0
39.5580,       0
39.5680,       0
39.5780,      -1
39.5880,       0
39.5980,       0
39.6080,       0
39.6180,       0
39.6280,       1
39.6380,      -1
39.6480,      -1
39.6580,       0
39.6680,       1
39.6780,       1
39.6880,       0
39.6980,       1
39.7080,       0
39.7180,       0
39.7280,       0
39.7380,       0
39.7480,      -1
39.7580,      -2
39.7680,       0
39.7780,       0
39.7880,       0
39.7980,       0
39.8080,      -1
39.8180,       2
39.8280,      -1
39.8380,      -1
39.8480,       0
39.8580,       1
39.8680,       0
39.8780,       0
39.8880,       0
39.8980,       0
39.9080,      -1
39.9180,       0
39.9280,       0
39.9380,       1
39.9480,      -1
39.9580,       0
39.9680,       0
39.9780,       0
39.9880,       0
39.9980,       0
