2501.49	81988.4
2500.78	81342.2
2500.07	74530.6
2499.36	75220.9
2498.64	75096.4
2497.93	75112.5
2497.22	75802.3
2496.51	74919.9
2495.79	75749.8
2495.08	76312.9
2494.37	75360.8
2493.66	75418.8
2492.94	75771.3
2492.23	75282.4
2491.52	76069.4
2490.8	75931
2490.09	75890.7
2489.38	75430.1
2488.66	75880.4
2487.95	75980.2
2487.23	75827.9
2486.52	75899.8
2485.81	76195.6
2485.09	75847.4
2484.38	75891.2
2483.66	76088.9
2482.95	76006.7
2482.23	76414.1
2481.52	76345.9
2480.8	76319.6
2480.09	76629
2479.37	76714.5
2478.66	76618.3
2477.94	76578
2477.23	75936.8
2476.51	76301.9
2475.79	76569
2475.08	76766.2
2474.36	76544.3
2473.65	76434.3
2472.93	76659.3
2472.21	76758.6
2471.5	77569.7
2470.78	77557.2
2470.06	76484.4
2469.35	76779
2468.63	76906.1
2467.91	77563.1
2467.2	76951
2466.48	76855
2465.76	77051.7
2465.04	77499.2
2464.33	76999
2463.61	77223.4
2462.89	76862.7
2462.17	77588.5
2461.45	77882.3
2460.74	77340.7
2460.02	77258.7
2459.3	77761.2
2458.58	78082.6
2457.86	77360.5
2457.14	77278.4
2456.42	77210.3
2455.7	77935
2454.99	78353.5
2454.27	77576.2
2453.55	77758.3
2452.83	78023.7
2452.11	77941.6
2451.39	78054.1
2450.67	77708.1
2449.95	77848.4
2449.23	77738.6
2448.51	78017.7
2447.79	77921.8
2447.07	77784.3
2446.35	78465.6
2445.63	78231
2444.9	78343.2
2444.18	77942.2
2443.46	78082.2
2442.74	78485.6
2442.02	78181.7
2441.3	78876.1
2440.58	78489.1
2439.86	78379.5
2439.13	77715.6
2438.41	79157.7
2437.69	79020.2
2436.97	78522.8
2436.25	78814.7
2435.52	78829.7
2434.8	79315.3
2434.08	78984.1
2433.36	78708.5
2432.63	78737.3
2431.91	79526.9
2431.19	79126.8
2430.46	79694.8
2429.74	79032.1
2429.02	78770.5
2428.29	78854.5
2427.57	78869.4
2426.85	79589
2426.12	79203.1
2425.4	79217.9
2424.68	79605.7
2423.95	79316.6
2423.23	79649
2422.5	79870.8
2421.78	79650.8
2421.05	79844.9
2420.33	79390.5
2419.6	79612.2
2418.88	79820
2418.15	80069.1
2417.43	79932.1
2416.7	79933
2415.98	79796
2415.25	80210.3
2414.53	79715.1
2413.8	79867.5
2413.07	80226.5
2412.35	79497.3
2411.62	80517.3
2410.9	80958.6
2410.17	80477.5
2409.44	79762.5
2408.72	79983.5
2407.99	80397.1
2407.26	80824.3
2406.54	80247.3
2405.81	80165.6
2405.08	80427.6
2404.35	80538.3
2403.63	80140.4
2402.9	80663.4
2402.17	81117.6
2401.44	80280.1
2400.71	80706.7
2399.99	80185.4
2399.26	80337.2
2398.53	80571.4
2397.8	80627
2397.07	80572.7
2396.34	80751.8
2395.62	80752.5
2394.89	81439.1
2394.16	80781.2
2393.43	81001.2
2392.7	81180.1
2391.97	80920.2
2391.24	81661
2390.51	81195.5
2389.78	80812.3
2389.05	81470.6
2388.32	81210.8
2387.59	81252.4
2386.86	81020.2
2386.13	81212.4
2385.4	81486.8
2384.67	81076.6
2383.94	81391.9
2383.21	81228.2
2382.48	80955.1
2381.75	81639.6
2381.02	82036.7
2380.28	81066.1
2379.55	82051.1
2378.82	81696
2378.09	81231.7
2377.36	81847.2
2376.63	81574.3
2375.89	81957.3
2375.16	81288.3
2374.43	81698.5
2373.7	81016.1
2372.97	81494.5
2372.23	81194.6
2371.5	81454.4
2370.77	81413.9
2370.03	81823.6
2369.3	82410.6
2368.57	81988
2367.84	81661.1
2367.1	81770.5
2366.37	81266.5
2365.63	81703.1
2364.9	82030.5
2364.17	82330.6
2363.43	82221.9
2362.7	81581.9
2361.96	82059
2361.23	82454.2
2360.5	81977.9
2359.76	82168.8
2359.03	81842.4
2358.29	81570.5
2357.56	82659.4
2356.82	82700.4
2356.09	81748.4
2355.35	82496.7
2354.62	82157
2353.88	82401.9
2353.14	82809.9
2352.41	82334.4
2351.67	82538.4
2350.94	82579.3
2350.2	83068.5
2349.46	82457.4
2348.73	82308.2
2347.99	82783.6
2347.25	82634.4
2346.52	82770.3
2345.78	82363.3
2345.04	82675.5
2344.31	82675.7
2343.57	82987.8
2342.83	82106.3
2342.1	83137.1
2341.36	82527
2340.62	82920.2
2339.88	82717
2339.14	83042.3
2338.41	82703.6
2337.67	82934
2336.93	82825.7
2336.19	82866.4
2335.45	83760.1
2334.71	82839.4
2333.98	83759.9
2333.24	83380.9
2332.5	82771.9
2331.76	82582.6
2331.02	83489
2330.28	83421.3
2329.54	83678.2
2328.8	83556.4
2328.06	83880.7
2327.32	83231.8
2326.58	83191.2
2325.84	83447.9
2325.1	83718
2324.36	83380.2
2323.62	83231.6
2322.88	83555.6
2322.14	83771.5
2321.4	83636.4
2320.66	82732
2319.92	83460.7
2319.17	83676.4
2318.43	84054
2317.69	84202.2
2316.95	83905.2
2316.21	83702.8
2315.47	83594.8
2314.72	84093.4
2313.98	84510.9
2313.24	84456.7
2312.5	83917.5
2311.76	83688.3
2311.01	84267.3
2310.27	83930.4
2309.53	84387.9
2308.79	84697.2
2308.04	84427.7
2307.3	84790.7
2306.56	84211.8
2305.81	84601.6
2305.07	84224.6
2304.33	84251.2
2303.58	83820.7
2302.84	84237.2
2302.09	84465.4
2301.35	84451.6
2300.61	84290
2299.86	84558.4
2299.12	84276
2298.37	84786
2297.63	83966.5
2296.88	84812
2296.14	84959.3
2295.39	84207.2
2294.65	84985.2
2293.9	84729.8
2293.16	84192.8
2292.41	84447.3
2291.67	84661.5
2290.92	84661.1
2290.17	84245.1
2289.43	84928.3
2288.68	84257.8
2287.94	85262.4
2287.19	84846.5
2286.44	84497.8
2285.7	84564.3
2284.95	83840.8
2284.2	84483.2
2283.45	84630
2282.71	84442.2
2281.96	84107.2
2281.21	84909.6
2280.47	84601.4
2279.72	84601
2278.97	84761
2278.22	84680.3
2277.47	84987.3
2276.73	84198.1
2275.98	84825.9
2275.23	84972.4
2274.48	85172.2
2273.73	84330.1
2272.98	84917.3
2272.23	84596.3
2271.49	84449
2270.74	84755.5
2269.99	84474.7
2269.24	85021.4
2268.49	84633.9
2267.74	84766.8
2266.99	84726.2
2266.24	84632.4
2265.49	84845.2
2264.74	85018
2263.99	84057.6
2263.24	84923.5
2262.49	84922.9
2261.74	84815.8
2260.99	84908.5
2260.24	84415.1
2259.49	84827.4
2258.73	84986.6
2257.98	84852.9
2257.23	84626
2256.48	85091.2
2255.73	85010.8
2254.98	85555.6
2254.23	84916.4
2253.47	84689.7
2252.72	85088.1
2251.97	85366.6
2251.22	85233
2250.46	84235.5
2249.71	84593.8
2248.96	85031.7
2248.21	85230.3
2247.45	84817.9
2246.7	84671.2
2245.95	84351.9
2245.19	84444.3
2244.44	84709.2
2243.69	84629
2242.93	84787.6
2242.18	84442
2241.43	85184.3
2240.67	84918.3
2239.92	84930.9
2239.16	85182.1
2238.41	85645.4
2237.65	85737.4
2236.9	84769.2
2236.15	85656.3
2235.39	84688.4
2234.64	85614.9
2233.88	85097.6
2233.13	86063.5
2232.37	85228.6
2231.61	85942.6
2230.86	85835.9
2230.1	84988.2
2229.35	85344.7
2228.59	85595.2
2227.83	85753.1
2227.08	85077.9
2226.32	85698.5
2225.57	85340.7
2224.81	85366.4
2224.05	84625.6
2223.3	84955.2
2222.54	85192.2
2221.78	84663.1
2221.02	85639.7
2220.27	85255.9
2219.51	85373.9
2218.75	85333.5
2217.99	85227.1
2217.24	85701.3
2216.48	85753.2
2215.72	85343.4
2214.96	85843.8
2214.2	85816.5
2213.45	85934.2
2212.69	85261
2211.93	86327.7
2211.17	85957.7
2210.41	86035.8
2209.65	85982.2
2208.89	85981.2
2208.13	85716.9
2207.37	85742.3
2206.61	86294.3
2205.85	85977.4
2205.09	86108
2204.33	85843.8
2203.57	85592.9
2202.81	85552.5
2202.05	85656.8
2201.29	85314
2200.53	85510.3
2199.77	85614.6
2199.01	85823.9
2198.25	85849.2
2197.49	85848.2
2196.73	85912.9
2195.97	86634.3
2195.2	86213
2194.44	85305.9
2193.68	85462.6
2192.92	85947.3
2192.16	86051.3
2191.39	86837.5
2190.63	86062.3
2189.87	85838.3
2189.11	86637.2
2188.34	85456
2187.58	85913.9
2186.82	86135.7
2186.06	85898.7
2185.29	85897.6
2184.53	86250.4
2183.77	86354.1
2183	86077.9
2182.24	86875.6
2181.48	86534
2180.71	86467.4
2179.95	86361.5
2179.18	85601.3
2178.42	85548
2177.66	86070.3
2176.89	86056.1
2176.13	86473.5
2175.36	86263.1
2174.6	85856.7
2173.83	85568
2173.07	86129
2172.3	85657.4
2171.54	85760.9
2170.77	86491.3
2170	86163.6
2169.24	85444.2
2168.47	86318
2167.71	85977.4
2166.94	85989.3
2166.17	86327.5
2165.41	86365.5
2164.64	86546.9
2163.87	85737
2163.11	86596.6
2162.34	85578.3
2161.57	86242.1
2160.81	85524
2160.04	85757.5
2159.27	85196.1
2158.5	85820.4
2157.74	85233.1
2156.97	84867.4
2156.2	85022.6
2155.43	85125.8
2154.67	85697.5
2153.9	85501.2
2153.13	85617.2
2152.36	85303.8
2151.59	85810.1
2150.82	86069.1
2150.05	86354
2149.28	85533.5
2148.52	85662.4
2147.75	85518.3
2146.98	86284
2146.21	85321.1
2145.44	85891.7
2144.67	86630.9
2143.9	85149
2143.13	85784.2
2142.36	85004
2141.59	84665.4
2140.82	84495.7
2140.05	85091.6
2139.28	85116.5
2138.5	85582.4
2137.73	85529.4
2136.96	86552.7
2136.19	85708.6
2135.42	85590.7
2134.65	85369.1
2133.88	85666.1
2133.1	85561.2
2132.33	86000.5
2131.56	85416.3
2130.79	85428.1
2130.02	85983.8
2129.24	85348.1
2128.47	85592.9
2127.7	85669.3
2126.93	85474
2126.15	85628
2125.38	85199.9
2124.61	85948.9
2123.83	85895.9
2123.06	85558.4
2122.29	85686.5
2121.51	85827.4
2120.74	85425.5
2119.97	85850.7
2119.19	86508.3
2118.42	86171.1
2117.64	85640.2
2116.87	85755.1
2116.09	86167
2115.32	85429.9
2114.54	85570.6
2113.77	86408.1
2113	85271.3
2112.22	85270.1
2111.44	85784.8
2110.67	85899.5
2109.89	86323.7
2109.12	85342.5
2108.34	86256.4
2107.57	85456
2106.79	85957.3
2106.01	85221.6
2105.24	85671.2
2104.46	85747.1
2103.68	85771.5
2102.91	85281
2102.13	86103.5
2101.35	86102.1
2100.58	86332.4
2099.8	85867.8
2099.02	86380.9
2098.24	85903.6
2097.47	86506.6
2096.69	85566.5
2095.91	85359.5
2095.13	85563.9
2094.36	85524
2093.58	85702.5
2092.8	86266.4
2092.02	86059.4
2091.24	85724.1
2090.46	85851.1
2089.68	85451.7
2088.9	84539
2088.13	84845.9
2087.35	85576
2086.57	85125.6
2085.79	85637.4
2085.01	85123
2084.23	85416.7
2083.45	85646.1
2082.67	85542.1
2081.89	85694.6
2081.11	86052
2080.33	85435.5
2079.55	85370.1
2078.77	85176.6
2077.98	84637.4
2077.2	85826.9
2076.42	85364.6
2075.64	85132.8
2074.86	85349
2074.08	85987.4
2073.3	85870.8
2072.51	84910
2071.73	85215.6
2070.95	85278.2
2070.17	85327.9
2069.39	84994.2
2068.6	84992.8
2067.82	85195.9
2067.04	85322.3
2066.26	84605.5
2065.47	85038.5
2064.69	85049.9
2063.91	84908.1
2063.12	84753.6
2062.34	84816.1
2061.56	84457.4
2060.77	85387.6
2059.99	85131
2059.2	84721.4
2058.42	84949.6
2057.64	84731.5
2056.85	85023.4
2056.07	85149.4
2055.28	85453.9
2054.5	84802.5
2053.71	85680.3
2052.93	85615.1
2052.14	85218.7
2051.36	84695.2
2050.57	85203.1
2049.79	84476.1
2049	84347.4
2048.22	84002.5
2047.43	83708.6
2046.64	83872.8
2045.86	83884.3
2045.07	83031
2044.28	83665.6
2043.5	84147.5
2042.71	85099.5
2041.92	84361
2041.14	84245.3
2040.35	84599.7
2039.56	84458.6
2038.78	84787.4
2037.99	84189.2
2037.2	84340.2
2036.41	84516.5
2035.62	83817.1
2034.84	83930
2034.05	83459.3
2033.26	83128.3
2032.47	84332
2031.68	83988.2
2030.89	84177.1
2030.11	84568.8
2029.32	83997
2028.53	84261.8
2027.74	84095.7
2026.95	84360.4
2026.16	83789
2025.37	83509
2024.58	83913
2023.79	83848.3
2023	83707.8
2022.21	84098.8
2021.42	83857
2020.63	84323.8
2019.84	84410.9
2019.05	83524.2
2018.26	84028.7
2017.47	83395.2
2016.68	83419.2
2015.88	83974
2015.09	83846.3
2014.3	83630.1
2013.51	84096.2
2012.72	83640.1
2011.93	83689.3
2011.13	84193
2010.34	84519.8
2009.55	84455.2
2008.76	83254.8
2007.96	83619.5
2007.17	83328
2006.38	83061.8
2005.59	83539.8
2004.79	83008.8
2004	83726.2
2003.21	84191.2
2002.41	83433.5
2001.62	84528.5
2000.83	83292.3
2000.03	83492.5
1999.24	83667.5
1998.44	82898
1997.65	84382.4
1996.86	83613
1996.06	83007.4
1995.27	83522.1
1994.47	83508.2
1993.68	83355.8
1992.88	83970.8
1992.09	83793.3
1991.29	83993
1990.5	83375.5
1989.7	83663.3
1988.9	83749.8
1988.11	84540
1987.31	83709.2
1986.52	83582.2
1985.72	83153.8
1984.92	83416.1
1984.13	83452.4
1983.33	84555.6
1982.53	83750.8
1981.74	83862.3
1980.94	83584.8
1980.14	84034.9
1979.35	83481.5
1978.55	83806.1
1977.75	83917.5
1976.95	83351.9
1976.16	83513.4
1975.36	83624.7
1974.56	83385.2
1973.76	83534.1
1972.96	83344.8
1972.16	82930.1
1971.37	83053.9
1970.57	83302.9
1969.77	83401.6
1968.97	83725.6
1968.17	83398.7
1967.37	83422.3
1966.57	83133.1
1965.77	84219.8
1964.97	82767.6
1964.17	83478.9
1963.37	83089.9
1962.57	83151
1961.77	83149.6
1960.97	83085.7
1960.17	82796.9
1959.37	82833
1958.57	82919
1957.77	83242.2
1956.97	82928.7
1956.17	82839.9
1955.36	82900.9
1954.56	83149
1953.76	82374.1
1952.96	82485
1952.16	82695.6
1951.36	83093.3
1950.55	82605.6
1949.75	82192.8
1948.95	82814.7
1948.15	82414.5
1947.34	82600
1946.54	82872.6
1945.74	82211.1
1944.94	82272
1944.13	82557
1943.33	81933.2
1942.53	82068.8
1941.72	82391.1
1940.92	82078.6
1940.11	81529.9
1939.31	82237.6
1938.51	82024.9
1937.7	81774.9
1936.9	82407.6
1936.09	81772.3
1935.29	81982.2
1934.48	81595.7
1933.68	81855.3
1932.87	81655.3
1932.07	81554.6
1931.26	81925.8
1930.46	81850
1929.65	81563.2
1928.85	81475
1928.04	81709.5
1927.23	81571.7
1926.43	80578.1
1925.62	81035.8
1924.81	81245.4
1924.01	80847.4
1923.2	81342
1922.39	81328.4
1921.59	80831.4
1920.78	81065.6
1919.97	81510.4
1919.17	81298.5
1918.36	81656.3
1917.55	81395
1916.74	81938.3
1915.93	80884.9
1915.13	80586.7
1914.32	80709.2
1913.51	80349.2
1912.7	80941.8
1911.89	80594.3
1911.08	80444.7
1910.28	81012.2
1909.47	81418.9
1908.66	80589.5
1907.85	80563.6
1907.04	80636.5
1906.23	81055.3
1905.42	80399.4
1904.61	80410.6
1903.8	80631.6
1902.99	80112
1902.18	80789.6
1901.37	80615.6
1900.56	80034.5
1899.75	80896.9
1898.94	80994.2
1898.13	80450.3
1897.31	79758.7
1896.5	80139.7
1895.69	80200.2
1894.88	80383.8
1894.07	80690.7
1893.26	80948.1
1892.45	80257
1891.63	80674.5
1890.82	80377.7
1890.01	80142.6
1889.2	80264.5
1888.38	80251
1887.57	79376.1
1886.76	80248.5
1885.95	79989
1885.13	80147.7
1884.32	80121.9
1883.51	79604.3
1882.69	79738.4
1881.88	79577.5
1881.06	80031
1880.25	80140.4
1879.44	80397.1
1878.62	79953.7
1877.81	79596.4
1876.99	80258.2
1876.18	80023.7
1875.36	79249.3
1874.55	79395.4
1873.73	80412.6
1872.92	79945.2
1872.1	80336.5
1871.29	79501.3
1870.47	79438.8
1869.66	79082.2
1868.84	79424.3
1868.02	79557.9
1867.21	78968.6
1866.39	79641.3
1865.58	80191.3
1864.76	79308.3
1863.94	79258.1
1863.13	79269.2
1862.31	79304.8
1861.49	79511.7
1860.67	79180.2
1859.86	78775.3
1859.04	79300.2
1858.22	78919.9
1857.4	79469.1
1856.59	78905.5
1855.77	78488.8
1854.95	78658.8
1854.13	78975.5
1853.31	79169.8
1852.49	79254.2
1851.68	78410.3
1850.86	78800
1850.04	79043.1
1849.22	78370.5
1848.4	77808
1847.58	78502.7
1846.76	78233.2
1845.94	78585.9
1845.12	78267.7
1844.3	78522.8
1843.48	77863.3
1842.66	77837.9
1841.84	78434.2
1841.02	78128.4
1840.2	78322.4
1839.38	78077.6
1838.56	77930.4
1837.74	78063.4
1836.91	78086.7
1836.09	77647.4
1835.27	78133.3
1834.45	78022.8
1833.63	77802.7
1832.81	77120.4
1831.98	77618.2
1831.16	77592.9
1830.34	77664.9
1829.52	77773.4
1828.69	77723.7
1827.87	77491.8
1827.05	77588
1826.22	77210.4
1825.4	77355.3
1824.58	77075
1823.75	77474.8
1822.93	76818.2
1822.11	77472.8
1821.28	76937.8
1820.46	76779.1
1819.64	76948.1
1818.81	77117.1
1817.99	76946.3
1817.16	77103.1
1816.34	77126.4
1815.51	76725.4
1814.69	76385.1
1813.86	76723.6
1813.04	76856
1812.21	76406.8
1811.39	76563.5
1810.56	76017.6
1809.73	76646.5
1808.91	76282.4
1808.08	76995.7
1807.26	76038.7
1806.43	75723.3
1805.6	76158.1
1804.78	76121
1803.95	75588
1803.12	76312.8
1802.29	75888.8
1801.47	75706.7
1800.64	76189.4
1799.81	75548.1
1798.98	76006.5
1798.16	75764.1
1797.33	75715
1796.5	76305.9
1795.67	75544.4
1794.84	75893.7
1794.02	75868.8
1793.19	76085.2
1792.36	75601.7
1791.53	76095.5
1790.7	75153.9
1789.87	75310
1789.04	75646.8
1788.21	75139.7
1787.38	75404.2
1786.55	76102.4
1785.72	75631.6
1784.89	75811.5
1784.06	76135.9
1783.23	75569
1782.4	75086.6
1781.57	75374.8
1780.74	75073.1
1779.91	75397.3
1779.08	75456.7
1778.25	75612.3
1777.42	75888.1
1776.58	75598.6
1775.75	75080.7
1774.92	75248.3
1774.09	75199.4
1773.26	75787.6
1772.42	75462.3
1771.59	75497.5
1770.76	75580.8
1769.93	75387.7
1769.09	74990.7
1768.26	75458.2
1767.43	75457.3
1766.6	75084.4
1765.76	75155.7
1764.93	74914.9
1764.09	74746.2
1763.26	75057.3
1762.43	74936.6
1761.59	74564.2
1760.76	74803.3
1759.92	74610.7
1759.09	74705.9
1758.26	74573.4
1757.42	74704.4
1756.59	74583.9
1755.75	74032.3
1754.92	74582.5
1754.08	74342.3
1753.24	74281.8
1752.41	74161.4
1751.57	74543.6
1750.74	73226.9
1749.9	74374.7
1749.07	73955.4
1748.23	74445
1747.39	74253
1746.56	73678.6
1745.72	73905.1
1744.88	74119.5
1744.05	74381.6
1743.21	73090.9
1742.37	73460.6
1741.53	73304.8
1740.7	73745.9
1739.86	73625.9
1739.02	74257.9
1738.18	73839.5
1737.34	73182.7
1736.51	73790.5
1735.67	73563.2
1734.83	73503
1733.99	73299.7
1733.15	73787.8
1732.31	72404.6
1731.47	73202.6
1730.63	73249.7
1729.79	72927.5
1728.95	72498.2
1728.11	72890.7
1727.27	72663.9
1726.43	72413.4
1725.59	72674.8
1724.75	72293.5
1723.91	72233.6
1723.07	72126.1
1722.23	72446.8
1721.39	72933.9
1720.55	72160.5
1719.71	71744
1718.87	72326.1
1718.03	72183
1717.18	71933
1716.34	72300.9
1715.5	71908.5
1714.66	71539.9
1713.82	71990.8
1712.97	71230.5
1712.13	71966.2
1711.29	71633.4
1710.45	71538.1
1709.6	71431
1708.76	71264.6
1707.92	71726.8
1707.07	71513
1706.23	71370.4
1705.39	71298.9
1704.54	71156.3
1703.7	71049.4
1702.85	70942.5
1702.01	70942.2
1701.17	70870.8
1700.32	71107.4
1699.48	70787.4
1698.63	71556.6
1697.79	70905.2
1696.94	70869.4
1696.1	70384.1
1695.25	70857
1694.41	70336.3
1693.56	70797.3
1692.71	70726.1
1691.87	70595.8
1691.02	70323.7
1690.18	70831.6
1689.33	70216.9
1688.48	70512
1687.64	70311
1686.79	70889.4
1685.94	70605.7
1685.1	70463.8
1684.25	70062.2
1683.4	69955.8
1682.55	70887.7
1681.71	70722.2
1680.86	70545
1680.01	70226.3
1679.16	70119.9
1678.31	70084.4
1677.47	70084.1
1676.62	70696.7
1675.77	70908.5
1674.92	70048.1
1674.07	70201
1673.22	70012.4
1672.37	69388.1
1671.52	69800
1670.67	70188.3
1669.82	70035
1668.97	69564.1
1668.12	69952.2
1667.27	68952.1
1666.42	69563.6
1665.57	69916.2
1664.72	69810.2
1663.87	69692.4
1663.02	69798
1662.17	69492.3
1661.32	69527.3
1660.47	69585.9
1659.62	69339.1
1658.76	69162.8
1657.91	69068.7
1657.06	69244.7
1656.21	69103.7
1655.36	70007.1
1654.5	69584.5
1653.65	69056.4
1652.8	68985.9
1651.95	68716.1
1651.09	68798.1
1650.24	69138
1649.39	69384
1648.53	69090.8
1647.68	69032.1
1646.83	68762.5
1645.97	68797.6
1645.12	68762.3
1644.26	68598.3
1643.41	69113.3
1642.56	68188.5
1641.7	68586.4
1640.85	69019.2
1639.99	68878.7
1639.14	68492.6
1638.28	68071.5
1637.43	68363.8
1636.57	68375.4
1635.72	68316.9
1634.86	67989.7
1634	68293.5
1633.15	68223.3
1632.29	67907.9
1631.43	68328.3
1630.58	68048
1629.72	68211.5
1628.87	67791.2
1628.01	67942.9
1627.15	67242.8
1626.29	67697.9
1625.44	67977.9
1624.58	67989.5
1623.72	67324.9
1622.86	67231.7
1622.01	67103.5
1621.15	67698
1620.29	67243.6
1619.43	67267
1618.57	67383.5
1617.71	67663.1
1616.86	67150.7
1616	67046.1
1615.14	66953
1614.28	67488.5
1613.42	67023.1
1612.56	66476.4
1611.7	66651.1
1610.84	66569.8
1609.98	66628.1
1609.12	66337.6
1608.26	66930.6
1607.4	67070.2
1606.54	66512.5
1605.68	66326.8
1604.82	66629
1603.96	66420.1
1603.09	65886.1
1602.23	66443.6
1601.37	65666.1
1600.51	66420.7
1599.65	65921.9
1598.79	66177.4
1597.92	65725.2
1597.06	66003.8
1596.2	66398.3
1595.34	65505.7
1594.47	66004.5
1593.61	65460
1592.75	65413.9
1591.89	65414.2
1591.02	66190.7
1590.16	65820.2
1589.29	65206.7
1588.43	66029.1
1587.57	65369.4
1586.7	65230.9
1585.84	65751.9
1584.97	65509.2
1584.11	65844.9
1583.25	65463.4
1582.38	65186.2
1581.52	65209.6
1580.65	65256.2
1579.79	65036.9
1578.92	65441.6
1578.06	65210.8
1577.19	65060.9
1576.32	65257.6
1575.46	64703.6
1574.59	64669.3
1573.73	65235.4
1572.86	65224.1
1571.99	64808.9
1571.13	65017
1570.26	64982.7
1569.39	65063.7
1568.52	64706.5
1567.66	64568.5
1566.79	65202.9
1565.92	65237.8
1565.05	64661.8
1564.19	65134.6
1563.32	64697.1
1562.45	64225.2
1561.58	64916.6
1560.71	64479.3
1559.84	65193.5
1558.98	64422.5
1558.11	64630
1557.24	64434.8
1556.37	64561.7
1555.5	64631
1554.63	64458.9
1553.76	64424.7
1552.89	64735.5
1552.02	64804.7
1551.15	64207.4
1550.28	64575.5
1549.41	64196.7
1548.54	64162.6
1547.67	64140
1546.8	64370.1
1545.93	64404.9
1545.06	64014.9
1544.18	64520.3
1543.31	63901
1542.44	63706.4
1541.57	64073.9
1540.7	63879.3
1539.82	63960
1538.95	63627.9
1538.08	63995.1
1537.21	63548.5
1536.33	64362.6
1535.46	63389.1
1534.59	63905
1533.72	63584.7
1532.84	63653.9
1531.97	63253.6
1531.1	63837.8
1530.22	63529.2
1529.35	63461
1528.47	62923.7
1527.6	63050.1
1526.72	63439.5
1525.85	63485.7
1524.98	63040.2
1524.1	63166.5
1523.23	63018.4
1522.35	63418.8
1521.48	63190.7
1520.6	62985.6
1519.72	62769.1
1518.85	62838.2
1517.97	63044.2
1517.1	62690.8
1516.22	62006.6
1515.34	63022.8
1514.47	62760.9
1513.59	62270.9
1512.71	61963.6
1511.84	62317.7
1510.96	61725.4
1510.08	61794.5
1509.21	61829.4
1508.33	62342.8
1507.45	61933.3
1506.57	61865.6
1505.69	61695.4
1504.82	62026.3
1503.94	61651.2
1503.06	61435.6
1502.18	61811.9
1501.3	61812.5
1500.42	61267.1
1499.54	61210.9
1498.66	61894.1
1497.79	61223.8
1496.91	61531.5
1496.03	61714.1
1495.15	61453.3
1494.27	61363.1
1493.39	61034.3
1492.51	61205.5
1491.63	61342.5
1490.74	60548.3
1489.86	60901.1
1488.98	60515.9
1488.1	60925.3
1487.22	61277.9
1486.34	60949.5
1485.46	60893.6
1484.58	60520
1483.69	60725
1482.81	60351.6
1481.93	60295.8
1481.05	60897.3
1480.17	60308.8
1479.28	60740.2
1478.4	60559.7
1477.52	60469.9
1476.63	60312.2
1475.75	59735.6
1474.87	60268.5
1473.98	60450.5
1473.1	60236.2
1472.22	60180.5
1471.33	59762.8
1470.45	60182.2
1469.56	59809.8
1468.68	60466.5
1467.79	59698.6
1466.91	59801.2
1466.02	59689.1
1465.14	59870.8
1464.25	59476.3
1463.37	59737
1462.48	59681.4
1461.6	60122.7
1460.71	59626.8
1459.83	60056.6
1458.94	59730.2
1458.05	59494.1
1457.17	59246.8
1456.28	59676.4
1455.39	59293.9
1454.51	59542.9
1453.62	59126.7
1452.73	59612.3
1451.85	59432.9
1450.96	59298.6
1450.07	59502.3
1449.18	59244.1
1448.29	59740.5
1447.41	59482.4
1446.52	59291.9
1445.63	59653
1444.74	59203.7
1443.85	59249.7
1442.96	58958.1
1442.07	59319
1441.18	59095
1440.3	59140.9
1439.41	59434.1
1438.52	58535.8
1437.63	58952.6
1436.74	58728.9
1435.85	59044.4
1434.96	58933
1434.06	58877.8
1433.17	58777.7
1432.28	58318.4
1431.39	58644.9
1430.5	58567.4
1429.61	58635.7
1428.72	58468.4
1427.83	58918.1
1426.94	58582.6
1426.04	58549.9
1425.15	58528.5
1424.26	58327.7
1423.37	58698.5
1422.47	57948.8
1421.58	58050.7
1420.69	58219.8
1419.8	58041.6
1418.9	58333.8
1418.01	57987.8
1417.12	58056
1416.22	58168.9
1415.33	58069.3
1414.43	57701.1
1413.54	58697.7
1412.65	57938.2
1411.75	57436.1
1410.86	57917.9
1409.96	57516.6
1409.07	57294.2
1408.17	57362.4
1407.28	57754.6
1406.38	57152.5
1405.49	57399.3
1404.59	57735.4
1403.7	57055.5
1402.8	57625.9
1401.9	57593.5
1401.01	57471.9
1400.11	56781.4
1399.21	56938.7
1398.32	57029.1
1397.42	56450.5
1396.52	57265.6
1395.63	57043.8
1394.73	56576.9
1393.83	56890.1
1392.93	56479.1
1392.04	56435.8
1391.14	56748.9
1390.24	56583.1
1389.34	56294.9
1388.44	56418.6
1387.54	56330.8
1386.65	56777.1
1385.75	56222.1
1384.85	56445.8
1383.95	55891
1383.05	56136.9
1382.15	55693.6
1381.25	55917.2
1380.35	55574
1379.45	55686.5
1378.55	55776.7
1377.65	56377.8
1376.75	55934.9
1375.85	55580.9
1374.95	55882
1374.05	56138.5
1373.15	55795.8
1372.24	55153.6
1371.34	55510
1370.44	55178.6
1369.54	55590.3
1368.64	55126
1367.73	55526.5
1366.83	55594.3
1365.93	55329.7
1365.03	55209.2
1364.13	55000.1
1363.22	54813.3
1362.32	55180.2
1361.42	55701.9
1360.51	55570.4
1359.61	55593.8
1358.71	55362.8
1357.8	54656
1356.9	55310.1
1355.99	54880.1
1355.09	54925.8
1354.18	54883
1353.28	54718.6
1352.38	55272.7
1351.47	54876.2
1350.57	55419
1349.66	55133.1
1348.75	55090.3
1347.85	55168.9
1346.94	54894.3
1346.04	55171.6
1345.13	55007.4
1344.22	54898.4
1343.32	55230.8
1342.41	55066.7
1341.51	54615.8
1340.6	54771.7
1339.69	54971.5
1338.78	54443.7
1337.88	54853
1336.97	54700.1
1336.06	54734.5
1335.15	54482.6
1334.25	54671.3
1333.34	54837.8
1332.43	54817.2
1331.52	54499.3
1330.61	54753.9
1329.7	54700.2
1328.79	54525.6
1327.89	54923
1326.98	54000.5
1326.07	54342.9
1325.16	54465.2
1324.25	55060.2
1323.34	54215.3
1322.43	54161.8
1321.52	54712.5
1320.61	54307.5
1319.7	54363.8
1318.79	53684.4
1317.88	53751.8
1316.96	54005.8
1316.05	54270.7
1315.14	54294
1314.23	53648.2
1313.32	53309.6
1312.41	53771.8
1311.49	54190
1310.58	53292.4
1309.67	53579
1308.76	53361.3
1307.85	53965.6
1306.93	53441.1
1306.02	54067
1305.11	53729
1304.19	53763.3
1303.28	53819.5
1302.37	53700.6
1301.45	53516
1300.54	53430
1299.62	53278.3
1298.71	53192.4
1297.8	53390.8
1296.88	53162.7
1295.97	52989.3
1295.05	53373.5
1294.14	53178.3
1293.22	53332.8
1292.31	52831.8
1291.39	52986.3
1290.47	52256.2
1289.56	52705.5
1288.64	52958.3
1287.73	52828.8
1286.81	52928.7
1285.89	52581.1
1284.98	52484.5
1284.06	52518.9
1283.14	52160.6
1282.23	52489.4
1281.31	52709.1
1280.39	52481.8
1279.47	51840.5
1278.56	52049.2
1277.64	52846.2
1276.72	52030.9
1275.8	52108.8
1274.88	51381
1273.96	52003.3
1273.05	51928.8
1272.13	51495.2
1271.21	51431.7
1270.29	51683.7
1269.37	51826.9
1268.45	51752.5
1267.53	51939
1266.61	51440.7
1265.69	51322.9
1264.77	51574.6
1263.85	51848
1262.93	51491.2
1262.01	51210.6
1261.09	51690.2
1260.17	51691.9
1259.25	51519.9
1258.32	51098.4
1257.4	51089.3
1256.48	51611.9
1255.56	51147.2
1254.64	51094.8
1253.71	51248.4
1252.79	50979.1
1251.87	50796.7
1250.95	51069.5
1250.02	50865.4
1249.1	50888.9
1248.18	50999
1247.25	50903.4
1246.33	50872.7
1245.41	50777.1
1244.48	50800.6
1243.56	50402
1242.64	51096.4
1241.71	50578.8
1240.79	50429.3
1239.86	50604.2
1238.94	50584.4
1238.01	50521.4
1237.09	50469.2
1236.16	50179.3
1235.24	50483.8
1234.31	50669.3
1233.39	50239
1232.46	49949.3
1231.53	50145.7
1230.61	50028.8
1229.68	50289.8
1228.75	50432
1227.83	49980.6
1226.9	49971.8
1225.97	50135.5
1225.05	50277.6
1224.12	49923.6
1223.19	49634.5
1222.26	50250.9
1221.34	49961.7
1220.41	49985.2
1219.48	49825.5
1218.55	49956.7
1217.62	49840.2
1216.69	50014.4
1215.76	49973.2
1214.84	49469.2
1213.91	50256.8
1212.98	49709.9
1212.05	49690.3
1211.12	49552.4
1210.19	49016.7
1209.26	49244.5
1208.33	48956.3
1207.4	49549.5
1206.47	49089.3
1205.54	49521.2
1204.6	48910.8
1203.67	48966.5
1202.74	48925.6
1201.81	49045.8
1200.88	49273.2
1199.95	49060.6
1199.02	49030.4
1198.08	49053.9
1197.15	49141.7
1196.22	48425.1
1195.29	48813.3
1194.35	49040.5
1193.42	48828.1
1192.49	48722.9
1191.56	48960.7
1190.62	48684.2
1189.69	48289.9
1188.75	48388.4
1187.82	48422.6
1186.89	48446.2
1185.95	48148.5
1185.02	48396.8
1184.08	48377.5
1183.15	48754.1
1182.21	48413.8
1181.28	48490.7
1180.34	48642.5
1179.41	48174.1
1178.47	48400.7
1177.54	48328
1176.6	48362.1
1175.67	48449.7
1174.73	48483.8
1173.79	47706.2
1172.86	48114.2
1171.92	47828
1170.98	48225.1
1170.05	48024.5
1169.11	47887.9
1168.17	47836.7
1167.23	47689.5
1166.3	47723.6
1165.36	47949.7
1164.42	48058.5
1163.48	48081.9
1162.54	47924.1
1161.61	48309.8
1160.67	47715.3
1159.73	47547
1158.79	47879.3
1157.85	47210.7
1156.91	47638.7
1155.97	47704.7
1155.03	47792
1154.09	47549.4
1153.15	47892
1152.21	47234.6
1151.27	47321.9
1150.33	47568.7
1149.39	47166.9
1148.45	46999
1147.51	47128.8
1146.57	47545.4
1145.62	47738.7
1144.68	47592.1
1143.74	47116.4
1142.8	46959.4
1141.86	47534.8
1140.92	46868.3
1139.97	47878.7
1139.03	46989.5
1138.09	47214.5
1137.14	47227.3
1136.2	47346.1
1135.26	47433.1
1134.31	47382.2
1133.37	46981.6
1132.43	46941.5
1131.48	47589.9
1130.54	47051.8
1129.6	47244.6
1128.65	46833.8
1127.71	46952.5
1126.76	46965.3
1125.82	46872.2
1124.87	46990.8
1123.93	46591
1122.98	46635.6
1122.04	46891.6
1121.09	46428.6
1120.14	46748
1119.2	46972.2
1118.25	46710.2
1117.31	46617.3
1116.36	46524.4
1115.41	46452.8
1114.46	46676.8
1113.52	46689.6
1112.57	46744.5
1111.62	46651.8
1110.68	46590.6
1109.73	46445.2
1108.78	46289.2
1107.83	46365.3
1106.88	46177.7
1105.93	45990.2
1104.99	46361.5
1104.04	46279.4
1103.09	46060.4
1102.14	45999.4
1101.19	45706.8
1100.24	45930.3
1099.29	46227.5
1098.34	45808.6
1097.39	45958.3
1096.44	45929
1095.49	45647.2
1094.54	45881
1093.59	46198.9
1092.64	46096
1091.69	45572.5
1090.74	46132
1089.78	46260.4
1088.83	45999.9
1087.88	45876.1
1086.93	45888.9
1085.98	45733.6
1085.03	45819.9
1084.07	45538.7
1083.12	45751
1082.17	45364.9
1081.21	45839.6
1080.26	45684.4
1079.31	45865.1
1078.36	45668.1
1077.4	45565.5
1076.45	45536.4
1075.49	45475.8
1074.54	45530.5
1073.59	45354.7
1072.63	45105.6
1071.68	45244.1
1070.72	45487.4
1069.77	45070.8
1068.81	45261.7
1067.86	45714.2
1066.9	44973.3
1065.95	45603.6
1064.99	44967.7
1064.03	44886.4
1063.08	45108.4
1062.12	44901.6
1061.16	45060.8
1060.21	45125.9
1059.25	45431.4
1058.29	45276.9
1057.34	44819.5
1056.38	45386
1055.42	44730.3
1054.46	44482.2
1053.51	44891.8
1052.55	44915
1051.59	45230.5
1050.63	44878
1049.67	44525.7
1048.71	44747.2
1047.76	44864.3
1046.8	44970.9
1045.84	44827.3
1044.88	44454.4
1043.92	44727.8
1042.96	44761.5
1042	44618
1041.04	44214.2
1040.08	44601.9
1039.12	44333.6
1038.16	44919
1037.2	44463.4
1036.24	44205.7
1035.27	44457.8
1034.31	44876.3
1033.35	44722.7
1032.39	44361
1031.43	44301.1
1030.47	44625.8
1029.5	44409.9
1028.54	44453.8
1027.58	44383.5
1026.62	44063.9
1025.65	44440.2
1024.69	43944.2
1023.73	43884.4
1022.76	44468.1
1021.8	44262.9
1020.84	44483.3
1019.87	44029.2
1018.91	43730.8
1017.94	43940.7
1016.98	43725.4
1016.02	44142.6
1015.05	44062.1
1014.09	43504.9
1013.12	44004.8
1012.16	44286.9
1011.19	44227.1
1010.22	43722.1
1009.26	43993.8
1008.29	43592.5
1007.33	43191.3
1006.36	43649.2
1005.39	43703.4
1004.43	44047.2
1003.46	43511.8
1002.49	43545.4
1001.53	43320.4
1000.56	43529.7
999.591	43687.2
998.623	43627.6
997.655	43371.8
996.687	43281.3
995.719	43077.3
994.75	43131.5
993.782	43227
992.813	43590.8
991.844	43376.5
990.875	43275.8
989.906	43525.9
988.936	43291.1
987.966	43200.8
986.997	43347.7
986.027	43174.9
985.056	43486.6
984.086	43159.3
983.115	43326.7
982.145	42906.8
981.174	42816.7
980.203	43210.5
979.232	43367.5
978.26	43256.7
977.289	43238.6
976.317	42952.9
975.345	43264.1
974.373	43256.3
973.4	42806.3
972.428	43035
971.455	42986.1
970.483	43276.5
969.51	43207
968.536	43075.9
967.563	43407.1
966.59	42937
965.616	43073.1
964.642	42921.5
963.668	42872.7
962.694	43049.7
961.719	42959.8
960.745	43075.2
959.77	42544.2
958.795	43018.6
957.82	43031.3
956.845	43218.3
955.869	43231
954.894	42762
953.918	42836.2
952.942	42849
951.966	42738.8
950.989	42485.2
950.013	42979.3
949.036	42930.6
948.059	42411
947.082	42761.5
946.105	42569.6
945.128	42756.3
944.15	42574.6
943.172	42935.1
942.194	42620.6
941.216	42295.9
940.238	42676.7
939.259	42352.1
938.281	42794.1
937.302	42459.4
936.323	42431.3
935.344	42607.4
934.364	42742.6
933.385	42132.6
932.405	42451.6
931.425	42311.2
930.445	41956.6
929.465	42112.2
928.485	42349.4
927.504	41811.4
926.523	41926.2
925.542	41979.8
924.561	42216.8
923.58	42035.9
922.598	42058.8
921.617	42265.1
920.635	42216.7
919.653	42066.5
918.671	42191.2
917.688	42173.4
916.706	41901.1
915.723	41913.9
914.74	41906.3
913.757	41908.8
912.774	41809.7
911.79	42290.2
910.807	41723.3
909.823	41797.1
908.839	41779.3
907.855	42198.5
906.87	41977.5
905.886	42030.8
904.901	41667.8
903.916	41751.6
902.931	41591.7
901.946	41624.8
900.961	41546.2
899.975	42157.5
898.989	41926.7
898.003	41635.1
897.017	41191.5
896.031	41680.8
895.044	41247.5
894.058	41827.8
893.071	41556.8
892.084	41204.7
891.097	41227.6
890.109	41412.6
889.122	41688.6
888.134	41559.5
887.146	41632.9
886.158	41534.3
885.17	41425.5
884.181	41610.2
883.193	41258.7
882.204	42040.1
881.215	41253.8
880.226	41610.3
879.236	40925.5
878.247	41352.6
877.257	41648.2
876.267	41701.2
875.277	41218.9
874.287	41696.2
873.296	41617.9
872.306	41701.2
871.315	41300
870.324	41635.5
869.333	41385.8
868.341	41348
867.35	41471.6
866.358	41423.7
865.366	41607.7
864.374	41983.2
863.382	41370.9
862.39	41181.9
861.397	41607.6
860.404	41177
859.411	41159.4
858.418	41262.7
857.425	40923
856.431	41328.2
855.438	41089.2
854.444	41373.5
853.45	41003.8
852.455	41509.3
851.461	40958.7
850.466	41383.6
849.472	40873.4
848.477	41026.7
847.481	41159.9
846.486	41303.1
845.491	41466.4
844.495	41087.2
843.499	40718.2
842.503	41182.7
841.507	41094.8
840.51	41498.8
839.514	40688.5
838.517	40610.9
837.52	41034.8
836.523	41057.4
835.526	40819.3
834.528	40851.9
833.53	41325.6
832.533	40947.2
831.534	40619.1
830.536	41152.7
829.538	40824.6
828.539	40887.3
827.54	41150.2
826.541	40782.3
825.542	41085.1
824.543	41147.6
823.543	40779.9
822.544	41172.6
821.544	40685
820.544	40647.6
819.544	40680.2
818.543	40832.7
817.543	40915.1
816.542	40857.7
815.541	40970.1
814.54	40742.9
813.538	40955.1
812.537	40738
811.535	41000.1
810.533	40463.6
809.531	40995
808.529	40378.9
807.526	40710.7
806.524	40912.7
805.521	40356.8
804.518	40379.3
803.515	40631.1
802.511	40613.7
801.508	40755.7
800.504	40568.9
799.5	40163.1
798.496	40584
797.492	40317.7
796.487	40260.5
795.483	40412.4
794.478	40614
793.473	40238.4
792.468	40738.4
791.462	40701.1
790.457	40097
789.451	40397.8
788.445	40509.7
787.439	40363.2
786.433	40644
785.426	40696.1
784.42	40539.7
783.413	40542.2
782.406	40564.5
781.399	40626.6
780.391	40450.4
779.384	40621.6
778.376	40435.6
777.368	40467.8
776.36	40222.4
775.351	40105.9
774.343	40465.4
773.334	40071.4
772.325	40391.1
771.316	40195.4
770.307	40376.3
769.297	40210.4
768.288	40212.9
767.278	40205.6
766.268	40178.4
765.258	40260.1
764.247	39916.2
763.237	40374
762.226	40218.2
761.215	40369
760.204	40668.2
759.193	40542.1
758.181	40228.2
757.17	40033
756.158	39788.5
755.146	39909.6
754.134	40010.9
753.121	40309.8
752.109	40193.8
751.096	39613.7
750.083	39961.8
749.07	39816.3
748.056	40006.4
747.043	40304.9
746.029	39616.8
745.015	40102.7
744.001	40065.7
742.987	39861.2
741.972	40060.8
740.958	39925.4
739.943	40056
738.928	40117.6
737.913	39706.3
736.897	40201.3
735.882	39819.7
734.866	39379.3
733.85	39568.9
732.834	39728.9
731.818	39446.1
730.801	39350.3
729.784	39539.8
728.767	39739
727.75	39879.2
726.733	39901.3
725.716	39599.1
724.698	39857.2
723.68	39584.6
722.662	39626.4
721.644	39805.7
720.626	39602
719.607	39604.5
718.588	39715
717.569	39639
716.55	39739.7
715.531	39585.2
714.511	39921.2
713.492	39678.5
712.472	39533.9
711.452	40163.8
710.432	39617.3
709.411	39512.1
708.39	39142.3
707.37	39615
706.349	39950.5
705.327	39727.8
704.306	39622.5
703.284	39585.9
702.263	39754.7
701.241	40011.6
700.219	39436.8
699.196	39625.2
698.174	39842.8
697.151	39718.1
696.128	39769.4
695.105	39439.5
694.082	39774.3
693.058	39815.8
692.035	39749.9
691.011	39635.1
689.987	40008.6
688.963	39679.1
687.938	39369.1
686.914	39303.3
685.889	39657.1
684.864	39405.9
683.839	39496.1
682.813	39635.1
681.788	39754.6
680.762	39913
679.736	39496.2
678.71	39732.6
677.684	39988.3
676.657	39425.7
675.631	39506
674.604	39625.3
673.577	39228.6
672.549	39425.7
671.522	39467.1
670.494	39382
669.466	39793.1
668.438	39912.2
667.41	39710.3
666.382	39576.5
665.353	39510.9
664.325	39911.8
663.296	39603.2
662.266	39450.1
661.237	39442.8
660.208	39639.5
659.178	39564.2
658.148	39508.3
657.118	39326.3
656.088	39639.3
655.057	39418.5
654.026	39430.6
652.996	39549.4
651.964	39765.2
650.933	39534.8
649.902	39750.5
648.87	39539.5
647.838	39299.6
646.806	39350.5
645.774	39653.2
644.742	39597.5
643.709	39222.1
642.676	39573.1
641.643	39769.1
640.61	39510.1
639.577	39483.4
638.543	39485.8
637.51	39778.3
636.476	39664.6
635.442	39686.2
634.407	39446.9
633.373	39690.9
632.338	39606.2
631.303	39879.1
630.268	39437
629.233	39323.4
628.197	39470.6
627.162	39810.9
626.126	39533.2
625.09	39332.9
624.054	39412.4
623.017	39656
621.981	39696.9
620.944	39216.9
619.907	39238.6
618.87	39269.8
617.832	39262.6
616.795	39852.8
615.757	39537.1
614.719	39616.5
613.681	39493.5
612.643	39457.3
611.604	39613.7
610.565	39192.4
609.526	39762.6
608.487	39216.3
607.448	39112.8
606.409	39269.1
605.369	39377.2
604.329	39062.2
603.289	39699.1
602.249	39778.3
601.208	39549.8
600.168	39571.3
599.127	39804.1
598.086	39585.4
597.044	39338
596.003	39513.1
594.961	39217.8
593.92	39805.6
592.878	39443.1
591.835	39052
590.793	39169.4
589.75	39852.7
588.708	39154.9
587.665	39262.7
586.621	39715.5
585.578	39583.5
584.535	39576.2
583.491	39674.2
582.447	39389
581.403	39669
580.358	39585
579.314	39108.6
578.269	39321.4
577.224	39639.5
576.179	39220.7
575.134	39443
574.088	39053.1
573.043	39457
571.997	39296.7
570.951	39337.2
569.904	39444.5
568.858	39332.1
567.811	38923.5
566.764	39327
565.717	39615.7
564.67	39169.1
563.623	39247.8
562.575	39622.3
561.527	39462.2
560.479	39311.7
559.431	39075.4
558.382	39325.7
557.334	39013.2
556.285	39196.6
555.236	39237
554.187	39401.2
553.137	39327.2
552.088	39367.5
551.038	39217.3
549.988	39486.2
548.938	39250.3
547.887	39490.5
546.837	38969.1
545.786	39171.2
544.735	39401.8
543.684	39147.1
542.633	39044.7
541.581	39332.2
540.529	39324.9
539.477	39098.9
538.425	39053.6
537.373	38675.7
536.32	39010.5
535.268	39031.7
534.215	39461.3
533.161	39311.5
532.108	38630.1
531.055	38983.6
530.001	39204.1
528.947	38817.3
527.893	39322.3
526.839	38973.5
525.784	39023.1
524.729	38816.7
523.674	39141.3
522.619	39039.2
521.564	39306.7
520.509	39062.5
519.453	38628.9
518.397	38536.5
517.341	38709.2
516.285	38711.4
515.228	38742.1
514.172	38886.2
513.115	38510
512.058	38502.8
511	38836.1
509.943	38497.8
508.885	38660.8
507.827	38464.5
506.769	38551.8
505.711	38327.3
504.653	38575.2
503.594	38539.7
502.535	38116.9
501.476	38383.6
500.417	38395.3
499.357	38614.7
498.298	38135.6
497.238	38392.6
496.178	38630.7
495.118	38359.4
494.057	38239.1
492.997	38269.6
491.936	38328.5
490.875	37812.3
489.813	38229.3
488.752	37920.7
487.69	38177.3
486.629	38226.7
485.567	37758.1
484.504	38137
483.442	38233.4
482.379	38122.8
481.316	38143.8
480.253	37967.4
479.19	38233
478.127	37708.7
477.063	38181.1
475.999	38249.1
474.935	38664.9
473.871	38075.1
472.807	38077.3
471.742	38032.6
470.677	38203.9
469.612	38168.6
468.547	38330.4
467.482	38069.8
466.416	38165.9
465.35	38233.8
464.284	38479.9
463.218	37797.4
462.152	38334.2
461.085	38298.9
460.018	38132.3
458.951	38200.2
457.884	38099.3
456.817	38120.2
455.749	38394.1
454.681	38283.9
453.613	38314.1
452.545	38531.6
451.477	38150
450.408	38311.3
449.339	38500.6
448.27	38306.3
447.201	38560.9
446.131	38207.7
445.062	38004.2
443.992	38212.1
442.922	38317
441.852	38496.7
440.781	38031.7
439.711	38211.4
438.64	38549.7
437.569	38393.1
436.498	38488.6
435.426	38322.7
434.355	38119.5
433.283	38177.6
432.211	38394.3
431.138	37855.5
430.066	38249.4
428.993	37925.2
427.921	37927.4
426.848	38283.7
425.774	38220.6
424.701	38287.9
423.627	38569.5
422.553	38171.1
421.479	38042.9
420.405	38231.2
419.331	38484.6
418.256	38300.6
417.181	38163.1
416.106	38332.7
415.031	38241.8
413.955	38271.7
412.88	38208.8
411.804	38136.5
410.728	38640.4
409.651	38140.7
408.575	38031.4
407.498	37922
406.421	38072.8
405.344	38464.8
404.267	37993.4
403.189	38329.7
402.112	38007
401.034	38092.6
399.956	38057.6
398.877	38106.1
397.799	37969.1
396.72	37999
395.641	37936.2
394.562	37929.1
393.483	38033.1
392.403	37794.3
391.324	37796.5
390.244	37761.6
389.164	38022.9
388.083	38173.1
387.003	38175.2
385.922	37899.7
384.841	37994.3
383.76	37691.1
382.678	38174.1
381.597	37695.4
380.515	37660.5
379.433	37727.4
378.351	37646.3
377.269	37602.3
376.186	37927.7
375.103	37440.3
374.02	37793.4
372.937	37453.9
371.854	37871.4
370.77	37762.7
369.686	38253.8
368.602	37683.9
367.518	37722.9
366.434	37734.2
365.349	37828.5
364.264	37572.5
363.179	38127.6
362.094	38000.6
361.008	38067.1
359.923	37875.7
358.837	38282.9
357.751	37815.3
356.664	37992.3
355.578	37856.3
354.491	38088.4
353.404	38035.2
352.317	37807.2
351.23	37947.2
350.142	38078
349.055	37703
347.967	37852.2
346.879	38322.9
345.79	38067.5
344.702	38244.1
343.613	38209.3
342.524	38165.3
341.435	38176.5
340.346	37930.6
339.256	38042.7
338.166	38044.7
337.076	38019.1
335.986	37929.4
334.896	37784.6
333.805	38098.4
332.714	37871.2
331.623	38029
330.532	37866
329.441	38307.8
328.349	38163.1
327.257	38082.6
326.165	38057.1
325.073	37958.3
323.981	38170.8
322.888	37815.8
321.795	37772.1
320.702	38048.5
319.609	37885.8
318.515	37979.2
317.421	37615.4
316.328	37562.6
315.233	37710.8
314.139	37694.6
313.045	37870.1
311.95	37771.6
310.855	37508.7
309.76	37912.5
308.664	37302.8
307.569	37624.3
306.473	37535
305.377	37546.2
304.281	37274.5
303.184	37367.8
302.088	37351.5
300.991	37207.7
299.894	37665.5
298.797	37740.4
297.699	37824.4
296.602	37243.2
295.504	37290.8
294.406	37657.1
293.307	37322.2
292.209	37287.8
291.11	37553.8
290.011	37046.1
288.912	37166.5
287.813	37732.5
286.713	37425.2
285.614	37127.1
284.514	37029.1
283.414	36967.6
282.313	36742.4
281.213	36971.7
280.112	37019.2
279.011	37221
277.91	37132.2
276.808	36807.4
275.707	37018.3
274.605	36802.5
273.503	36931.6
272.401	37351
271.298	37289.4
270.195	37373
269.093	37293.4
267.989	36941.8
266.886	37261.1
265.783	37217.8
264.679	37174.4
263.575	36959
262.471	37368.6
261.367	37062.7
260.262	37444.9
259.157	37293
258.052	37267.8
256.947	37233.5
255.842	37018.4
254.736	37716.8
253.63	37248.4
252.524	37340.8
251.418	37695.3
250.312	36928.9
249.205	37283.3
248.098	37149.7
246.991	37404.6
245.884	37216.9
244.776	37092.4
243.668	37085.3
242.56	37078.2
241.452	37161.4
240.344	36964.9
239.235	37093.1
238.127	36851.6
237.018	36979.8
235.908	36702.3
234.799	37100.9
233.689	36706.3
232.58	36717.3
231.47	37043.7
230.359	36865.5
229.249	37299.7
228.138	36869.4
227.027	36934.4
225.916	36954.3
224.805	36929.3
223.693	36805.3
222.582	36888.2
221.47	37142
220.357	36784.2
219.245	37226.7
218.133	37210.6
217.02	36853
215.907	36989.7
214.794	37180.3
213.68	37119.3
212.566	37112.2
211.453	37266.7
210.338	36963.4
209.224	36929.4
208.11	36895.5
206.995	36744.9
205.88	36648.2
204.765	36856.4
203.65	36956.9
202.534	36851.3
201.418	36181
200.302	36774.5
199.186	36776.4
198.07	36581.3
196.953	36726.5
195.836	36629.9
194.719	36739.3
193.602	36821.8
192.484	36734.2
191.367	36575.1
190.249	36908
189.131	36498.5
188.012	36545.2
186.894	36341.5
185.775	36423.9
184.656	36354.4
183.537	36284.9
182.417	36233.3
181.298	36003.1
180.178	36103.3
179.058	36292.8
177.938	36134.1
176.817	36100.5
175.696	35888.3
174.575	35640.6
173.454	35830
172.333	35626.9
171.211	35566.6
170.09	35836.1
168.968	35722.3
167.845	36000.6
166.723	35735.4
165.6	35505.8
164.478	35739.5
163.354	35670.3
162.231	35992.9
161.108	35736.7
159.984	35507.4
158.86	35758.6
157.736	35965.3
156.612	35415.8
155.487	35898.1
154.362	35846.8
153.237	35795.5
152.112	35797.5
150.987	35355.2
149.861	35943.7
148.735	36167.7
147.609	35947.6
146.483	35816.4
145.356	36058.1
144.229	35829.3
143.102	35813.6
141.975	36179.3
140.848	36367.5
139.72	36280.7
138.592	36220.6
137.464	36142.7
136.336	35993.9
135.208	35871.8
134.079	35483.9
132.95	35884.6
131.821	36019.4
130.692	35924
129.562	35846.2
128.432	35644.6
127.302	35593.5
126.172	35409.7
125.042	35429.5
123.911	35573
122.78	35460.1
121.649	35577
120.518	35552.5
119.386	35740.1
118.255	36219.2
117.123	35585
115.991	35834.3
114.858	35553.7
113.726	35158.3
112.593	35133.9
111.46	34827.1
110.327	34564.5
109.193	34152
108.06	33907.3
106.926	33062.9
105.791	32465.8
104.657	31269.4
103.523	29835.5
102.388	27767.7
101.253	25524.4
100.118	22269
98.9822	18944.4
97.8466	15365.7
96.7107	12387
95.5746	9629.57
94.4383	7929.23
93.3018	6634.28
92.165	5682.92
91.0281	5083.73
89.8909	4607.9
88.7535	4325.66
87.6159	4017.17
86.478	3858.2
85.34	3787.16
84.2017	3707.37
83.0632	3583.68
81.9245	3495.17
80.7856	3547.18
79.6464	3449.93
78.5071	3422.94
77.3675	3439.83
76.2277	3412.84
75.0876	3350.78
73.9474	3446.61
72.8069	3367.03
71.6662	3418.98
70.5253	3356.96
69.3842	3303.74
68.2428	3320.62
67.1012	3311.22
65.9594	3336.86
64.8174	3344.97
63.6752	3291.8
62.5327	3299.91
61.3901	3290.53
60.2472	3368.64
59.1041	3254.26
57.9607	3349.85
56.8172	3322.96
55.6734	3243.64
54.5294	3347.9
53.3852	3321.04
52.2407	3311.66
51.0961	3284.81
