Bruker Nano GmbH Berlin, Germany
Esprit 1.9

Date: 4/5/2021 6:25:16 PM
Real time: 30649
Life time: 29991
Pulse density: 11472


Detector type: XFlash 430
Window type: Custom type
Detector thickness: 0.45
Si dead layer:0.029

Calibration, lin.: 10.001
Calibration, abs.: -956.096
Mn FWHM: 143.572
Fano factor: 0.114
Channels: 4096

Energy Counts
-0.9561     0
-0.9461     0
-0.9361     0
-0.9261     0
-0.9161     0
-0.9061     0
-0.8961     0
-0.8861     0
-0.8761     0
-0.8661     0
-0.8561     0
-0.8461     0
-0.8361     0
-0.8261     0
-0.8161     0
-0.8061     0
-0.7961     0
-0.7861     0
-0.7761     0
-0.7661     0
-0.7561     0
-0.7461     0
-0.7361     0
-0.7261     0
-0.7161     0
-0.7061     0
-0.6961     0
-0.6861     0
-0.6761     0
-0.6661     0
-0.6561     0
-0.6461     0
-0.6361     0
-0.6261     0
-0.6161     0
-0.6061     0
-0.5961     0
-0.5861     0
-0.5761     0
-0.5661     0
-0.5561     0
-0.5461     0
-0.5361     0
-0.5261     0
-0.5161     0
-0.5061     0
 -0.496     0
 -0.486     0
 -0.476     0
 -0.466     0
 -0.456     0
 -0.446     0
 -0.436     0
 -0.426     0
 -0.416     0
 -0.406     0
 -0.396     0
 -0.386     0
 -0.376     0
 -0.366     0
 -0.356     0
 -0.346     0
 -0.336     0
 -0.326     0
 -0.316     0
 -0.306     0
 -0.296     0
 -0.286     0
 -0.276     0
 -0.266     0
 -0.256     0
 -0.246     0
 -0.236     0
 -0.226     0
 -0.216     1
 -0.206     0
 -0.196     3
 -0.186     2
 -0.176     0
 -0.166     1
 -0.156     0
 -0.146     0
 -0.136     7
 -0.126    23
 -0.116    76
 -0.106   212
 -0.096   582
 -0.086  1316
 -0.076  2778
 -0.066  5203
 -0.056  8964
 -0.046 14330
 -0.036 20607
 -0.026 27085
 -0.016 32322
 -0.006 35152
  0.004 35822
  0.014 32371
  0.024 27197
  0.034 20629
  0.044 14295
  0.054  9293
  0.064  5275
  0.074  2795
  0.084  1416
  0.094   615
  0.104   239
  0.114    72
  0.124    26
  0.134     9
  0.144     3
  0.154     2
  0.164     1
  0.174     0
  0.184     0
  0.194     1
  0.204     1
  0.214     0
  0.224     0
  0.234     1
  0.244     0
  0.254     0
  0.264    -1
  0.274    -1
  0.284     0
  0.294     1
  0.304     6
  0.314    30
  0.324    31
  0.334    30
  0.344    29
  0.354    34
  0.364    36
  0.374    19
  0.384    23
  0.394    31
  0.404    41
  0.414    28
  0.424    34
  0.434    36
  0.444    29
  0.454    24
  0.464    32
  0.474    35
  0.484    31
  0.494    31
 0.5041    30
 0.5141    16
 0.5241    29
 0.5341    21
 0.5441    28
 0.5541    26
 0.5641    31
 0.5741    34
 0.5841    15
 0.5941    29
 0.6041    26
 0.6141    23
 0.6241    22
 0.6341    23
 0.6441    23
 0.6541    22
 0.6641    20
 0.6741    22
 0.6841    28
 0.6941    25
 0.7041    20
 0.7141    19
 0.7241    17
 0.7341    28
 0.7441    23
 0.7541    24
 0.7641    33
 0.7741    18
 0.7841    17
 0.7941    19
 0.8041    20
 0.8141    21
 0.8241    20
 0.8341    25
 0.8441    17
 0.8541    24
 0.8641    20
 0.8741    23
 0.8841    24
 0.8941    30
 0.9041    21
 0.9141    13
 0.9241    16
 0.9341    30
 0.9441    21
 0.9541    24
 0.9641    22
 0.9741    16
 0.9841    20
 0.9941    21
 1.0041    19
 1.0141    17
 1.0241    25
 1.0341    29
 1.0441    17
 1.0541    23
 1.0641    21
 1.0741    17
 1.0841    25
 1.0941    20
 1.1041    21
 1.1141    19
 1.1241    25
 1.1341    19
 1.1441    24
 1.1541    24
 1.1641    22
 1.1741    26
 1.1841    26
 1.1941    16
 1.2041    21
 1.2141    22
 1.2241    20
 1.2341    24
 1.2441    26
 1.2541    17
 1.2641    21
 1.2741    25
 1.2841    22
 1.2941    21
 1.3041    22
 1.3141    26
 1.3241    28
 1.3341    23
 1.3441    21
 1.3541    20
 1.3641    15
 1.3741    19
 1.3841    21
 1.3941     9
 1.4041     6
 1.4141    19
 1.4241    17
 1.4341    17
 1.4441    11
 1.4541    18
 1.4641    17
 1.4741    19
 1.4841    27
 1.4941    24
 1.5042    21
 1.5142    23
 1.5242    26
 1.5342    23
 1.5442    17
 1.5542    18
 1.5642    21
 1.5742    28
 1.5842    25
 1.5942    24
 1.6042    26
 1.6142    11
 1.6242    16
 1.6342    13
 1.6442    15
 1.6542    17
 1.6642    23
 1.6742    30
 1.6842    24
 1.6942    30
 1.7042    19
 1.7142    25
 1.7242    21
 1.7342    20
 1.7442    17
 1.7542    14
 1.7642    21
 1.7742    18
 1.7842    16
 1.7942    13
 1.8042    13
 1.8142    16
 1.8242    16
 1.8342    17
 1.8442    14
 1.8542    14
 1.8642    15
 1.8742    23
 1.8842    18
 1.8942    16
 1.9042    13
 1.9142    12
 1.9242    11
 1.9342    12
 1.9442    15
 1.9542    14
 1.9642    18
 1.9742    12
 1.9842    18
 1.9942    21
 2.0042    16
 2.0142    15
 2.0242    10
 2.0342    11
 2.0442    18
 2.0542    18
 2.0642    17
 2.0742    10
 2.0842    18
 2.0942    18
 2.1042    16
 2.1142    15
 2.1242    15
 2.1342    13
 2.1442     9
 2.1542    16
 2.1642    12
 2.1742    15
 2.1842    26
 2.1942    40
 2.2042    37
 2.2142    58
 2.2242    93
 2.2342   131
 2.2442   190
 2.2542   219
 2.2642   289
 2.2742   338
 2.2842   364
 2.2942   390
 2.3042   444
 2.3142   447
 2.3242   435
 2.3342   398
 2.3442   334
 2.3542   307
 2.3642   250
 2.3742   172
 2.3842   152
 2.3942   109
 2.4042    86
 2.4142    66
 2.4242    63
 2.4342    61
 2.4442    53
 2.4542    64
 2.4642    57
 2.4742    50
 2.4842    53
 2.4942    59
 2.5043    52
 2.5143    39
 2.5243    29
 2.5343    30
 2.5443    21
 2.5543    24
 2.5643    20
 2.5743    18
 2.5843    19
 2.5943    24
 2.6043    17
 2.6143    19
 2.6243    21
 2.6343    23
 2.6443    30
 2.6543    28
 2.6643    42
 2.6743    52
 2.6843    51
 2.6943    47
 2.7043    52
 2.7143    59
 2.7243    70
 2.7343    72
 2.7443    89
 2.7543   102
 2.7643    99
 2.7743   113
 2.7843    92
 2.7943    91
 2.8043   111
 2.8143   105
 2.8243    99
 2.8343    85
 2.8443    98
 2.8543   124
 2.8643   122
 2.8743   125
 2.8843   179
 2.8943   219
 2.9043   246
 2.9143   290
 2.9243   346
 2.9343   381
 2.9443   419
 2.9543   424
 2.9643   422
 2.9743   421
 2.9843   429
 2.9943   440
 3.0043   387
 3.0143   399
 3.0243   429
 3.0343   516
 3.0443   662
 3.0543   817
 3.0643  1038
 3.0743  1376
 3.0843  1734
 3.0943  2097
 3.1043  2506
 3.1143  2756
 3.1243  2996
 3.1343  3135
 3.1443  3219
 3.1543  3120
 3.1643  2859
 3.1743  2610
 3.1843  2280
 3.1943  1854
 3.2043  1551
 3.2143  1246
 3.2243  1060
 3.2343   917
 3.2443   925
 3.2543   982
 3.2643  1100
 3.2743  1199
 3.2843  1397
 3.2943  1581
 3.3043  1699
 3.3143  1810
 3.3243  1850
 3.3343  1903
 3.3443  1885
 3.3543  1791
 3.3643  1652
 3.3743  1502
 3.3843  1386
 3.3943  1247
 3.4043  1070
 3.4143   932
 3.4243   801
 3.4343   750
 3.4443   651
 3.4543   574
 3.4643   496
 3.4743   507
 3.4843   485
 3.4943   468
 3.5044   447
 3.5144   439
 3.5244   478
 3.5344   487
 3.5444   460
 3.5544   441
 3.5644   401
 3.5744   371
 3.5844   331
 3.5944   272
 3.6044   246
 3.6144   199
 3.6244   181
 3.6344   165
 3.6444   148
 3.6544   145
 3.6644   149
 3.6744   153
 3.6844   172
 3.6944   204
 3.7044   208
 3.7144   188
 3.7244   183
 3.7344   182
 3.7444   164
 3.7544   138
 3.7644   132
 3.7744   104
 3.7844    98
 3.7944    77
 3.8044    64
 3.8144    51
 3.8244    44
 3.8344    29
 3.8444    25
 3.8544    33
 3.8644    35
 3.8744    39
 3.8844    43
 3.8944    51
 3.9044    64
 3.9144    75
 3.9244    67
 3.9344    83
 3.9444    77
 3.9544    83
 3.9644    84
 3.9744    77
 3.9844    85
 3.9944    77
 4.0044    59
 4.0144    51
 4.0244    45
 4.0344    36
 4.0444    36
 4.0544    24
 4.0644    17
 4.0744    21
 4.0844    21
 4.0944    10
 4.1044     9
 4.1144     9
 4.1244     9
 4.1344     5
 4.1444     5
 4.1544     5
 4.1644     6
 4.1744     4
 4.1844    10
 4.1944     6
 4.2044     5
 4.2144     2
 4.2244     5
 4.2344     6
 4.2444     6
 4.2544     7
 4.2644     6
 4.2744     5
 4.2844     7
 4.2944     8
 4.3044     7
 4.3144    11
 4.3244    11
 4.3344    10
 4.3444     8
 4.3544    10
 4.3644     7
 4.3744    10
 4.3844    11
 4.3944    14
 4.4044    14
 4.4144    11
 4.4244    14
 4.4344    11
 4.4444    18
 4.4544    22
 4.4644    25
 4.4744    19
 4.4844    19
 4.4944    16
 4.5045    29
 4.5145    27
 4.5245    29
 4.5345    33
 4.5445    25
 4.5545    23
 4.5645    24
 4.5745    19
 4.5845    14
 4.5945    11
 4.6045    15
 4.6145    17
 4.6245    13
 4.6345     9
 4.6445    22
 4.6545    14
 4.6645    12
 4.6745    10
 4.6845    14
 4.6945    17
 4.7045    17
 4.7145    17
 4.7245    15
 4.7345    15
 4.7445    16
 4.7545    14
 4.7645    19
 4.7745    18
 4.7845    20
 4.7945    23
 4.8045    16
 4.8145    15
 4.8245    16
 4.8345    16
 4.8445    17
 4.8545    19
 4.8645    19
 4.8745    21
 4.8845    25
 4.8945    27
 4.9045    30
 4.9145    28
 4.9245    24
 4.9345    23
 4.9445    19
 4.9545    23
 4.9645    21
 4.9745    25
 4.9845    22
 4.9945    17
 5.0045    22
 5.0145    22
 5.0245    19
 5.0345    18
 5.0445    20
 5.0545    23
 5.0645    24
 5.0745    18
 5.0845    13
 5.0945    15
 5.1045    21
 5.1145    25
 5.1245    23
 5.1345    15
 5.1445    14
 5.1545    18
 5.1645    16
 5.1745    19
 5.1845    24
 5.1945    15
 5.2045    18
 5.2145    20
 5.2245    15
 5.2345    16
 5.2445    23
 5.2545    27
 5.2645    22
 5.2745    23
 5.2845    21
 5.2945    27
 5.3045    29
 5.3145    28
 5.3245    31
 5.3345    34
 5.3445    22
 5.3545    29
 5.3645    25
 5.3745    30
 5.3845    33
 5.3945    26
 5.4045    23
 5.4145    34
 5.4245    38
 5.4345    43
 5.4445    31
 5.4545    35
 5.4645    37
 5.4745    36
 5.4845    27
 5.4945    31
 5.5046    26
 5.5146    39
 5.5246    34
 5.5346    38
 5.5446    39
 5.5546    26
 5.5646    31
 5.5746    35
 5.5846    28
 5.5946    27
 5.6046    41
 5.6146    31
 5.6246    34
 5.6346    37
 5.6446    34
 5.6546    31
 5.6646    31
 5.6746    41
 5.6846    51
 5.6946    37
 5.7046    36
 5.7146    42
 5.7246    38
 5.7346    46
 5.7446    44
 5.7546    60
 5.7646    52
 5.7746    46
 5.7846    44
 5.7946    40
 5.8046    33
 5.8146    33
 5.8246    34
 5.8346    34
 5.8446    38
 5.8546    35
 5.8646    48
 5.8746    43
 5.8846    30
 5.8946    32
 5.9046    26
 5.9146    30
 5.9246    34
 5.9346    39
 5.9446    33
 5.9546    29
 5.9646    34
 5.9746    28
 5.9846    33
 5.9946    35
 6.0046    35
 6.0146    39
 6.0246    34
 6.0346    27
 6.0446    37
 6.0546    39
 6.0646    47
 6.0746    36
 6.0846    39
 6.0946    36
 6.1046    33
 6.1146    39
 6.1246    35
 6.1346    38
 6.1446    43
 6.1546    43
 6.1646    37
 6.1746    40
 6.1846    41
 6.1946    44
 6.2046    49
 6.2146    51
 6.2246    52
 6.2346    56
 6.2446    43
 6.2546    51
 6.2646    42
 6.2746    44
 6.2846    37
 6.2946    45
 6.3046    58
 6.3146    56
 6.3246    72
 6.3346    63
 6.3446    48
 6.3546    56
 6.3646    66
 6.3746    53
 6.3846    67
 6.3946    74
 6.4046    73
 6.4146    76
 6.4246    69
 6.4346    72
 6.4446    74
 6.4546    81
 6.4646    83
 6.4746    84
 6.4846    63
 6.4946    64
 6.5047    70
 6.5147    79
 6.5247    74
 6.5347    68
 6.5447    73
 6.5547    72
 6.5647    73
 6.5747    71
 6.5847    68
 6.5947    63
 6.6047    59
 6.6147    79
 6.6247    65
 6.6347    51
 6.6447    62
 6.6547    77
 6.6647    52
 6.6747    61
 6.6847    58
 6.6947    70
 6.7047    65
 6.7147    70
 6.7247    62
 6.7347    63
 6.7447    63
 6.7547    60
 6.7647    67
 6.7747    63
 6.7847    58
 6.7947    60
 6.8047    64
 6.8147    63
 6.8247    59
 6.8347    54
 6.8447    60
 6.8547    63
 6.8647    55
 6.8747    54
 6.8847    67
 6.8947    59
 6.9047    59
 6.9147    56
 6.9247    68
 6.9347    63
 6.9447    60
 6.9547    55
 6.9647    68
 6.9747    63
 6.9847    64
 6.9947    63
 7.0047    67
 7.0147    65
 7.0247    57
 7.0347    64
 7.0447    54
 7.0547    67
 7.0647    74
 7.0747    66
 7.0847    70
 7.0947    69
 7.1047    72
 7.1147    64
 7.1247    65
 7.1347    66
 7.1447    64
 7.1547    67
 7.1647    70
 7.1747    69
 7.1847    68
 7.1947    66
 7.2047    60
 7.2147    59
 7.2247    59
 7.2347    78
 7.2447    72
 7.2547    74
 7.2647    60
 7.2747    64
 7.2847    68
 7.2947    64
 7.3047    65
 7.3147    62
 7.3247    65
 7.3347    69
 7.3447    68
 7.3547    63
 7.3647    70
 7.3747    73
 7.3847    63
 7.3947    66
 7.4047    80
 7.4147    74
 7.4247    60
 7.4347    67
 7.4447    70
 7.4547    74
 7.4647    65
 7.4747    76
 7.4847    81
 7.4947    83
 7.5048    77
 7.5148    65
 7.5248    73
 7.5348    60
 7.5448    57
 7.5548    74
 7.5648    62
 7.5748    58
 7.5848    58
 7.5948    54
 7.6048    60
 7.6148    77
 7.6248    77
 7.6348    66
 7.6448    69
 7.6548    83
 7.6648    78
 7.6748    80
 7.6848    86
 7.6948    78
 7.7048    85
 7.7148    85
 7.7248    82
 7.7348    76
 7.7448    83
 7.7548    92
 7.7648    91
 7.7748    99
 7.7848    97
 7.7948   111
 7.8048   102
 7.8148    77
 7.8248    91
 7.8348    96
 7.8448    98
 7.8548   105
 7.8648    99
 7.8748    96
 7.8848    93
 7.8948    92
 7.9048   109
 7.9148   103
 7.9248    88
 7.9348    89
 7.9448   100
 7.9548   102
 7.9648   109
 7.9748   108
 7.9848    99
 7.9948    95
 8.0048   104
 8.0148   111
 8.0248   103
 8.0348   106
 8.0448   117
 8.0548   115
 8.0648   118
 8.0748   115
 8.0848   110
 8.0948   113
 8.1048   121
 8.1148   125
 8.1248   121
 8.1348   115
 8.1448   117
 8.1548   114
 8.1648   114
 8.1748   135
 8.1848   125
 8.1948   114
 8.2048   120
 8.2148   118
 8.2248   124
 8.2348   128
 8.2448   125
 8.2548   128
 8.2648   138
 8.2748   142
 8.2848   134
 8.2948   123
 8.3048   123
 8.3148   116
 8.3248   113
 8.3348   124
 8.3448   127
 8.3548   118
 8.3648   125
 8.3748   128
 8.3848   115
 8.3948   109
 8.4048   118
 8.4148   132
 8.4248   127
 8.4348   120
 8.4448   120
 8.4548   133
 8.4648   127
 8.4748   122
 8.4848   129
 8.4948   121
 8.5049   120
 8.5149   132
 8.5249   127
 8.5349   115
 8.5449   119
 8.5549   131
 8.5649   122
 8.5749   107
 8.5849   112
 8.5949   105
 8.6049   101
 8.6149   112
 8.6249   108
 8.6349   106
 8.6449   104
 8.6549   102
 8.6649   103
 8.6749   108
 8.6849   109
 8.6949   106
 8.7049   109
 8.7149   109
 8.7249   102
 8.7349    89
 8.7449    89
 8.7549    97
 8.7649   104
 8.7749   105
 8.7849   100
 8.7949    94
 8.8049    99
 8.8149   104
 8.8249   101
 8.8349   102
 8.8449   109
 8.8549   100
 8.8649    94
 8.8749    99
 8.8849   102
 8.8949   105
 8.9049   108
 8.9149    99
 8.9249    87
 8.9349    92
 8.9449    97
 8.9549   103
 8.9649   110
 8.9749   109
 8.9849   100
 8.9949    98
 9.0049   107
 9.0149   103
 9.0249   105
 9.0349   105
 9.0449   111
 9.0549   115
 9.0649   112
 9.0749   121
 9.0849   123
 9.0949   127
 9.1049   116
 9.1149   108
 9.1249   122
 9.1349   124
 9.1449   113
 9.1549   112
 9.1649   119
 9.1749   122
 9.1849   117
 9.1949   126
 9.2049   115
 9.2149   113
 9.2249   125
 9.2349   124
 9.2449   124
 9.2549   106
 9.2649   109
 9.2749   119
 9.2849   123
 9.2949   130
 9.3049   131
 9.3149   129
 9.3249   130
 9.3349   124
 9.3449   118
 9.3549   115
 9.3649   112
 9.3749   125
 9.3849   128
 9.3949   121
 9.4049   122
 9.4149   141
 9.4249   144
 9.4349   135
 9.4449   131
 9.4549   118
 9.4649   122
 9.4749   118
 9.4849   127
 9.4949   125
  9.505   124
  9.515   130
  9.525   124
  9.535   121
  9.545   117
  9.555   124
  9.565   134
  9.575   130
  9.585   128
  9.595   125
  9.605   132
  9.615   145
  9.625   138
  9.635   129
  9.645   112
  9.655   121
  9.665   127
  9.675   117
  9.685   121
  9.695   117
  9.705   117
  9.715   122
  9.725   127
  9.735   115
  9.745   121
  9.755   138
  9.765   124
  9.775   127
  9.785   132
  9.795   126
  9.805   124
  9.815   118
  9.825   116
  9.835   132
  9.845   136
  9.855   130
  9.865   138
  9.875   135
  9.885   139
  9.895   136
  9.905   125
  9.915   135
  9.925   130
  9.935   125
  9.945   141
  9.955   128
  9.965   137
  9.975   148
  9.985   144
  9.995   145
 10.005   144
 10.015   141
 10.025   140
 10.035   127
 10.045   132
 10.055   130
 10.065   130
 10.075   139
 10.085   148
 10.095   150
 10.105   142
 10.115   135
 10.125   140
 10.135   156
 10.145   151
 10.155   143
 10.165   141
 10.175   139
 10.185   121
 10.195   117
 10.205   124
 10.215   135
 10.225   141
 10.235   143
 10.245   135
 10.255   138
 10.265   133
 10.275   142
 10.285   137
 10.295   148
 10.305   130
 10.315   131
 10.325   136
 10.335   132
 10.345   145
 10.355   137
 10.365   139
 10.375   136
 10.385   127
 10.395   131
 10.405   133
 10.415   137
 10.425   138
 10.435   134
 10.445   128
 10.455   139
 10.465   145
 10.475   135
 10.485   117
 10.495   145
10.5051   139
10.5151   138
10.5251   153
10.5351   143
10.5451   137
10.5551   142
10.5651   141
10.5751   126
10.5851   133
10.5951   140
10.6051   137
10.6151   121
10.6251   139
10.6351   145
10.6451   142
10.6551   152
10.6651   155
10.6751   145
10.6851   134
10.6951   132
10.7051   141
10.7151   151
10.7251   152
10.7351   140
10.7451   135
10.7551   140
10.7651   140
10.7751   132
10.7851   142
10.7951   133
10.8051   125
10.8151   142
10.8251   137
10.8351   135
10.8451   142
10.8551   136
10.8651   146
10.8751   154
10.8851   152
10.8951   149
10.9051   151
10.9151   141
10.9251   151
10.9351   138
10.9451   132
10.9551   142
10.9651   143
10.9751   150
10.9851   161
10.9951   130
11.0051   138
11.0151   132
11.0251   143
11.0351   149
11.0451   140
11.0551   134
11.0651   134
11.0751   144
11.0851   143
11.0951   157
11.1051   143
11.1151   148
11.1251   158
11.1351   159
11.1451   154
11.1551   154
11.1651   159
11.1751   159
11.1851   158
11.1951   146
11.2051   144
11.2151   154
11.2251   167
11.2351   154
11.2451   140
11.2551   141
11.2651   138
11.2751   138
11.2851   146
11.2951   157
11.3051   161
11.3151   152
11.3251   149
11.3351   159
11.3451   155
11.3551   137
11.3651   150
11.3751   133
11.3851   153
11.3951   135
11.4051   153
11.4151   156
11.4251   155
11.4351   141
11.4451   158
11.4551   161
11.4651   141
11.4751   131
11.4851   141
11.4951   126
11.5052   141
11.5152   136
11.5252   138
11.5352   135
11.5452   128
11.5552   143
11.5652   128
11.5752   138
11.5852   137
11.5952   140
11.6052   149
11.6152   170
11.6252   147
11.6352   143
11.6452   128
11.6552   131
11.6652   145
11.6752   144
11.6852   128
11.6952   144
11.7052   142
11.7152   143
11.7252   156
11.7352   150
11.7452   127
11.7552   130
11.7652   126
11.7752   131
11.7852   151
11.7952   133
11.8052   135
11.8152   127
11.8252   123
11.8352   143
11.8452   139
11.8552   129
11.8652   139
11.8752   153
11.8852   147
11.8952   137
11.9052   136
11.9152   130
11.9252   145
11.9352   156
11.9452   148
11.9552   148
11.9652   141
11.9752   157
11.9852   133
11.9952   119
12.0052   130
12.0152   125
12.0252   121
12.0352   137
12.0452   133
12.0552   131
12.0652   151
12.0752   136
12.0852   121
12.0952   148
12.1052   135
12.1152   127
12.1252   139
12.1352   147
12.1452   100
12.1552   127
12.1652   140
12.1752   134
12.1852   138
12.1952   131
12.2052   145
12.2152   133
12.2252   121
12.2352   136
12.2452   120
12.2552   120
12.2652   143
12.2752   125
12.2852   116
12.2952   125
12.3052   140
12.3152   138
12.3252   138
12.3352   138
12.3452   131
12.3552   138
12.3652   128
12.3752   146
12.3852   127
12.3952   137
12.4052   162
12.4152   138
12.4252   125
12.4352   130
12.4452   138
12.4552   145
12.4652   122
12.4752   128
12.4852   148
12.4952   122
12.5053   133
12.5153   130
12.5253   133
12.5353   128
12.5453   134
12.5553   139
12.5653   130
12.5753   148
12.5853   112
12.5953   136
12.6053   120
12.6153   147
12.6253   142
12.6353   134
12.6453   152
12.6553   138
12.6653   117
12.6753   131
12.6853   124
12.6953   142
12.7053   137
12.7153   139
12.7253   149
12.7353   140
12.7453   170
12.7553   138
12.7653   147
12.7753   135
12.7853   140
12.7953   116
12.8053   128
12.8153   131
12.8253   136
12.8353   130
12.8453   144
12.8553   134
12.8653   127
12.8753   120
12.8853   121
12.8953   131
12.9053   117
12.9153   116
12.9253   147
12.9353   125
12.9453   116
12.9553   143
12.9653   112
12.9753   131
12.9853   141
12.9953   111
13.0053   132
13.0153   133
13.0253   129
13.0353   141
13.0453   121
13.0553   128
13.0653   130
13.0753   142
13.0853   150
13.0953   142
13.1053   137
13.1153   142
13.1253   132
13.1353   100
13.1453   123
13.1553   127
13.1653   127
13.1753   119
13.1853   108
13.1953   123
13.2053   147
13.2153   112
13.2253   133
13.2353   129
13.2453   126
13.2553   129
13.2653   108
13.2753   131
13.2853   133
13.2953   120
13.3053   131
13.3153   127
13.3253   137
13.3353   134
13.3453   139
13.3553   111
13.3653   135
13.3753   111
13.3853   125
13.3953   124
13.4053   138
13.4153   119
13.4253   128
13.4353   116
13.4453   119
13.4553   138
13.4653   108
13.4753   149
13.4853   118
13.4953   125
13.5054   125
13.5154   125
13.5254   109
13.5354   144
13.5454   151
13.5554   125
13.5654   109
13.5754   116
13.5854   128
13.5954   129
13.6054   116
13.6154   120
13.6254   125
13.6354   127
13.6454   107
13.6554   125
13.6654   121
13.6754   128
13.6854   127
13.6954   131
13.7054   122
13.7154   135
13.7254   128
13.7354   123
13.7454   112
13.7554   128
13.7654   117
13.7754   121
13.7854   121
13.7954   125
13.8054   110
13.8154   116
13.8254   113
13.8354    89
13.8454   105
13.8554   125
13.8654   105
13.8754   122
13.8854   109
13.8954   124
13.9054   115
13.9154   122
13.9254   123
13.9354   104
13.9454   124
13.9554   131
13.9654   115
13.9754   128
13.9854   106
13.9954   118
14.0054   120
14.0154   121
14.0254   121
14.0354   122
14.0454   116
14.0554   117
14.0654   115
14.0754   120
14.0854   131
14.0954   109
14.1054   127
14.1154   109
14.1254   139
14.1354   140
14.1454   130
14.1554    92
14.1654   136
14.1754   120
14.1854   111
14.1954   120
14.2054   122
14.2154   126
14.2254   122
14.2354   117
14.2454   107
14.2554   113
14.2654   120
14.2754   144
14.2854   112
14.2954   129
14.3054   107
14.3154   123
14.3254   125
14.3354   108
14.3454   116
14.3554   106
14.3654   109
14.3754   113
14.3854   100
14.3954   110
14.4054   107
14.4154   128
14.4254   113
14.4354   102
14.4454   110
14.4554   103
14.4654   104
14.4754   107
14.4854   108
14.4954   116
14.5055   124
14.5155   105
14.5255   102
14.5355    91
14.5455   104
14.5555    92
14.5655   126
14.5755   106
14.5855   106
14.5955   127
14.6055    95
14.6155   107
14.6255   115
14.6355   109
14.6455   110
14.6555   121
14.6655   112
14.6755    98
14.6855    98
14.6955   104
14.7055   110
14.7155   102
14.7255    90
14.7355    84
14.7455   101
14.7555    97
14.7655   130
14.7755   101
14.7855   118
14.7955   107
14.8055    93
14.8155   100
14.8255   121
14.8355   104
14.8455    97
14.8555    96
14.8655    93
14.8755   110
14.8855   109
14.8955   117
14.9055    99
14.9155    92
14.9255    98
14.9355    99
14.9455   104
14.9555    92
14.9655   102
14.9755    97
14.9855    98
14.9955    99
15.0055    94
15.0155   104
15.0255    92
15.0355    91
15.0455   103
15.0555   101
15.0655   107
15.0755   109
15.0855    90
15.0955    84
15.1055   104
15.1155    84
15.1255    93
15.1355    97
15.1455    92
15.1555    93
15.1655    90
15.1755    99
15.1855   103
15.1955   104
15.2055    95
15.2155    89
15.2255    98
15.2355   113
15.2455   113
15.2555   109
15.2655   101
15.2755   106
15.2855    95
15.2955    91
15.3055   106
15.3155   100
15.3255    96
15.3355    86
15.3455    93
15.3555    95
15.3655    98
15.3755    97
15.3855    94
15.3955    93
15.4055   109
15.4155   107
15.4255    93
15.4355    90
15.4455    81
15.4555    97
15.4655   104
15.4755    92
15.4855    90
15.4955    85
15.5056    96
15.5156   105
15.5256    95
15.5356    86
15.5456    89
15.5556   107
15.5656   107
15.5756   102
15.5856   100
15.5956    96
15.6056    93
15.6156    79
15.6256    96
15.6356    98
15.6456    85
15.6556    90
15.6656    92
15.6756    91
15.6856    99
15.6956    99
15.7056    93
15.7156   101
15.7256   105
15.7356   100
15.7456    89
15.7556   113
15.7656   108
15.7756    99
15.7856    91
15.7956   109
15.8056   100
15.8156   102
15.8256    98
15.8356    97
15.8456    90
15.8556    88
15.8656    95
15.8756    96
15.8856    94
15.8956    92
15.9056    90
15.9156    84
15.9256    91
15.9356    88
15.9456    86
15.9556    85
15.9656    81
15.9756    81
15.9856    79
15.9956    99
16.0056    89
16.0156    83
16.0256    99
16.0356    93
16.0456    86
16.0556    96
16.0656    93
16.0756    90
16.0856    91
16.0956    93
16.1056    87
16.1156    89
16.1256    98
16.1356    85
16.1456    83
16.1556   102
16.1656    90
16.1756    98
16.1856    92
16.1956    91
16.2056    92
16.2156    93
16.2256    86
16.2356    97
16.2456    95
16.2556    87
16.2656    75
16.2756    94
16.2856    93
16.2956    87
16.3056    89
16.3156    98
16.3256    96
16.3356    96
16.3456    83
16.3556    87
16.3656    84
16.3756    86
16.3856    96
16.3956   107
16.4056   101
16.4156    89
16.4256    85
16.4356    92
16.4456    83
16.4556    90
16.4656    92
16.4756    84
16.4856    77
16.4956    89
16.5057    90
16.5157    78
16.5257    81
16.5357    82
16.5457    91
16.5557    84
16.5657    90
16.5757    87
16.5857    94
16.5957    95
16.6057    82
16.6157    86
16.6257    78
16.6357    75
16.6457    69
16.6557    74
16.6657    89
16.6757    85
16.6857    73
16.6957    81
16.7057    85
16.7157    73
16.7257    78
16.7357    90
16.7457    77
16.7557    81
16.7657    83
16.7757    80
16.7857    81
16.7957    84
16.8057    81
16.8157    87
16.8257    84
16.8357    90
16.8457    91
16.8557    90
16.8657    86
16.8757    85
16.8857    83
16.8957    74
16.9057    83
16.9157    85
16.9257    76
16.9357    71
16.9457    70
16.9557    78
16.9657    87
16.9757    80
16.9857    76
16.9957    81
17.0057    78
17.0157    78
17.0257    81
17.0357    84
17.0457    97
17.0557    88
17.0657    87
17.0757    84
17.0857    88
17.0957    73
17.1057    71
17.1157    75
17.1257    75
17.1357    75
17.1457    89
17.1557    98
17.1657    99
17.1757    91
17.1857    80
17.1957    79
17.2057    83
17.2157    75
17.2257    77
17.2357    85
17.2457    75
17.2557    69
17.2657    85
17.2757    97
17.2857    84
17.2957    79
17.3057    93
17.3157    86
17.3257    83
17.3357    81
17.3457    80
17.3557    83
17.3657    86
17.3757    82
17.3857    77
17.3957    79
17.4057    84
17.4157    87
17.4257    89
17.4357    75
17.4457    83
17.4557    82
17.4657    80
17.4757    81
17.4857    81
17.4957    89
17.5058    89
17.5158    93
17.5258    88
17.5358    88
17.5458    87
17.5558    86
17.5658    89
17.5758    88
17.5858    84
17.5958    92
17.6058    98
17.6158    89
17.6258    80
17.6358    88
17.6458    88
17.6558    87
17.6658    97
17.6758    97
17.6858    84
17.6958    83
17.7058    89
17.7158    87
17.7258    83
17.7358    90
17.7458    90
17.7558    76
17.7658    86
17.7758    94
17.7858    93
17.7958    82
17.8058    82
17.8158    96
17.8258   106
17.8358   105
17.8458    98
17.8558    82
17.8658    87
17.8758    90
17.8858    73
17.8958    75
17.9058    93
17.9158    99
17.9258    95
17.9358    90
17.9458    87
17.9558    90
17.9658    98
17.9758   103
17.9858    99
17.9958   101
18.0058   102
18.0158   100
18.0258   104
18.0358   102
18.0458    90
18.0558    93
18.0658    98
18.0758    96
18.0858   101
18.0958   111
18.1058   111
18.1158   103
18.1258   109
18.1358   120
18.1458   128
18.1558   123
18.1658   115
18.1758   114
18.1858   120
18.1958   125
18.2058   117
18.2158   101
18.2258   106
18.2358   121
18.2458   121
18.2558   123
18.2658   132
18.2758   123
18.2858   117
18.2958   126
18.3058   129
18.3158   136
18.3258   143
18.3358   151
18.3458   151
18.3558   142
18.3658   146
18.3758   156
18.3858   159
18.3958   158
18.4058   165
18.4158   168
18.4258   173
18.4358   176
18.4458   191
18.4558   196
18.4658   196
18.4758   202
18.4858   203
18.4958   209
18.5059   206
18.5159   224
18.5259   240
18.5359   236
18.5459   251
18.5559   263
18.5659   261
18.5759   268
18.5859   271
18.5959   277
18.6059   268
18.6159   274
18.6259   289
18.6359   284
18.6459   296
18.6559   309
18.6659   305
18.6759   299
18.6859   330
18.6959   344
18.7059   327
18.7159   338
18.7259   345
18.7359   345
18.7459   347
18.7559   337
18.7659   341
18.7759   352
18.7859   344
18.7959   321
18.8059   324
18.8159   342
18.8259   330
18.8359   333
18.8459   335
18.8559   314
18.8659   305
18.8759   322
18.8859   335
18.8959   334
18.9059   324
18.9159   294
18.9259   293
18.9359   284
18.9459   283
18.9559   318
18.9659   301
18.9759   270
18.9859   267
18.9959   266
19.0059   278
19.0159   276
19.0259   285
19.0359   275
19.0459   246
19.0559   244
19.0659   228
19.0759   229
19.0859   228
19.0959   207
19.1059   196
19.1159   199
19.1259   195
19.1359   189
19.1459   195
19.1559   181
19.1659   178
19.1759   173
19.1859   175
19.1959   175
19.2059   168
19.2159   161
19.2259   153
19.2359   138
19.2459   146
19.2559   161
19.2659   149
19.2759   141
19.2859   132
19.2959   124
19.3059   123
19.3159   121
19.3259   118
19.3359   119
19.3459   121
19.3559   121
19.3659   124
19.3759   110
19.3859    98
19.3959    98
19.4059    99
19.4159   106
19.4259   116
19.4359   107
19.4459   104
19.4559   101
19.4659    91
19.4759    89
19.4859    97
19.4959    89
 19.506    78
 19.516    88
 19.526    85
 19.536    85
 19.546    97
 19.556    95
 19.566    90
 19.576    91
 19.586    93
 19.596    80
 19.606    74
 19.616    80
 19.626    81
 19.636    75
 19.646    73
 19.656    78
 19.666    70
 19.676    79
 19.686    77
 19.696    68
 19.706    65
 19.716    72
 19.726    85
 19.736    78
 19.746    73
 19.756    78
 19.766    75
 19.776    70
 19.786    69
 19.796    74
 19.806    74
 19.816    80
 19.826    70
 19.836    69
 19.846    78
 19.856    77
 19.866    82
 19.876    80
 19.886    77
 19.896    82
 19.906    81
 19.916    82
 19.926    97
 19.936   101
 19.946   111
 19.956   128
 19.966   135
 19.976   139
 19.986   157
 19.996   168
 20.006   167
 20.016   173
 20.026   188
 20.036   211
 20.046   225
 20.056   235
 20.066   250
 20.076   274
 20.086   299
 20.096   300
 20.106   296
 20.116   302
 20.126   345
 20.136   357
 20.146   348
 20.156   368
 20.166   378
 20.176   360
 20.186   389
 20.196   394
 20.206   387
 20.216   373
 20.226   358
 20.236   362
 20.246   366
 20.256   352
 20.266   336
 20.276   333
 20.286   345
 20.296   341
 20.306   285
 20.316   262
 20.326   232
 20.336   207
 20.346   193
 20.356   186
 20.366   167
 20.376   154
 20.386   148
 20.396   133
 20.406   119
 20.416   118
 20.426   111
 20.436    88
 20.446    86
 20.456    86
 20.466    74
 20.476    68
 20.486    71
 20.496    65
20.5061    63
20.5161    38
20.5261    50
20.5361    70
20.5461    68
20.5561    64
20.5661    63
20.5761    66
20.5861    63
20.5961    60
20.6061    57
20.6161    49
20.6261    52
20.6361    62
20.6461    64
20.6561    66
20.6661    67
20.6761    69
20.6861    58
20.6961    61
20.7061    69
20.7161    64
20.7261    68
20.7361    76
20.7461    70
20.7561    73
20.7661    74
20.7761    78
20.7861    76
20.7961    76
20.8061    88
20.8161    93
20.8261    75
20.8361    81
20.8461    77
20.8561    70
20.8661    81
20.8761    80
20.8861    84
20.8961    95
20.9061    92
20.9161    87
20.9261    88
20.9361    95
20.9461    93
20.9561    90
20.9661    96
20.9761    88
20.9861    89
20.9961    84
21.0061    82
21.0161    79
21.0261    87
21.0361    97
21.0461    85
21.0561    85
21.0661    88
21.0761    88
21.0861    82
21.0961    93
21.1061    98
21.1161   105
21.1261    87
21.1361    82
21.1461    77
21.1561    78
21.1661    70
21.1761    74
21.1861    77
21.1961    70
21.2061    73
21.2161    76
21.2261    77
21.2361    82
21.2461    84
21.2561    76
21.2661    88
21.2761    76
21.2861    80
21.2961    75
21.3061    75
21.3161    74
21.3261    67
21.3361    75
21.3461    88
21.3561    64
21.3661    67
21.3761    56
21.3861    72
21.3961    62
21.4061    70
21.4161    72
21.4261    76
21.4361    62
21.4461    52
21.4561    50
21.4661    61
21.4761    58
21.4861    59
21.4961    51
21.5062    56
21.5162    55
21.5262    51
21.5362    50
21.5462    58
21.5562    50
21.5662    50
21.5762    53
21.5862    45
21.5962    52
21.6062    44
21.6162    51
21.6262    50
21.6362    45
21.6462    49
21.6562    51
21.6662    51
21.6762    35
21.6862    36
21.6962    35
21.7062    42
21.7162    41
21.7262    48
21.7362    54
21.7462    51
21.7562    56
21.7662    54
21.7762    45
21.7862    47
21.7962    42
21.8062    32
21.8162    31
21.8262    42
21.8362    37
21.8462    47
21.8562    44
21.8662    38
21.8762    38
21.8862    37
21.8962    40
21.9062    48
21.9162    38
21.9262    45
21.9362    35
21.9462    36
21.9562    40
21.9662    44
21.9762    38
21.9862    42
21.9962    41
22.0062    37
22.0162    42
22.0262    37
22.0362    41
22.0462    31
22.0562    33
22.0662    28
22.0762    32
22.0862    40
22.0962    30
22.1062    31
22.1162    35
22.1262    27
22.1362    25
22.1462    30
22.1562    30
22.1662    37
22.1762    30
22.1862    29
22.1962    34
22.2062    34
22.2162    31
22.2262    28
22.2362    33
22.2462    25
22.2562    26
22.2662    32
22.2762    40
22.2862    32
22.2962    31
22.3062    28
22.3162    29
22.3262    26
22.3362    33
22.3462    30
22.3562    28
22.3662    27
22.3762    26
22.3862    31
22.3962    25
22.4062    33
22.4162    22
22.4262    25
22.4362    32
22.4462    25
22.4562    27
22.4662    35
22.4762    34
22.4862    31
22.4962    30
22.5063    30
22.5163    30
22.5263    29
22.5363    35
22.5463    33
22.5563    30
22.5663    38
22.5763    38
22.5863    35
22.5963    36
22.6063    46
22.6163    51
22.6263    44
22.6363    40
22.6463    46
22.6563    45
22.6663    55
22.6763    49
22.6863    66
22.6963    68
22.7063    62
22.7163    73
22.7263    80
22.7363    84
22.7463    88
22.7563    85
22.7663    87
22.7763   106
22.7863   112
22.7963   125
22.8063   142
22.8163   162
22.8263   185
22.8363   219
22.8463   227
22.8563   284
22.8663   284
22.8763   282
22.8863   320
22.8963   398
22.9063   400
22.9163   446
22.9263   495
22.9363   502
22.9463   532
22.9563   568
22.9663   615
22.9763   721
22.9863   707
22.9963   703
23.0063   738
23.0163   836
23.0263   890
23.0363   861
23.0463   892
23.0563   973
23.0663   966
23.0763  1014
23.0863  1044
23.0963  1120
23.1063  1098
23.1163  1155
23.1263  1171
23.1363  1128
23.1463  1122
23.1563  1236
23.1663  1243
23.1763  1205
23.1863  1169
23.1963  1192
23.2063  1143
23.2163  1106
23.2263  1096
23.2363  1049
23.2463   995
23.2563   926
23.2663   916
23.2763   811
23.2863   785
23.2963   698
23.3063   719
23.3163   619
23.3263   532
23.3363   481
23.3463   424
23.3563   380
23.3663   388
23.3763   281
23.3863   240
23.3963   210
23.4063   172
23.4163   142
23.4263   147
23.4363   115
23.4463    93
23.4563    95
23.4663    69
23.4763    63
23.4863    62
23.4963    46
23.5064    37
23.5164    36
23.5264    23
23.5364    24
23.5464    29
23.5564    20
23.5664    22
23.5764    14
23.5864    15
23.5964    22
23.6064    12
23.6164    16
23.6264    17
23.6364    16
23.6464    21
23.6564    13
23.6664    18
23.6764    11
23.6864    23
23.6964    18
23.7064    13
23.7164    14
23.7264    20
23.7364    16
23.7464    14
23.7564    14
23.7664    15
23.7764     9
23.7864    19
23.7964    17
23.8064    14
23.8164    14
23.8264     9
23.8364    19
23.8464    12
23.8564    13
23.8664    11
23.8764    13
23.8864    11
23.8964    13
23.9064     8
23.9164     9
23.9264    14
23.9364    13
23.9464    11
23.9564    12
23.9664    19
23.9764     8
23.9864     9
23.9964    18
24.0064    15
24.0164     9
24.0264    10
24.0364    19
24.0464    10
24.0564    10
24.0664    12
24.0764    12
24.0864    18
24.0964     7
24.1064    14
24.1164    10
24.1264    17
24.1364    13
24.1464     7
24.1564    13
24.1664    10
24.1764    15
24.1864     4
24.1964     7
24.2064    13
24.2164    13
24.2264    13
24.2364    12
24.2464    14
24.2564     8
24.2664    20
24.2764    10
24.2864    10
24.2964    14
24.3064     5
24.3164    15
24.3264     8
24.3364     8
24.3464    11
24.3564     7
24.3664    12
24.3764    10
24.3864     7
24.3964     7
24.4064    12
24.4164     6
24.4264    14
24.4364     4
24.4464     6
24.4564    10
24.4664     6
24.4764    15
24.4864    10
24.4964     9
24.5065    11
24.5165     6
24.5265     9
24.5365     6
24.5465     8
24.5565     4
24.5665     6
24.5765     6
24.5865     7
24.5965     5
24.6065    11
24.6165    10
24.6265     9
24.6365     9
24.6465     8
24.6565     7
24.6665     5
24.6765     3
24.6865    10
24.6965     8
24.7065     9
24.7165     5
24.7265     2
24.7365    11
24.7465     4
24.7565     6
24.7665     5
24.7765     5
24.7865     6
24.7965     6
24.8065     4
24.8165     5
24.8265     7
24.8365     6
24.8465     5
24.8565     8
24.8665     2
24.8765     5
24.8865     5
24.8965     4
24.9065     7
24.9165     4
24.9265    10
24.9365    13
24.9465     6
24.9565     6
24.9665     4
24.9765     3
24.9865     2
24.9965     3
25.0065     6
25.0165     6
25.0265     4
25.0365     9
25.0465     8
25.0565     2
25.0665     6
25.0765     7
25.0865     5
25.0965     4
25.1065     6
25.1165     3
25.1265     5
25.1365     8
25.1465     6
25.1565     7
25.1665     6
25.1765     4
25.1865     2
25.1965     2
25.2065     9
25.2165     6
25.2265     5
25.2365     5
25.2465     6
25.2565     6
25.2665     5
25.2765     5
25.2865     5
25.2965     3
25.3065     4
25.3165     5
25.3265     6
25.3365     5
25.3465     5
25.3565    10
25.3665     4
25.3765     5
25.3865     4
25.3965     5
25.4065     5
25.4165     4
25.4265     7
25.4365     4
25.4465     7
25.4565     9
25.4665     9
25.4765     3
25.4865     7
25.4965    10
25.5066     6
25.5166     5
25.5266     5
25.5366     6
25.5466     3
25.5566     9
25.5666     7
25.5766     5
25.5866     5
25.5966     4
25.6066     3
25.6166     8
25.6266     3
25.6366     5
25.6466     3
25.6566     9
25.6666     6
25.6766     6
25.6866     7
25.6966     7
25.7066     5
25.7166     3
25.7266     2
25.7366     4
25.7466     6
25.7566     5
25.7666     5
25.7766     7
25.7866     8
25.7966     9
25.8066    12
25.8166     9
25.8266     8
25.8366    11
25.8466    20
25.8566    25
25.8666    28
25.8766    29
25.8866    36
25.8966    35
25.9066    41
25.9166    57
25.9266    52
25.9366    51
25.9466    91
25.9566    92
25.9666   101
25.9766   100
25.9866   112
25.9966   120
26.0066   118
26.0166   135
26.0266   164
26.0366   167
26.0466   167
26.0566   189
26.0666   209
26.0766   200
26.0866   203
26.0966   205
26.1066   210
26.1166   213
26.1266   226
26.1366   190
26.1466   183
26.1566   177
26.1666   183
26.1766   172
26.1866   169
26.1966   150
26.2066   164
26.2166   134
26.2266   132
26.2366   112
26.2466   101
26.2566    85
26.2666    78
26.2766    67
26.2866    75
26.2966    67
26.3066    54
26.3166    55
26.3266    44
26.3366    37
26.3466    26
26.3566    29
26.3666    18
26.3766    13
26.3866    23
26.3966    16
26.4066    12
26.4166    12
26.4266    12
26.4366    12
26.4466    16
26.4566    12
26.4666    14
26.4766    11
26.4866    16
26.4966    23
26.5067    20
26.5167    17
26.5267    16
26.5367    16
26.5467    30
26.5567    33
26.5667    27
26.5767    30
26.5867    21
26.5967    27
26.6067    37
26.6167    37
26.6267    35
26.6367    46
26.6467    41
26.6567    51
26.6667    34
26.6767    30
26.6867    35
26.6967    38
26.7067    35
26.7167    41
26.7267    33
26.7367    36
26.7467    29
26.7567    21
26.7667    22
26.7767    27
26.7867    26
26.7967    19
26.8067    18
26.8167    17
26.8267    16
26.8367    18
26.8467    19
26.8567    10
26.8667     7
26.8767     5
26.8867     8
26.8967     8
26.9067     5
26.9167     6
26.9267     7
26.9367     6
26.9467     2
26.9567     3
26.9667     3
26.9767     2
26.9867     3
26.9967     3
27.0067     1
27.0167     1
27.0267     1
27.0367     0
27.0467     0
27.0567     0
27.0667     0
27.0767     1
27.0867     0
27.0967     1
27.1067     0
27.1167     0
27.1267     1
27.1367     1
27.1467     1
27.1567     1
27.1667     0
27.1767     0
27.1867     3
27.1967     2
27.2067     0
27.2167     1
27.2267     1
27.2367     0
27.2467     1
27.2567     1
27.2667     2
27.2767     1
27.2867     0
27.2967     1
27.3067     0
27.3167     0
27.3267     1
27.3367     0
27.3467     0
27.3567     1
27.3667     0
27.3767     0
27.3867     0
27.3967     1
27.4067     1
27.4167     0
27.4267     0
27.4367     0
27.4467     0
27.4567     1
27.4667     1
27.4767     2
27.4867     1
27.4967     0
27.5068     1
27.5168     0
27.5268     1
27.5368     1
27.5468     0
27.5568     1
27.5668     0
27.5768     1
27.5868     0
27.5968     1
27.6068     1
27.6168     0
27.6268     0
27.6368     0
27.6468     1
27.6568     0
27.6668     0
27.6768     0
27.6868     1
27.6968     1
27.7068     0
27.7168     0
27.7268     0
27.7368     0
27.7468     0
27.7568     1
27.7668     0
27.7768     1
27.7868     2
27.7968     2
27.8068     1
27.8168     0
27.8268     1
27.8368     1
27.8468     2
27.8568     1
27.8668     1
27.8768     1
27.8868     0
27.8968     0
27.9068     1
27.9168     1
27.9268     0
27.9368     0
27.9468     0
27.9568     1
27.9668     0
27.9768     0
27.9868     0
27.9968     0
28.0068     1
28.0168     0
28.0268     0
28.0368     0
28.0468     1
28.0568     1
28.0668     0
28.0768     0
28.0868     0
28.0968     0
28.1068     1
28.1168     1
28.1268     0
28.1368     1
28.1468     0
28.1568     0
28.1668     0
28.1768     1
28.1868     0
28.1968     0
28.2068     1
28.2168     1
28.2268     1
28.2368     0
28.2468     0
28.2568     0
28.2668     0
28.2768     0
28.2868     0
28.2968     0
28.3068     1
28.3168     1
28.3268     1
28.3368     0
28.3468     0
28.3568     2
28.3668     1
28.3768     0
28.3868     0
28.3968     1
28.4068     2
28.4168     1
28.4268     1
28.4368     1
28.4468     1
28.4568     0
28.4668     1
28.4768     1
28.4868     2
28.4968     1
28.5069     0
28.5169     1
28.5269     1
28.5369     1
28.5469     1
28.5569     2
28.5669     2
28.5769     1
28.5869     1
28.5969     0
28.6069     0
28.6169     1
28.6269     2
28.6369     1
28.6469     1
28.6569     0
28.6669     1
28.6769     1
28.6869     0
28.6969     1
28.7069     0
28.7169     0
28.7269     1
28.7369     1
28.7469     1
28.7569     0
28.7669     0
28.7769     1
28.7869     1
28.7969     2
28.8069     1
28.8169     0
28.8269     1
28.8369     3
28.8469     1
28.8569     1
28.8669     1
28.8769     0
28.8869     0
28.8969     1
28.9069     2
28.9169     1
28.9269     1
28.9369     1
28.9469     0
28.9569     1
28.9669     1
28.9769     1
28.9869     2
28.9969     1
29.0069     0
29.0169     0
29.0269     1
29.0369     0
29.0469     1
29.0569     0
29.0669     1
29.0769     2
29.0869     1
29.0969     1
29.1069     1
29.1169     0
29.1269     0
29.1369     1
29.1469     1
29.1569     1
29.1669     2
29.1769     1
29.1869     0
29.1969     0
29.2069     0
29.2169     1
29.2269     0
29.2369     1
29.2469     0
29.2569     1
29.2669     2
29.2769     1
29.2869     0
29.2969     0
29.3069     1
29.3169     3
29.3269     1
29.3369     0
29.3469     0
29.3569     2
29.3669     1
29.3769     1
29.3869     0
29.3969     0
29.4069     1
29.4169     2
29.4269     2
29.4369     1
29.4469     1
29.4569     0
29.4669     0
29.4769     1
29.4869     0
29.4969     0
 29.507     1
 29.517     0
 29.527     0
 29.537     0
 29.547     0
 29.557     0
 29.567     1
 29.577     0
 29.587     0
 29.597     1
 29.607     0
 29.617     0
 29.627     1
 29.637     2
 29.647     1
 29.657     0
 29.667     1
 29.677     1
 29.687     1
 29.697     0
 29.707     1
 29.717     0
 29.727     1
 29.737     1
 29.747     0
 29.757     1
 29.767     1
 29.777     0
 29.787     0
 29.797     0
 29.807     0
 29.817     0
 29.827     0
 29.837     0
 29.847     0
 29.857     0
 29.867     1
 29.877     0
 29.887     0
 29.897     1
 29.907     1
 29.917     0
 29.927     1
 29.937     1
 29.947     1
 29.957     1
 29.967     0
 29.977     1
 29.987     0
 29.997     0
 30.007     0
 30.017     0
 30.027     1
 30.037     1
 30.047     1
 30.057     0
 30.067     1
 30.077     1
 30.087     1
 30.097     0
 30.107     1
 30.117     0
 30.127     0
 30.137     2
 30.147     2
 30.157     0
 30.167     0
 30.177     0
 30.187     0
 30.197     1
 30.207     0
 30.217     1
 30.227     2
 30.237     1
 30.247     1
 30.257     0
 30.267     1
 30.277     0
 30.287     0
 30.297     0
 30.307     1
 30.317     1
 30.327     1
 30.337     1
 30.347     2
 30.357     1
 30.367     1
 30.377     0
 30.387     0
 30.397     0
 30.407     0
 30.417     1
 30.427     2
 30.437     1
 30.447     0
 30.457     0
 30.467     0
 30.477     0
 30.487     0
 30.497     0
30.5071     0
30.5171     1
30.5271     1
30.5371     2
30.5471     2
30.5571     1
30.5671     0
30.5771     0
30.5871     0
30.5971     1
30.6071     0
30.6171     1
30.6271     1
30.6371     0
30.6471     1
30.6571     0
30.6671     0
30.6771     1
30.6871     0
30.6971     0
30.7071     1
30.7171     2
30.7271     0
30.7371     0
30.7471     0
30.7571     1
30.7671     2
30.7771     1
30.7871     1
30.7971     0
30.8071     1
30.8171     0
30.8271     0
30.8371     1
30.8471     1
30.8571     0
30.8671     0
30.8771     0
30.8871     0
30.8971     1
30.9071     0
30.9171     1
30.9271     2
30.9371     1
30.9471     0
30.9571     0
30.9671     0
30.9771     0
30.9871     1
30.9971     0
31.0071     1
31.0171     1
31.0271     1
31.0371     2
31.0471     1
31.0571     2
31.0671     2
31.0771     1
31.0871     1
31.0971     0
31.1071     0
31.1171     0
31.1271     0
31.1371     0
31.1471     1
31.1571     2
31.1671     1
31.1771     2
31.1871     1
31.1971     2
31.2071     1
31.2171     1
31.2271     0
31.2371     1
31.2471     2
31.2571     1
31.2671     1
31.2771     1
31.2871     2
31.2971     1
31.3071     0
31.3171     1
31.3271     0
31.3371     0
31.3471     1
31.3571     0
31.3671     1
31.3771     1
31.3871     1
31.3971     0
31.4071     0
31.4171     0
31.4271     0
31.4371     1
31.4471     1
31.4571     2
31.4671     1
31.4771     1
31.4871     0
31.4971     1
31.5072     1
31.5172     0
31.5272     0
31.5372     1
31.5472     1
31.5572     0
31.5672     1
31.5772     0
31.5872     1
31.5972     1
31.6072     0
31.6172     0
31.6272     0
31.6372     0
31.6472     0
31.6572     0
31.6672     0
31.6772     0
31.6872     0
31.6972     0
31.7072     1
31.7172     1
31.7272     0
31.7372     0
31.7472     1
31.7572     0
31.7672     0
31.7772     0
31.7872     0
31.7972     1
31.8072     2
31.8172     1
31.8272     0
31.8372     0
31.8472     0
31.8572     1
31.8672     1
31.8772     0
31.8872     0
31.8972     0
31.9072     1
31.9172     1
31.9272     1
31.9372     1
31.9472     2
31.9572     1
31.9672     0
31.9772     0
31.9872     0
31.9972     0
32.0072     1
32.0172     0
32.0272     0
32.0372     0
32.0472     1
32.0572     0
32.0672     0
32.0772     0
32.0872     0
32.0972     1
32.1072     0
32.1172     0
32.1272     1
32.1372     0
32.1472     1
32.1572     0
32.1672     1
32.1772     1
32.1872     0
32.1972     1
32.2072     1
32.2172     0
32.2272     0
32.2372     1
32.2472     1
32.2572     1
32.2672     0
32.2772     0
32.2872     0
32.2972     1
32.3072     0
32.3172     1
32.3272     2
32.3372     1
32.3472     2
32.3572     1
32.3672     0
32.3772     1
32.3872     1
32.3972     1
32.4072     2
32.4172     1
32.4272     1
32.4372     0
32.4472     0
32.4572     0
32.4672     1
32.4772     1
32.4872     0
32.4972     0
32.5073     1
32.5173     1
32.5273     0
32.5373     1
32.5473     0
32.5573     0
32.5673     0
32.5773     0
32.5873     1
32.5973     3
32.6073     0
32.6173     0
32.6273     0
32.6373     0
32.6473     1
32.6573     0
32.6673     0
32.6773     1
32.6873     0
32.6973     2
32.7073     2
32.7173     0
32.7273     0
32.7373     0
32.7473     0
32.7573     1
32.7673     0
32.7773     0
32.7873     0
32.7973     0
32.8073     0
32.8173     1
32.8273     0
32.8373     0
32.8473     0
32.8573     1
32.8673     1
32.8773     1
32.8873     1
32.8973     0
32.9073     0
32.9173     0
32.9273     0
32.9373     0
32.9473     0
32.9573     1
32.9673     1
32.9773     0
32.9873     0
32.9973     0
33.0073     0
33.0173     1
33.0273     2
33.0373     1
33.0473     0
33.0573     0
33.0673     0
33.0773     0
33.0873     0
33.0973     1
33.1073     1
33.1173     1
33.1273     0
33.1373     0
33.1473     0
33.1573     0
33.1673     1
33.1773     0
33.1873     1
33.1973     0
33.2073     0
33.2173     1
33.2273     0
33.2373     1
33.2473     1
33.2573     1
33.2673     0
33.2773     1
33.2873     2
33.2973     1
33.3073     2
33.3173     1
33.3273     0
33.3373     0
33.3473     0
33.3573     0
33.3673     1
33.3773     0
33.3873     0
33.3973     1
33.4073     0
33.4173     1
33.4273     1
33.4373     0
33.4473     0
33.4573     0
33.4673     0
33.4773     1
33.4873     0
33.4973     1
33.5074     1
33.5174     0
33.5274     1
33.5374     0
33.5474     0
33.5574     0
33.5674     0
33.5774     0
33.5874     1
33.5974     0
33.6074     1
33.6174     0
33.6274     0
33.6374     0
33.6474     0
33.6574     0
33.6674     0
33.6774     0
33.6874     1
33.6974     0
33.7074     0
33.7174     1
33.7274     1
33.7374     1
33.7474     0
33.7574     1
33.7674     0
33.7774     0
33.7874     1
33.7974     1
33.8074     0
33.8174     0
33.8274     0
33.8374     0
33.8474     0
33.8574     0
33.8674     0
33.8774     1
33.8874     1
33.8974     0
33.9074     0
33.9174     1
33.9274     1
33.9374     1
33.9474     0
33.9574     1
33.9674     0
33.9774     1
33.9874     0
33.9974     1
34.0074     1
34.0174     0
34.0274     1
34.0374     0
34.0474     0
34.0574     0
34.0674     1
34.0774     0
34.0874     1
34.0974     0
34.1074     0
34.1174     0
34.1274     0
34.1374     1
34.1474     1
34.1574     0
34.1674     1
34.1774     0
34.1874     0
34.1974     0
34.2074     0
34.2174     0
34.2274     1
34.2374     0
34.2474     0
34.2574     0
34.2674     0
34.2774     1
34.2874     0
34.2974     0
34.3074     1
34.3174     0
34.3274     0
34.3374     0
34.3474     0
34.3574     0
34.3674     1
34.3774     0
34.3874     0
34.3974     0
34.4074     0
34.4174     0
34.4274     1
34.4374     0
34.4474     0
34.4574     1
34.4674     0
34.4774     1
34.4874     0
34.4974     0
34.5075     1
34.5175     1
34.5275     1
34.5375     0
34.5475     0
34.5575     1
34.5675     0
34.5775     0
34.5875     0
34.5975     0
34.6075     1
34.6175     1
34.6275     0
34.6375     0
34.6475     0
34.6575     0
34.6675     0
34.6775     1
34.6875     1
34.6975     0
34.7075     1
34.7175     0
34.7275     0
34.7375     0
34.7475     0
34.7575     0
34.7675     0
34.7775     0
34.7875     0
34.7975     0
34.8075     1
34.8175     0
34.8275     0
34.8375     0
34.8475     1
34.8575     0
34.8675     0
34.8775     0
34.8875     0
34.8975     1
34.9075     2
34.9175     1
34.9275     0
34.9375     1
34.9475     2
34.9575     1
34.9675     0
34.9775     0
34.9875     0
34.9975     0
35.0075     0
35.0175     1
35.0275     1
35.0375     0
35.0475     0
35.0575     0
35.0675     0
35.0775     0
35.0875     0
35.0975     0
35.1075     0
35.1175     0
35.1275     0
35.1375     1
35.1475     0
35.1575     1
35.1675     1
35.1775     1
35.1875     0
35.1975     0
35.2075     0
35.2175     0
35.2275     0
35.2375     0
35.2475     0
35.2575     1
35.2675     0
35.2775     0
35.2875     0
35.2975     0
35.3075     0
35.3175     0
35.3275     0
35.3375     0
35.3475     0
35.3575     0
35.3675     1
35.3775     0
35.3875     0
35.3975     0
35.4075     1
35.4175     2
35.4275     0
35.4375     0
35.4475     1
35.4575     0
35.4675     1
35.4775     0
35.4875     0
35.4975     0
35.5076     0
35.5176     0
35.5276     0
35.5376     0
35.5476     0
35.5576     1
35.5676     0
35.5776     0
35.5876     0
35.5976     0
35.6076     0
35.6176     0
35.6276     0
35.6376     1
35.6476     0
35.6576     0
35.6676     0
35.6776     1
35.6876     0
35.6976     1
35.7076     0
35.7176     1
35.7276     0
35.7376     0
35.7476     0
35.7576     0
35.7676     0
35.7776     1
35.7876     0
35.7976     0
35.8076     0
35.8176     0
35.8276     0
35.8376     1
35.8476     1
35.8576     0
35.8676     1
35.8776     0
35.8876     0
35.8976     2
35.9076     2
35.9176     0
35.9276     0
35.9376     0
35.9476     0
35.9576     1
35.9676     0
35.9776     1
35.9876     1
35.9976     2
36.0076     1
36.0176     0
36.0276     1
36.0376     1
36.0476     0
36.0576     0
36.0676     0
36.0776     1
36.0876     1
36.0976     1
36.1076     0
36.1176     0
36.1276     1
36.1376     0
36.1476     0
36.1576     0
36.1676     0
36.1776     0
36.1876     1
36.1976     0
36.2076     0
36.2176     0
36.2276     0
36.2376     0
36.2476     0
36.2576     0
36.2676     0
36.2776     0
36.2876     0
36.2976     0
36.3076     0
36.3176     0
36.3276     0
36.3376     0
36.3476     0
36.3576     1
36.3676     0
36.3776     1
36.3876     0
36.3976     0
36.4076     0
36.4176     1
36.4276     0
36.4376     0
36.4476     0
36.4576     0
36.4676     0
36.4776     0
36.4876     1
36.4976     1
36.5077     0
36.5177     1
36.5277     0
36.5377     0
36.5477     0
36.5577     1
36.5677     1
36.5777     0
36.5877     1
36.5977     0
36.6077     0
36.6177     0
36.6277     0
36.6377     0
36.6477     0
36.6577     1
36.6677     1
36.6777     0
36.6877     0
36.6977     1
36.7077     0
36.7177     0
36.7277     0
36.7377     0
36.7477     0
36.7577     0
36.7677     0
36.7777     0
36.7877     1
36.7977     1
36.8077     0
36.8177     0
36.8277     1
36.8377     0
36.8477     1
36.8577     0
36.8677     0
36.8777     0
36.8877     0
36.8977     0
36.9077     0
36.9177     0
36.9277     0
36.9377     0
36.9477     0
36.9577     0
36.9677     0
36.9777     0
36.9877     0
36.9977     0
37.0077     0
37.0177     0
37.0277     0
37.0377     0
37.0477     0
37.0577     0
37.0677     0
37.0777     0
37.0877     0
37.0977     0
37.1077     0
37.1177     0
37.1277     0
37.1377     0
37.1477     0
37.1577     1
37.1677     0
37.1777     0
37.1877     0
37.1977     0
37.2077     0
37.2177     1
37.2277     0
37.2377     0
37.2477     0
37.2577     0
37.2677     0
37.2777     0
37.2877     1
37.2977     0
37.3077     0
37.3177     1
37.3277     0
37.3377     0
37.3477     0
37.3577     0
37.3677     0
37.3777     0
37.3877     0
37.3977     0
37.4077     0
37.4177     0
37.4277     1
37.4377     0
37.4477     0
37.4577     1
37.4677     0
37.4777     0
37.4877     0
37.4977     1
37.5078     0
37.5178     0
37.5278     0
37.5378     0
37.5478     0
37.5578     0
37.5678     0
37.5778     0
37.5878     0
37.5978     0
37.6078     0
37.6178     1
37.6278     0
37.6378     0
37.6478     1
37.6578     0
37.6678     0
37.6778     1
37.6878     0
37.6978     0
37.7078     0
37.7178     0
37.7278     0
37.7378     0
37.7478     0
37.7578     0
37.7678     0
37.7778     0
37.7878     0
37.7978     0
37.8078     0
37.8178     0
37.8278     0
37.8378     0
37.8478     0
37.8578     0
37.8678     0
37.8778     1
37.8878     0
37.8978     0
37.9078     1
37.9178     0
37.9278     1
37.9378     0
37.9478     0
37.9578     1
37.9678     0
37.9778     0
37.9878     0
37.9978     0
38.0078     0
38.0178     0
38.0278     0
38.0378     0
38.0478     0
38.0578     0
38.0678     0
38.0778     1
38.0878     0
38.0978     0
38.1078     1
38.1178     0
38.1278     0
38.1378     1
38.1478     0
38.1578     1
38.1678     0
38.1778     0
38.1878     0
38.1978     0
38.2078     0
38.2178     1
38.2278     0
38.2378     0
38.2478     0
38.2578     0
38.2678     0
38.2778     0
38.2878     0
38.2978     0
38.3078     0
38.3178     0
38.3278     1
38.3378     0
38.3478     0
38.3578     0
38.3678     0
38.3778     0
38.3878     0
38.3978     0
38.4078     1
38.4178     0
38.4278     0
38.4378     0
38.4478     1
38.4578     0
38.4678     0
38.4778     0
38.4878     0
38.4978     0
38.5079     0
38.5179     0
38.5279     0
38.5379     0
38.5479     0
38.5579     0
38.5679     0
38.5779     0
38.5879     0
38.5979     0
38.6079     1
38.6179     1
38.6279     0
38.6379     0
38.6479     0
38.6579     0
38.6679     0
38.6779     0
38.6879     0
38.6979     0
38.7079     0
38.7179     0
38.7279     0
38.7379     0
38.7479     0
38.7579     0
38.7679     0
38.7779     0
38.7879     0
38.7979     1
38.8079     0
38.8179     0
38.8279     0
38.8379     0
38.8479     0
38.8579     0
38.8679     0
38.8779     0
38.8879     0
38.8979     0
38.9079     0
38.9179     0
38.9279     0
38.9379     0
38.9479     1
38.9579     0
38.9679     0
38.9779     1
38.9879     1
38.9979     0
39.0079     0
39.0179     0
39.0279     1
39.0379     0
39.0479     0
39.0579     0
39.0679     0
39.0779     1
39.0879     0
39.0979     0
39.1079     0
39.1179     0
39.1279     0
39.1379     0
39.1479     0
39.1579     0
39.1679     0
39.1779     0
39.1879     0
39.1979     0
39.2079     0
39.2179     0
39.2279     1
39.2379     1
39.2479     1
39.2579     0
39.2679     0
39.2779     0
39.2879     0
39.2979     1
39.3079     1
39.3179     0
39.3279     0
39.3379     0
39.3479     0
39.3579     1
39.3679     0
39.3779     0
39.3879     1
39.3979     0
39.4079     0
39.4179     0
39.4279     1
39.4379     1
39.4479     1
39.4579     0
39.4679     0
39.4779     1
39.4879     0
39.4979     0
 39.508     1
 39.518     1
 39.528     0
 39.538     0
 39.548     1
 39.558     0
 39.568     0
 39.578     0
 39.588     0
 39.598     0
 39.608     0
 39.618     1
 39.628     0
 39.638     0
 39.648     0
 39.658     1
 39.668     0
 39.678     1
 39.688     0
 39.698     1
 39.708     0
 39.718     0
 39.728     1
 39.738     0
 39.748     0
 39.758     0
 39.768     0
 39.778     0
 39.788     0
 39.798     0
 39.808     0
 39.818     0
 39.828     0
 39.838     1
 39.848     0
 39.858     0
 39.868     0
 39.878     0
 39.888     0
 39.898     0
 39.908     0
 39.918     0
 39.928     0
 39.938     0
 39.948     0
 39.958     0
 39.968     0
 39.978     0
 39.988     0
 39.998     0
