-0.9561,       0
-0.9461,       0
-0.9361,       0
-0.9261,       0
-0.9161,       0
-0.9061,       0
-0.8961,       0
-0.8861,       0
-0.8761,       0
-0.8661,       0
-0.8561,       0
-0.8461,       0
-0.8361,       0
-0.8261,       0
-0.8161,       0
-0.8061,       0
-0.7961,       0
-0.7861,       0
-0.7761,       0
-0.7661,       0
-0.7561,       0
-0.7461,       0
-0.7361,       0
-0.7261,       0
-0.7161,       0
-0.7061,       0
-0.6961,       0
-0.6861,       0
-0.6761,       0
-0.6661,       0
-0.6561,       0
-0.6461,       0
-0.6361,       0
-0.6261,       0
-0.6161,       0
-0.6061,       0
-0.5961,       0
-0.5861,       0
-0.5761,       0
-0.5661,       0
-0.5561,       0
-0.5461,       0
-0.5361,       0
-0.5261,       0
-0.5161,       0
-0.5061,       0
-0.4960,       0
-0.4860,       0
-0.4760,       0
-0.4660,       0
-0.4560,       0
-0.4460,       0
-0.4360,       0
-0.4260,       0
-0.4160,       0
-0.4060,       0
-0.3960,       0
-0.3860,       0
-0.3760,       0
-0.3660,       0
-0.3560,       0
-0.3460,       0
-0.3360,       0
-0.3260,       0
-0.3160,       0
-0.3060,       0
-0.2960,       0
-0.2860,       0
-0.2760,       1
-0.2660,      -1
-0.2560,       1
-0.2460,       0
-0.2360,      -3
-0.2260,       0
-0.2160,       4
-0.2060,      -2
-0.1960,       2
-0.1860,       2
-0.1760,       6
-0.1660,       4
-0.1560,       3
-0.1460,      -3
-0.1360,       2
-0.1260,      12
-0.1160,       4
-0.1060,      -1
-0.0960,      33
-0.0860,     -17
-0.0760,      10
-0.0660,     -29
-0.0560,      66
-0.0460,     -93
-0.0360,     105
-0.0260,     179
-0.0160,    -149
-0.0060,    -195
 0.0040,    -255
 0.0140,      40
 0.0240,     205
 0.0340,     192
 0.0440,     134
 0.0540,    -179
 0.0640,     -68
 0.0740,     125
 0.0840,     -17
 0.0940,      -4
 0.1040,      27
 0.1140,       5
 0.1240,      -6
 0.1340,      -1
 0.1440,       0
 0.1540,       0
 0.1640,       1
 0.1740,       1
 0.1840,       0
 0.1940,       1
 0.2040,       0
 0.2140,       1
 0.2240,       1
 0.2340,       0
 0.2440,      -1
 0.2540,       0
 0.2640,       0
 0.2740,       0
 0.2840,       0
 0.2940,       0
 0.3040,      -9
 0.3140,     -21
 0.3240,     -14
 0.3340,      -9
 0.3440,     -15
 0.3540,     -10
 0.3640,      -1
 0.3740,     -27
 0.3840,     -34
 0.3940,      -8
 0.4040,     -15
 0.4140,     -19
 0.4240,      -3
 0.4340,     -25
 0.4440,     -17
 0.4540,     -18
 0.4640,     -11
 0.4740,     -14
 0.4840,     -30
 0.4940,     -26
 0.5041,     -24
 0.5141,      -2
 0.5241,     -20
 0.5341,     -16
 0.5441,     -21
 0.5541,     -20
 0.5641,     -25
 0.5741,     -19
 0.5841,     -14
 0.5941,     -10
 0.6041,     -11
 0.6141,     -12
 0.6241,      -9
 0.6341,     -14
 0.6441,     -14
 0.6541,     -18
 0.6641,      -9
 0.6741,     -24
 0.6841,     -11
 0.6941,     -29
 0.7041,     -20
 0.7141,      -7
 0.7241,      -3
 0.7341,     -15
 0.7441,      -7
 0.7541,     -22
 0.7641,     -10
 0.7741,     -12
 0.7841,     -18
 0.7941,     -15
 0.8041,     -16
 0.8141,     -15
 0.8241,     -10
 0.8341,      -8
 0.8441,     -11
 0.8541,     -11
 0.8641,     -14
 0.8741,     -11
 0.8841,     -23
 0.8941,     -12
 0.9041,     -19
 0.9141,      -4
 0.9241,     -11
 0.9341,     -27
 0.9441,     -18
 0.9541,     -28
 0.9641,     -10
 0.9741,     -17
 0.9841,     -20
 0.9941,     -11
 1.0041,     -17
 1.0141,     -11
 1.0241,     -21
 1.0341,     -11
 1.0441,      -9
 1.0541,     -14
 1.0641,     -16
 1.0741,     -21
 1.0841,      -7
 1.0941,     -14
 1.1041,     -13
 1.1141,     -15
 1.1241,     -13
 1.1341,     -21
 1.1441,      -8
 1.1541,       2
 1.1641,       1
 1.1741,     -15
 1.1841,      -4
 1.1941,     -10
 1.2041,      -7
 1.2141,     -14
 1.2241,     -12
 1.2341,     -15
 1.2441,      -6
 1.2541,      -7
 1.2641,      -4
 1.2741,     -15
 1.2841,     -24
 1.2941,      -9
 1.3041,     -14
 1.3141,      -6
 1.3241,      -9
 1.3341,       2
 1.3441,      -2
 1.3541,      -4
 1.3641,       1
 1.3741,      -1
 1.3841,     -11
 1.3941,     -19
 1.4041,       2
 1.4141,      -5
 1.4241,      -8
 1.4341,      -7
 1.4441,      -1
 1.4541,     -13
 1.4641,      -4
 1.4741,      -6
 1.4841,       5
 1.4941,     -11
 1.5042,      -9
 1.5142,     -10
 1.5242,     -12
 1.5342,      -1
 1.5442,     -11
 1.5542,      -9
 1.5642,      -1
 1.5742,      -2
 1.5842,      -5
 1.5942,       3
 1.6042,     -11
 1.6142,     -14
 1.6242,      -9
 1.6342,     -16
 1.6442,       4
 1.6542,      -8
 1.6642,      -7
 1.6742,      -8
 1.6842,       5
 1.6942,     -10
 1.7042,       2
 1.7142,      -3
 1.7242,       2
 1.7342,      -5
 1.7442,      -3
 1.7542,      -6
 1.7642,       4
 1.7742,      -5
 1.7842,      -1
 1.7942,     -11
 1.8042,      -7
 1.8142,      -7
 1.8242,       3
 1.8342,      -9
 1.8442,      -8
 1.8542,      -3
 1.8642,     -17
 1.8742,     -29
 1.8842,     -24
 1.8942,     -44
 1.9042,     -51
 1.9142,     -60
 1.9242,     -77
 1.9342,     -92
 1.9442,     -91
 1.9542,    -105
 1.9642,     -89
 1.9742,     -88
 1.9842,     -86
 1.9942,     -77
 2.0042,     -63
 2.0142,     -41
 2.0242,     -47
 2.0342,     -24
 2.0442,     -16
 2.0542,     -17
 2.0642,     -11
 2.0742,     -19
 2.0842,      12
 2.0942,       2
 2.1042,      -9
 2.1142,      -2
 2.1242,       3
 2.1342,      -9
 2.1442,      -3
 2.1542,       2
 2.1642,      -1
 2.1742,       2
 2.1842,       6
 2.1942,      -4
 2.2042,      -4
 2.2142,       1
 2.2242,      -7
 2.2342,      -1
 2.2442,       3
 2.2542,      -1
 2.2642,      -6
 2.2742,      20
 2.2842,      -8
 2.2942,      22
 2.3042,      22
 2.3142,      26
 2.3242,      22
 2.3342,      22
 2.3442,      29
 2.3542,      37
 2.3642,       0
 2.3742,      20
 2.3842,       5
 2.3942,      13
 2.4042,      13
 2.4142,      10
 2.4242,      10
 2.4342,       5
 2.4442,      14
 2.4542,     -10
 2.4642,       2
 2.4742,       3
 2.4842,       9
 2.4942,       1
 2.5043,       5
 2.5143,       1
 2.5243,       7
 2.5343,      13
 2.5443,       6
 2.5543,       3
 2.5643,      10
 2.5743,      -4
 2.5843,      -3
 2.5943,      14
 2.6043,       7
 2.6143,      15
 2.6243,       6
 2.6343,       8
 2.6443,       7
 2.6543,      -8
 2.6643,       7
 2.6743,       3
 2.6843,      11
 2.6943,      14
 2.7043,      24
 2.7143,      23
 2.7243,      24
 2.7343,      25
 2.7443,      24
 2.7543,      45
 2.7643,      42
 2.7743,      37
 2.7843,      30
 2.7943,      23
 2.8043,      25
 2.8143,      21
 2.8243,       3
 2.8343,     -16
 2.8443,      -7
 2.8543,       6
 2.8643,       4
 2.8743,     -36
 2.8843,      35
 2.8943,     -21
 2.9043,       7
 2.9143,     -28
 2.9243,      33
 2.9343,      25
 2.9443,      12
 2.9543,      43
 2.9643,      30
 2.9743,      14
 2.9843,      15
 2.9943,      68
 3.0043,      43
 3.0143,      35
 3.0243,      35
 3.0343,      54
 3.0443,      19
 3.0543,      -6
 3.0643,      -6
 3.0743,      17
 3.0843,       7
 3.0943,      -4
 3.1043,      25
 3.1143,       1
 3.1243,      15
 3.1343,       8
 3.1443,       2
 3.1543,      17
 3.1643,      14
 3.1743,      20
 3.1843,      14
 3.1943,      17
 3.2043,      25
 3.2143,      -8
 3.2243,      -8
 3.2343,       0
 3.2443,     -39
 3.2543,     -31
 3.2643,     -18
 3.2743,     -43
 3.2843,     -38
 3.2943,     -38
 3.3043,     -50
 3.3143,     -51
 3.3243,     -52
 3.3343,     -55
 3.3443,     -60
 3.3543,     -43
 3.3643,     -61
 3.3743,     -37
 3.3843,     -27
 3.3943,     -28
 3.4043,     -18
 3.4143,     -11
 3.4243,      -2
 3.4343,     -12
 3.4443,     -15
 3.4543,     -14
 3.4643,      -8
 3.4743,      -6
 3.4843,     -14
 3.4943,     -19
 3.5044,     -13
 3.5144,     -35
 3.5244,     -36
 3.5344,     -57
 3.5444,    -100
 3.5544,    -150
 3.5644,    -249
 3.5744,    -361
 3.5844,    -591
 3.5944,    -862
 3.6044,   -1252
 3.6144,   -1825
 3.6244,   -2502
 3.6344,   -3272
 3.6444,   -4035
 3.6544,   -5258
 3.6644,   -6194
 3.6744,   -7279
 3.6844,   -8139
 3.6944,   -8702
 3.7044,   -9102
 3.7144,   -8834
 3.7244,   -8604
 3.7344,   -7963
 3.7444,   -7219
 3.7544,   -6099
 3.7644,   -5096
 3.7744,   -4197
 3.7844,   -3196
 3.7944,   -2457
 3.8044,   -1676
 3.8144,   -1164
 3.8244,    -795
 3.8344,    -518
 3.8444,    -304
 3.8544,    -201
 3.8644,    -117
 3.8744,    -105
 3.8844,     -76
 3.8944,    -106
 3.9044,    -120
 3.9144,     -93
 3.9244,    -195
 3.9344,    -238
 3.9444,    -355
 3.9544,    -385
 3.9644,    -562
 3.9744,    -680
 3.9844,    -841
 3.9944,   -1034
 4.0044,   -1145
 4.0144,   -1184
 4.0244,   -1251
 4.0344,   -1260
 4.0444,   -1296
 4.0544,   -1171
 4.0644,    -975
 4.0744,    -936
 4.0844,    -818
 4.0944,    -664
 4.1044,    -484
 4.1144,    -380
 4.1244,    -325
 4.1344,    -219
 4.1444,    -149
 4.1544,     -90
 4.1644,     -41
 4.1744,     -25
 4.1844,     -15
 4.1944,       9
 4.2044,      11
 4.2144,      30
 4.2244,      27
 4.2344,      22
 4.2444,      29
 4.2544,      30
 4.2644,      73
 4.2744,      57
 4.2844,      52
 4.2944,      69
 4.3044,      81
 4.3144,     133
 4.3244,     130
 4.3344,     194
 4.3444,     187
 4.3544,     226
 4.3644,     297
 4.3744,     527
 4.3844,     629
 4.3944,     825
 4.4044,    1119
 4.4144,    1512
 4.4244,    1869
 4.4344,    2406
 4.4444,    2748
 4.4544,    3250
 4.4644,    3716
 4.4744,    4127
 4.4844,    4509
 4.4944,    4636
 4.5045,    4812
 4.5145,    4791
 4.5245,    4715
 4.5345,    4562
 4.5445,    3862
 4.5545,    3472
 4.5645,    3052
 4.5745,    2545
 4.5845,    2171
 4.5945,    1679
 4.6045,    1287
 4.6145,     898
 4.6245,     778
 4.6345,     424
 4.6445,     284
 4.6545,     301
 4.6645,     170
 4.6745,     133
 4.6845,     148
 4.6945,     106
 4.7045,     124
 4.7145,     134
 4.7245,     231
 4.7345,     264
 4.7445,     342
 4.7545,     461
 4.7645,     582
 4.7745,     736
 4.7845,     986
 4.7945,    1077
 4.8045,    1347
 4.8145,    1492
 4.8245,    1700
 4.8345,    1898
 4.8445,    1971
 4.8545,    2099
 4.8645,    1991
 4.8745,    2014
 4.8845,    1972
 4.8945,    1784
 4.9045,    1738
 4.9145,    1733
 4.9245,    1475
 4.9345,    1497
 4.9445,    1261
 4.9545,    1232
 4.9645,     996
 4.9745,     958
 4.9845,     897
 4.9945,     683
 5.0045,     702
 5.0145,     537
 5.0245,     419
 5.0345,     384
 5.0445,     290
 5.0545,     242
 5.0645,     216
 5.0745,     229
 5.0845,     208
 5.0945,     223
 5.1045,     250
 5.1145,     289
 5.1245,     348
 5.1345,     363
 5.1445,     432
 5.1545,     439
 5.1645,     460
 5.1745,     486
 5.1845,     455
 5.1945,     450
 5.2045,     424
 5.2145,     395
 5.2245,     335
 5.2345,     300
 5.2445,     264
 5.2545,     205
 5.2645,     178
 5.2745,     157
 5.2845,     103
 5.2945,      96
 5.3045,      83
 5.3145,      43
 5.3245,      55
 5.3345,      45
 5.3445,      33
 5.3545,      40
 5.3645,      17
 5.3745,      36
 5.3845,      31
 5.3945,      25
 5.4045,      23
 5.4145,      27
 5.4245,      56
 5.4345,      36
 5.4445,      58
 5.4545,      80
 5.4645,      82
 5.4745,      75
 5.4845,     115
 5.4945,     131
 5.5046,     158
 5.5146,     143
 5.5246,     193
 5.5346,     214
 5.5446,     203
 5.5546,     234
 5.5646,     190
 5.5746,     201
 5.5846,     214
 5.5946,     183
 5.6046,     152
 5.6146,     144
 5.6246,     123
 5.6346,      98
 5.6446,      98
 5.6546,      88
 5.6646,     107
 5.6746,      79
 5.6846,      81
 5.6946,      65
 5.7046,     112
 5.7146,     112
 5.7246,     136
 5.7346,     136
 5.7446,     151
 5.7546,     159
 5.7646,     185
 5.7746,     169
 5.7846,     183
 5.7946,     186
 5.8046,     143
 5.8146,     156
 5.8246,     168
 5.8346,     164
 5.8446,     123
 5.8546,     115
 5.8646,     111
 5.8746,      87
 5.8846,      71
 5.8946,      60
 5.9046,      75
 5.9146,      45
 5.9246,      50
 5.9346,      23
 5.9446,      19
 5.9546,      29
 5.9646,      12
 5.9746,      14
 5.9846,      36
 5.9946,      29
 6.0046,       9
 6.0146,      30
 6.0246,       4
 6.0346,       8
 6.0446,      23
 6.0546,      -2
 6.0646,       8
 6.0746,     -11
 6.0846,      -5
 6.0946,      -5
 6.1046,      -2
 6.1146,     -21
 6.1246,      16
 6.1346,       2
 6.1446,       9
 6.1546,     -15
 6.1646,     -20
 6.1746,     -31
 6.1846,     -16
 6.1946,     -27
 6.2046,     -13
 6.2146,     -25
 6.2246,     -18
 6.2346,     -25
 6.2446,     -45
 6.2546,     -38
 6.2646,     -32
 6.2746,     -32
 6.2846,     -57
 6.2946,     -42
 6.3046,     -88
 6.3146,    -104
 6.3246,    -125
 6.3346,    -167
 6.3446,    -203
 6.3546,    -222
 6.3646,    -247
 6.3746,    -293
 6.3846,    -336
 6.3946,    -333
 6.4046,    -364
 6.4146,    -350
 6.4246,    -360
 6.4346,    -384
 6.4446,    -343
 6.4546,    -337
 6.4646,    -294
 6.4746,    -252
 6.4846,    -203
 6.4946,    -161
 6.5047,    -118
 6.5147,    -120
 6.5247,     -84
 6.5347,     -93
 6.5447,     -36
 6.5547,     -36
 6.5647,      -9
 6.5747,       4
 6.5847,       8
 6.5947,      21
 6.6047,      40
 6.6147,      27
 6.6247,      -2
 6.6347,      12
 6.6447,       8
 6.6547,      53
 6.6647,      39
 6.6747,      21
 6.6847,      27
 6.6947,      20
 6.7047,      29
 6.7147,      51
 6.7247,      87
 6.7347,     115
 6.7447,     179
 6.7547,     169
 6.7647,     295
 6.7747,     454
 6.7847,     630
 6.7947,     925
 6.8047,    1304
 6.8147,    1796
 6.8247,    2420
 6.8347,    3096
 6.8447,    3905
 6.8547,    5055
 6.8647,    6181
 6.8747,    7379
 6.8847,    8683
 6.8947,    9832
 6.9047,   10867
 6.9147,   12034
 6.9247,   12653
 6.9347,   12962
 6.9447,   13512
 6.9547,   13405
 6.9647,   12663
 6.9747,   12294
 6.9847,   10962
 6.9947,    9815
 7.0047,    8641
 7.0147,    7480
 7.0247,    6147
 7.0347,    4944
 7.0447,    4061
 7.0547,    2951
 7.0647,    2367
 7.0747,    1696
 7.0847,    1235
 7.0947,     903
 7.1047,     578
 7.1147,     416
 7.1247,     240
 7.1347,     153
 7.1447,     131
 7.1547,      68
 7.1647,      68
 7.1747,      34
 7.1847,      52
 7.1947,      51
 7.2047,      26
 7.2147,      27
 7.2247,      54
 7.2347,      78
 7.2447,     105
 7.2547,     162
 7.2647,     151
 7.2747,     198
 7.2847,     315
 7.2947,     474
 7.3047,     664
 7.3147,     974
 7.3247,    1390
 7.3347,    2056
 7.3447,    2648
 7.3547,    3618
 7.3647,    4887
 7.3747,    6560
 7.3847,    8246
 7.3947,   10589
 7.4047,   12949
 7.4147,   15496
 7.4247,   18369
 7.4347,   20924
 7.4447,   23757
 7.4547,   26329
 7.4647,   27835
 7.4747,   29849
 7.4847,   30547
 7.4947,   30787
 7.5048,   30459
 7.5148,   29311
 7.5248,   27553
 7.5348,   25352
 7.5448,   23027
 7.5548,   20230
 7.5648,   17664
 7.5748,   14922
 7.5848,   12546
 7.5948,   10349
 7.6048,    8501
 7.6148,    6834
 7.6248,    5869
 7.6348,    4746
 7.6448,    4047
 7.6548,    3351
 7.6648,    3033
 7.6748,    2667
 7.6848,    2293
 7.6948,    2068
 7.7048,    1919
 7.7148,    1590
 7.7248,    1339
 7.7348,    1089
 7.7448,     998
 7.7548,     788
 7.7648,     607
 7.7748,     477
 7.7848,     351
 7.7948,     244
 7.8048,     194
 7.8148,     107
 7.8248,      82
 7.8348,      37
 7.8448,     -19
 7.8548,     -29
 7.8648,     -29
 7.8748,     -29
 7.8848,     -33
 7.8948,     -40
 7.9048,     -48
 7.9148,     -91
 7.9248,     -60
 7.9348,     -64
 7.9448,    -117
 7.9548,     -83
 7.9648,     -86
 7.9748,     -64
 7.9848,     -82
 7.9948,     -51
 8.0048,     -59
 8.0148,     -58
 8.0248,     -37
 8.0348,     -35
 8.0448,     -36
 8.0548,     -34
 8.0648,     -32
 8.0748,       9
 8.0848,      18
 8.0948,      57
 8.1048,      79
 8.1148,     158
 8.1248,     208
 8.1348,     377
 8.1448,     479
 8.1548,     600
 8.1648,     774
 8.1748,    1023
 8.1848,    1364
 8.1948,    1664
 8.2048,    2013
 8.2148,    2234
 8.2248,    2569
 8.2348,    2934
 8.2448,    3112
 8.2548,    3500
 8.2648,    3610
 8.2748,    3837
 8.2848,    3710
 8.2948,    3720
 8.3048,    3552
 8.3148,    3292
 8.3248,    3151
 8.3348,    2790
 8.3448,    2435
 8.3548,    1971
 8.3648,    1831
 8.3748,    1442
 8.3848,    1213
 8.3948,     940
 8.4048,     684
 8.4148,     548
 8.4248,     398
 8.4348,     295
 8.4448,     188
 8.4548,     178
 8.4648,     179
 8.4748,     303
 8.4848,     467
 8.4948,     591
 8.5049,     837
 8.5149,    1161
 8.5249,    1498
 8.5349,    2093
 8.5449,    2698
 8.5549,    3356
 8.5649,    4056
 8.5749,    4759
 8.5849,    5526
 8.5949,    6262
 8.6049,    7078
 8.6149,    7512
 8.6249,    8200
 8.6349,    8512
 8.6449,    8775
 8.6549,    8860
 8.6649,    8709
 8.6749,    8405
 8.6849,    7843
 8.6949,    7196
 8.7049,    6685
 8.7149,    5790
 8.7249,    5002
 8.7349,    4382
 8.7449,    3570
 8.7549,    2933
 8.7649,    2241
 8.7749,    1760
 8.7849,    1281
 8.7949,     845
 8.8049,     625
 8.8149,     379
 8.8249,     171
 8.8349,      72
 8.8449,     -25
 8.8549,     -99
 8.8649,    -182
 8.8749,    -183
 8.8849,    -213
 8.8949,    -194
 8.9049,    -215
 8.9149,    -257
 8.9249,    -247
 8.9349,    -253
 8.9449,    -245
 8.9549,    -287
 8.9649,    -226
 8.9749,    -238
 8.9849,    -218
 8.9949,    -251
 9.0049,    -273
 9.0149,    -292
 9.0249,    -254
 9.0349,    -242
 9.0449,    -255
 9.0549,    -263
 9.0649,    -291
 9.0749,    -248
 9.0849,    -256
 9.0949,    -281
 9.1049,    -298
 9.1149,    -266
 9.1249,    -280
 9.1349,    -233
 9.1449,    -257
 9.1549,    -310
 9.1649,    -285
 9.1749,    -340
 9.1849,    -280
 9.1949,    -282
 9.2049,    -265
 9.2149,    -270
 9.2249,    -282
 9.2349,    -330
 9.2449,    -254
 9.2549,    -289
 9.2649,    -314
 9.2749,    -309
 9.2849,    -286
 9.2949,    -276
 9.3049,    -299
 9.3149,    -270
 9.3249,    -316
 9.3349,    -305
 9.3449,    -252
 9.3549,    -229
 9.3649,    -300
 9.3749,    -286
 9.3849,    -194
 9.3949,    -251
 9.4049,    -230
 9.4149,    -217
 9.4249,    -201
 9.4349,    -149
 9.4449,    -142
 9.4549,     -78
 9.4649,      50
 9.4749,      43
 9.4849,     199
 9.4949,     250
 9.5050,     361
 9.5150,     415
 9.5250,     641
 9.5350,     698
 9.5450,     785
 9.5550,     813
 9.5650,     877
 9.5750,    1043
 9.5850,    1016
 9.5950,     925
 9.6050,     983
 9.6150,     932
 9.6250,     871
 9.6350,     809
 9.6450,     684
 9.6550,     522
 9.6650,     472
 9.6750,     348
 9.6850,     190
 9.6950,     205
 9.7050,      48
 9.7150,       6
 9.7250,     -99
 9.7350,    -205
 9.7450,    -215
 9.7550,    -260
 9.7650,    -269
 9.7750,    -306
 9.7850,    -321
 9.7950,    -337
 9.8050,    -323
 9.8150,    -356
 9.8250,    -350
 9.8350,    -388
 9.8450,    -407
 9.8550,    -340
 9.8650,    -389
 9.8750,    -387
 9.8850,    -414
 9.8950,    -421
 9.9050,    -387
 9.9150,    -389
 9.9250,    -394
 9.9350,    -390
 9.9450,    -366
 9.9550,    -401
 9.9650,    -374
 9.9750,    -394
 9.9850,    -400
 9.9950,    -401
10.0050,    -413
10.0150,    -415
10.0250,    -416
10.0350,    -421
10.0450,    -403
10.0550,    -400
10.0650,    -407
10.0750,    -392
10.0850,    -391
10.0950,    -360
10.1050,    -375
10.1150,    -431
10.1250,    -445
10.1350,    -420
10.1450,    -384
10.1550,    -410
10.1650,    -452
10.1750,    -420
10.1850,    -406
10.1950,    -389
10.2050,    -440
10.2150,    -451
10.2250,    -419
10.2350,    -426
10.2450,    -386
10.2550,    -428
10.2650,    -444
10.2750,    -403
10.2850,    -396
10.2950,    -462
10.3050,    -432
10.3150,    -458
10.3250,    -472
10.3350,    -412
10.3450,    -433
10.3550,    -455
10.3650,    -482
10.3750,    -407
10.3850,    -402
10.3950,    -430
10.4050,    -424
10.4150,    -443
10.4250,    -402
10.4350,    -489
10.4450,    -387
10.4550,    -453
10.4650,    -399
10.4750,    -434
10.4850,    -453
10.4950,    -422
10.5051,    -470
10.5151,    -388
10.5251,    -440
10.5351,    -502
10.5451,    -477
10.5551,    -442
10.5651,    -438
10.5751,    -494
10.5851,    -457
10.5951,    -421
10.6051,    -417
10.6151,    -444
10.6251,    -362
10.6351,    -463
10.6451,    -437
10.6551,    -464
10.6651,    -415
10.6751,    -437
10.6851,    -481
10.6951,    -472
10.7051,    -493
10.7151,    -489
10.7251,    -463
10.7351,    -466
10.7451,    -486
10.7551,    -430
10.7651,    -535
10.7751,    -495
10.7851,    -443
10.7951,    -444
10.8051,    -478
10.8151,    -476
10.8251,    -471
10.8351,    -496
10.8451,    -446
10.8551,    -445
10.8651,    -507
10.8751,    -462
10.8851,    -450
10.8951,    -430
10.9051,    -482
10.9151,    -463
10.9251,    -474
10.9351,    -498
10.9451,    -486
10.9551,    -420
10.9651,    -461
10.9751,    -521
10.9851,    -443
10.9951,    -509
11.0051,    -492
11.0151,    -426
11.0251,    -497
11.0351,    -497
11.0451,    -475
11.0551,    -451
11.0651,    -466
11.0751,    -524
11.0851,    -424
11.0951,    -456
11.1051,    -452
11.1151,    -466
11.1251,    -468
11.1351,    -471
11.1451,    -488
11.1551,    -483
11.1651,    -449
11.1751,    -491
11.1851,    -490
11.1951,    -529
11.2051,    -484
11.2151,    -464
11.2251,    -467
11.2351,    -454
11.2451,    -442
11.2551,    -470
11.2651,    -502
11.2751,    -500
11.2851,    -487
11.2951,    -456
11.3051,    -471
11.3151,    -490
11.3251,    -522
11.3351,    -474
11.3451,    -501
11.3551,    -517
11.3651,    -468
11.3751,    -468
11.3851,    -487
11.3951,    -459
11.4051,    -500
11.4151,    -428
11.4251,    -493
11.4351,    -454
11.4451,    -483
11.4551,    -462
11.4651,    -467
11.4751,    -491
11.4851,    -459
11.4951,    -496
11.5052,    -433
11.5152,    -483
11.5252,    -475
11.5352,    -508
11.5452,    -469
11.5552,    -471
11.5652,    -513
11.5752,    -535
11.5852,    -457
11.5952,    -466
11.6052,    -508
11.6152,    -448
11.6252,    -493
11.6352,    -489
11.6452,    -511
11.6552,    -466
11.6652,    -490
11.6752,    -505
11.6852,    -473
11.6952,    -461
11.7052,    -462
11.7152,    -465
11.7252,    -490
11.7352,    -446
11.7452,    -468
11.7552,    -475
11.7652,    -443
11.7752,    -467
11.7852,    -477
11.7952,    -461
11.8052,    -452
11.8152,    -499
11.8252,    -501
11.8352,    -507
11.8452,    -498
11.8552,    -471
11.8652,    -449
11.8752,    -440
11.8852,    -434
11.8952,    -443
11.9052,    -503
11.9152,    -466
11.9252,    -429
11.9352,    -396
11.9452,    -453
11.9552,    -446
11.9652,    -432
11.9752,    -441
11.9852,    -481
11.9952,    -474
12.0052,    -420
12.0152,    -460
12.0252,    -468
12.0352,    -494
12.0452,    -432
12.0552,    -454
12.0652,    -444
12.0752,    -414
12.0852,    -412
12.0952,    -395
12.1052,    -453
12.1152,    -424
12.1252,    -469
12.1352,    -484
12.1452,    -490
12.1552,    -501
12.1652,    -535
12.1752,    -427
12.1852,    -470
12.1952,    -475
12.2052,    -417
12.2152,    -477
12.2252,    -464
12.2352,    -451
12.2452,    -495
12.2552,    -480
12.2652,    -426
12.2752,    -484
12.2852,    -483
12.2952,    -473
12.3052,    -427
12.3152,    -446
12.3252,    -469
12.3352,    -467
12.3452,    -462
12.3552,    -449
12.3652,    -494
12.3752,    -443
12.3852,    -486
12.3952,    -476
12.4052,    -467
12.4152,    -509
12.4252,    -476
12.4352,    -470
12.4452,    -442
12.4552,    -398
12.4652,    -442
12.4752,    -485
12.4852,    -497
12.4952,    -469
12.5053,    -477
12.5153,    -465
12.5253,    -445
12.5353,    -444
12.5453,    -500
12.5553,    -452
12.5653,    -449
12.5753,    -441
12.5853,    -424
12.5953,    -477
12.6053,    -415
12.6153,    -437
12.6253,    -408
12.6353,    -385
12.6453,    -448
12.6553,    -452
12.6653,    -452
12.6753,    -426
12.6853,    -412
12.6953,    -411
12.7053,    -453
12.7153,    -499
12.7253,    -422
12.7353,    -483
12.7453,    -505
12.7553,    -407
12.7653,    -462
12.7753,    -424
12.7853,    -453
12.7953,    -419
12.8053,    -433
12.8153,    -415
12.8253,    -428
12.8353,    -373
12.8453,    -424
12.8553,    -424
12.8653,    -436
12.8753,    -479
12.8853,    -420
12.8953,    -447
12.9053,    -423
12.9153,    -457
12.9253,    -411
12.9353,    -422
12.9453,    -406
12.9553,    -492
12.9653,    -398
12.9753,    -445
12.9853,    -425
12.9953,    -441
13.0053,    -397
13.0153,    -422
13.0253,    -404
13.0353,    -436
13.0453,    -455
13.0553,    -407
13.0653,    -434
13.0753,    -407
13.0853,    -428
13.0953,    -405
13.1053,    -427
13.1153,    -400
13.1253,    -376
13.1353,    -389
13.1453,    -442
13.1553,    -446
13.1653,    -383
13.1753,    -370
13.1853,    -365
13.1953,    -377
13.2053,    -374
13.2153,    -413
13.2253,    -408
13.2353,    -392
13.2453,    -401
13.2553,    -405
13.2653,    -399
13.2753,    -415
13.2853,    -387
13.2953,    -387
13.3053,    -360
13.3153,    -443
13.3253,    -398
13.3353,    -481
13.3453,    -435
13.3553,    -390
13.3653,    -375
13.3753,    -379
13.3853,    -434
13.3953,    -426
13.4053,    -401
13.4153,    -437
13.4253,    -418
13.4353,    -398
13.4453,    -392
13.4553,    -453
13.4653,    -369
13.4753,    -321
13.4853,    -341
13.4953,    -441
13.5054,    -377
13.5154,    -389
13.5254,    -410
13.5354,    -354
13.5454,    -409
13.5554,    -407
13.5654,    -416
13.5754,    -413
13.5854,    -346
13.5954,    -405
13.6054,    -400
13.6154,    -373
13.6254,    -395
13.6354,    -369
13.6454,    -391
13.6554,    -392
13.6654,    -339
13.6754,    -408
13.6854,    -356
13.6954,    -350
13.7054,    -379
13.7154,    -376
13.7254,    -384
13.7354,    -350
13.7454,    -336
13.7554,    -364
13.7654,    -391
13.7754,    -366
13.7854,    -352
13.7954,    -366
13.8054,    -364
13.8154,    -302
13.8254,    -345
13.8354,    -358
13.8454,    -400
13.8554,    -337
13.8654,    -384
13.8754,    -348
13.8854,    -316
13.8954,    -301
13.9054,    -336
13.9154,    -381
13.9254,    -360
13.9354,    -362
13.9454,    -362
13.9554,    -357
13.9654,    -355
13.9754,    -371
13.9854,    -301
13.9954,    -327
14.0054,    -339
14.0154,    -309
14.0254,    -309
14.0354,    -290
14.0454,    -323
14.0554,    -330
14.0654,    -282
14.0754,    -312
14.0854,    -269
14.0954,    -300
14.1054,    -298
14.1154,    -285
14.1254,    -330
14.1354,    -221
14.1454,    -217
14.1554,    -275
14.1654,    -232
14.1754,    -231
14.1854,    -298
14.1954,    -263
14.2054,    -262
14.2154,    -322
14.2254,    -256
14.2354,    -264
14.2454,    -285
14.2554,    -263
14.2654,    -333
14.2754,    -294
14.2854,    -259
14.2954,    -268
14.3054,    -331
14.3154,    -278
14.3254,    -297
14.3354,    -263
14.3454,    -272
14.3554,    -337
14.3654,    -292
14.3754,    -255
14.3854,    -260
14.3954,    -340
14.4054,    -298
14.4154,    -307
14.4254,    -307
14.4354,    -300
14.4454,    -294
14.4554,    -302
14.4654,    -225
14.4754,    -296
14.4854,    -300
14.4954,    -258
14.5055,    -253
14.5155,    -277
14.5255,    -274
14.5355,    -273
14.5455,    -283
14.5555,    -299
14.5655,    -324
14.5755,    -274
14.5855,    -297
14.5955,    -300
14.6055,    -344
14.6155,    -296
14.6255,    -316
14.6355,    -270
14.6455,    -278
14.6555,    -325
14.6655,    -304
14.6755,    -250
14.6855,    -306
14.6955,    -281
14.7055,    -289
14.7155,    -273
14.7255,    -293
14.7355,    -281
14.7455,    -324
14.7555,    -270
14.7655,    -272
14.7755,    -270
14.7855,    -235
14.7955,    -288
14.8055,    -308
14.8155,    -267
14.8255,    -225
14.8355,    -260
14.8455,    -260
14.8555,    -267
14.8655,    -221
14.8755,    -255
14.8855,    -320
14.8955,    -230
14.9055,    -203
14.9155,    -268
14.9255,    -219
14.9355,    -228
14.9455,    -270
14.9555,    -215
14.9655,    -240
14.9755,    -228
14.9855,    -244
14.9955,    -270
15.0055,    -283
15.0155,    -224
15.0255,    -255
15.0355,    -252
15.0455,    -203
15.0555,    -216
15.0655,    -257
15.0755,    -233
15.0855,    -224
15.0955,    -194
15.1055,    -234
15.1155,    -226
15.1255,    -220
15.1355,    -235
15.1455,    -241
15.1555,    -262
15.1655,    -262
15.1755,    -245
15.1855,    -251
15.1955,    -208
15.2055,    -270
15.2155,    -224
15.2255,    -246
15.2355,    -221
15.2455,    -298
15.2555,    -246
15.2655,    -235
15.2755,    -267
15.2855,    -169
15.2955,    -212
15.3055,    -218
15.3155,    -201
15.3255,    -272
15.3355,    -219
15.3455,    -238
15.3555,    -245
15.3655,    -211
15.3755,    -224
15.3855,    -243
15.3955,    -237
15.4055,    -266
15.4155,    -187
15.4255,    -214
15.4355,    -248
15.4455,    -199
15.4555,    -243
15.4655,    -221
15.4755,    -249
15.4855,    -225
15.4955,    -222
15.5056,    -213
15.5156,    -208
15.5256,    -220
15.5356,    -186
15.5456,    -230
15.5556,    -203
15.5656,    -200
15.5756,    -224
15.5856,    -176
15.5956,    -176
15.6056,    -204
15.6156,    -225
15.6256,    -250
15.6356,    -229
15.6456,    -232
15.6556,    -195
15.6656,    -227
15.6756,    -228
15.6856,    -233
15.6956,    -185
15.7056,    -203
15.7156,    -182
15.7256,    -167
15.7356,    -203
15.7456,    -192
15.7556,    -207
15.7656,    -179
15.7756,    -144
15.7856,    -168
15.7956,    -148
15.8056,    -196
15.8156,    -183
15.8256,    -123
15.8356,    -163
15.8456,    -185
15.8556,    -183
15.8656,    -196
15.8756,    -171
15.8856,    -153
15.8956,    -178
15.9056,    -180
15.9156,    -190
15.9256,    -215
15.9356,    -216
15.9456,    -178
15.9556,    -229
15.9656,    -192
15.9756,    -153
15.9856,    -167
15.9956,    -204
16.0056,    -163
16.0156,    -211
16.0256,    -221
16.0356,    -144
16.0456,    -199
16.0556,    -167
16.0656,    -192
16.0756,    -159
16.0856,    -180
16.0956,    -170
16.1056,    -163
16.1156,    -174
16.1256,    -161
16.1356,    -171
16.1456,    -195
16.1556,    -144
16.1656,    -184
16.1756,    -199
16.1856,    -159
16.1956,    -155
16.2056,    -173
16.2156,    -176
16.2256,    -177
16.2356,    -145
16.2456,    -170
16.2556,    -162
16.2656,    -123
16.2756,    -158
16.2856,    -167
16.2956,    -159
16.3056,    -138
16.3156,    -202
16.3256,    -194
16.3356,    -129
16.3456,    -154
16.3556,    -158
16.3656,    -187
16.3756,    -139
16.3856,    -139
16.3956,    -196
16.4056,    -166
16.4156,    -189
16.4256,    -178
16.4356,    -160
16.4456,    -157
16.4556,    -148
16.4656,    -136
16.4756,    -185
16.4856,    -184
16.4956,    -183
16.5057,    -148
16.5157,    -190
16.5257,    -129
16.5357,    -174
16.5457,    -161
16.5557,    -154
16.5657,    -186
16.5757,    -136
16.5857,    -169
16.5957,    -153
16.6057,    -183
16.6157,    -155
16.6257,    -141
16.6357,    -176
16.6457,    -167
16.6557,    -121
16.6657,    -184
16.6757,    -186
16.6857,    -152
16.6957,    -143
16.7057,    -161
16.7157,    -147
16.7257,    -125
16.7357,    -149
16.7457,    -133
16.7557,    -168
16.7657,    -166
16.7757,    -107
16.7857,    -192
16.7957,    -142
16.8057,    -151
16.8157,    -150
16.8257,    -169
16.8357,    -125
16.8457,    -159
16.8557,    -117
16.8657,    -135
16.8757,    -188
16.8857,    -143
16.8957,    -152
16.9057,    -147
16.9157,    -154
16.9257,    -157
16.9357,    -121
16.9457,    -140
16.9557,    -189
16.9657,    -113
16.9757,    -133
16.9857,    -126
16.9957,    -113
17.0057,    -151
17.0157,    -139
17.0257,    -165
17.0357,    -102
17.0457,    -144
17.0557,    -134
17.0657,    -128
17.0757,    -146
17.0857,    -151
17.0957,    -131
17.1057,    -177
17.1157,    -107
17.1257,    -132
17.1357,    -160
17.1457,    -157
17.1557,    -119
17.1657,    -123
17.1757,    -126
17.1857,    -137
17.1957,    -106
17.2057,    -140
17.2157,    -131
17.2257,    -109
17.2357,    -160
17.2457,    -118
17.2557,    -163
17.2657,    -164
17.2757,    -161
17.2857,    -131
17.2957,    -160
17.3057,    -147
17.3157,    -158
17.3257,    -115
17.3357,    -115
17.3457,    -150
17.3557,    -178
17.3657,    -165
17.3757,    -143
17.3857,    -117
17.3957,    -146
17.4057,    -148
17.4157,    -125
17.4257,    -147
17.4357,    -156
17.4457,    -123
17.4557,    -124
17.4657,    -102
17.4757,    -133
17.4857,    -165
17.4957,    -150
17.5058,    -160
17.5158,    -158
17.5258,     -98
17.5358,    -152
17.5458,    -149
17.5558,    -156
17.5658,     -86
17.5758,    -165
17.5858,    -174
17.5958,     -70
17.6058,    -136
17.6158,    -119
17.6258,    -161
17.6358,    -122
17.6458,    -116
17.6558,    -112
17.6658,     -87
17.6758,    -122
17.6858,    -124
17.6958,    -110
17.7058,    -167
17.7158,    -132
17.7258,    -119
17.7358,    -165
17.7458,     -75
17.7558,    -158
17.7658,    -156
17.7758,    -115
17.7858,    -138
17.7958,    -159
17.8058,    -122
17.8158,    -105
17.8258,    -104
17.8358,    -102
17.8458,    -169
17.8558,    -106
17.8658,    -100
17.8758,    -103
17.8858,    -140
17.8958,    -168
17.9058,    -139
17.9158,    -153
17.9258,    -118
17.9358,    -137
17.9458,    -161
17.9558,    -115
17.9658,    -146
17.9758,    -157
17.9858,    -160
17.9958,    -135
18.0058,    -160
18.0158,    -113
18.0258,    -174
18.0358,    -115
18.0458,    -175
18.0558,    -137
18.0658,     -94
18.0758,    -173
18.0858,    -135
18.0958,    -138
18.1058,    -147
18.1158,    -119
18.1258,    -157
18.1358,    -123
18.1458,    -166
18.1558,    -144
18.1658,    -172
18.1758,    -168
18.1858,    -163
18.1958,    -133
18.2058,    -136
18.2158,    -168
18.2258,    -158
18.2358,    -168
18.2458,    -188
18.2558,    -201
18.2658,    -187
18.2758,    -170
18.2858,    -171
18.2958,    -226
18.3058,    -186
18.3158,    -198
18.3258,    -220
18.3358,    -193
18.3458,    -193
18.3558,    -162
18.3658,    -200
18.3758,    -223
18.3858,    -239
18.3958,    -287
18.4058,    -244
18.4158,    -241
18.4258,    -291
18.4358,    -268
18.4458,    -250
18.4558,    -318
18.4658,    -270
18.4758,    -326
18.4858,    -380
18.4958,    -348
18.5059,    -360
18.5159,    -373
18.5259,    -464
18.5359,    -427
18.5459,    -397
18.5559,    -374
18.5659,    -545
18.5759,    -475
18.5859,    -457
18.5959,    -476
18.6059,    -500
18.6159,    -546
18.6259,    -571
18.6359,    -579
18.6459,    -554
18.6559,    -553
18.6659,    -612
18.6759,    -682
18.6859,    -612
18.6959,    -657
18.7059,    -735
18.7159,    -673
18.7259,    -572
18.7359,    -649
18.7459,    -565
18.7559,    -695
18.7659,    -685
18.7759,    -642
18.7859,    -631
18.7959,    -662
18.8059,    -684
18.8159,    -679
18.8259,    -676
18.8359,    -630
18.8459,    -674
18.8559,    -762
18.8659,    -666
18.8759,    -738
18.8859,    -726
18.8959,    -671
18.9059,    -570
18.9159,    -711
18.9259,    -592
18.9359,    -641
18.9459,    -656
18.9559,    -569
18.9659,    -577
18.9759,    -579
18.9859,    -584
18.9959,    -476
19.0059,    -571
19.0159,    -477
19.0259,    -537
19.0359,    -446
19.0459,    -472
19.0559,    -468
19.0659,    -424
19.0759,    -370
19.0859,    -416
19.0959,    -381
19.1059,    -310
19.1159,    -330
19.1259,    -348
19.1359,    -373
19.1459,    -337
19.1559,    -296
19.1659,    -308
19.1759,    -289
19.1859,    -281
19.1959,    -264
19.2059,    -272
19.2159,    -218
19.2259,    -226
19.2359,    -248
19.2459,    -166
19.2559,    -204
19.2659,    -247
19.2759,    -226
19.2859,    -201
19.2959,    -136
19.3059,    -212
19.3159,    -192
19.3259,    -180
19.3359,    -162
19.3459,    -166
19.3559,    -165
19.3659,    -144
19.3759,    -147
19.3859,    -144
19.3959,    -109
19.4059,    -165
19.4159,    -157
19.4259,    -130
19.4359,    -151
19.4459,    -122
19.4559,    -107
19.4659,    -102
19.4759,    -103
19.4859,     -99
19.4959,    -114
19.5060,     -92
19.5160,     -82
19.5260,     -75
19.5360,    -101
19.5460,    -119
19.5560,     -82
19.5660,     -93
19.5760,    -135
19.5860,    -112
19.5960,    -101
19.6060,     -96
19.6160,     -70
19.6260,    -108
19.6360,     -67
19.6460,     -72
19.6560,     -88
19.6660,    -105
19.6760,     -73
19.6860,     -98
19.6960,    -106
19.7060,     -49
19.7160,     -92
19.7260,     -65
19.7360,     -86
19.7460,     -99
19.7560,     -68
19.7660,     -58
19.7760,     -45
19.7860,     -66
19.7960,     -62
19.8060,     -80
19.8160,     -41
19.8260,     -69
19.8360,     -67
19.8460,     -70
19.8560,     -40
19.8660,     -69
19.8760,     -76
19.8860,     -64
19.8960,     -51
19.9060,     -77
19.9160,     -53
19.9260,     -56
19.9360,     -53
19.9460,     -73
19.9560,    -112
19.9660,     -74
19.9760,     -51
19.9860,     -39
19.9960,     -79
20.0060,     -88
20.0160,     -79
20.0260,     -80
20.0360,    -128
20.0460,     -76
20.0560,     -45
20.0660,     -90
20.0760,     -75
20.0860,     -99
20.0960,     -84
20.1060,     -86
20.1160,     -98
20.1260,    -123
20.1360,     -92
20.1460,     -78
20.1560,     -92
20.1660,    -110
20.1760,     -79
20.1860,     -86
20.1960,    -122
20.2060,    -133
20.2160,    -132
20.2260,    -110
20.2360,     -98
20.2460,     -80
20.2560,    -110
20.2660,    -107
20.2760,     -89
20.2860,    -110
20.2960,     -75
20.3060,     -75
20.3160,     -81
20.3260,    -107
20.3360,     -83
20.3460,     -72
20.3560,     -74
20.3660,     -65
20.3760,     -60
20.3860,     -40
20.3960,     -68
20.4060,     -33
20.4160,     -86
20.4260,     -79
20.4360,     -55
20.4460,     -57
20.4560,     -21
20.4660,     -52
20.4760,     -61
20.4860,     -33
20.4960,     -52
20.5061,     -64
20.5161,     -36
20.5261,     -28
20.5361,     -34
20.5461,     -28
20.5561,     -62
20.5661,     -49
20.5761,     -55
20.5861,     -61
20.5961,     -36
20.6061,     -45
20.6161,     -23
20.6261,     -32
20.6361,     -62
20.6461,     -70
20.6561,     -45
20.6661,     -50
20.6761,     -62
20.6861,     -84
20.6961,     -79
20.7061,     -51
20.7161,     -66
20.7261,     -46
20.7361,     -49
20.7461,     -68
20.7561,     -62
20.7661,     -58
20.7761,     -48
20.7861,     -76
20.7961,     -66
20.8061,     -82
20.8161,     -47
20.8261,     -79
20.8361,     -74
20.8461,     -44
20.8561,     -94
20.8661,     -85
20.8761,     -45
20.8861,     -97
20.8961,    -101
20.9061,     -69
20.9161,     -69
20.9261,     -97
20.9361,     -47
20.9461,     -66
20.9561,     -89
20.9661,     -67
20.9761,     -55
20.9861,     -78
20.9961,    -108
21.0061,     -75
21.0161,    -105
21.0261,     -96
21.0361,     -75
21.0461,     -77
21.0561,     -65
21.0661,    -111
21.0761,     -99
21.0861,     -86
21.0961,     -68
21.1061,     -82
21.1161,     -82
21.1261,     -96
21.1361,     -89
21.1461,     -79
21.1561,    -106
21.1661,     -80
21.1761,     -75
21.1861,     -87
21.1961,     -27
21.2061,     -63
21.2161,     -57
21.2261,     -62
21.2361,     -72
21.2461,     -51
21.2561,     -66
21.2661,     -55
21.2761,     -51
21.2861,     -43
21.2961,     -66
21.3061,     -49
21.3161,     -57
21.3261,     -43
21.3361,     -59
21.3461,     -62
21.3561,     -42
21.3661,     -49
21.3761,     -51
21.3861,     -16
21.3961,     -22
21.4061,     -51
21.4161,     -40
21.4261,     -52
21.4361,     -38
21.4461,     -29
21.4561,     -48
21.4661,     -54
21.4761,     -58
21.4861,     -40
21.4961,     -23
21.5062,     -33
21.5162,     -31
21.5262,     -30
21.5362,     -55
21.5462,     -47
21.5562,     -28
21.5662,     -33
21.5762,     -33
21.5862,     -23
21.5962,     -20
21.6062,     -24
21.6162,     -10
21.6262,      -8
21.6362,     -27
21.6462,     -21
21.6562,       1
21.6662,     -38
21.6762,      -3
21.6862,      -4
21.6962,     -32
21.7062,     -23
21.7162,     -27
21.7262,     -18
21.7362,     -19
21.7462,     -36
21.7562,     -15
21.7662,     -25
21.7762,     -19
21.7862,     -20
21.7962,     -37
21.8062,     -13
21.8162,     -27
21.8262,     -14
21.8362,     -20
21.8462,     -21
21.8562,     -21
21.8662,      -4
21.8762,     -28
21.8862,     -10
21.8962,      -8
21.9062,     -17
21.9162,     -23
21.9262,     -25
21.9362,     -14
21.9462,     -14
21.9562,      -9
21.9662,       3
21.9762,     -28
21.9862,      -7
21.9962,     -25
22.0062,     -10
22.0162,     -11
22.0262,     -14
22.0362,      -5
22.0462,      -7
22.0562,     -30
22.0662,     -23
22.0762,     -17
22.0862,     -13
22.0962,     -13
22.1062,     -19
22.1162,     -13
22.1262,     -14
22.1362,     -22
22.1462,     -13
22.1562,     -17
22.1662,      -7
22.1762,     -18
22.1862,      -6
22.1962,     -14
22.2062,     -21
22.2162,     -20
22.2262,     -30
22.2362,      -4
22.2462,     -22
22.2562,     -10
22.2662,     -15
22.2762,     -11
22.2862,      -8
22.2962,     -11
22.3062,      -7
22.3162,     -22
22.3262,       3
22.3362,     -15
22.3462,     -15
22.3562,     -14
22.3662,     -18
22.3762,     -22
22.3862,      -2
22.3962,     -13
22.4062,      -1
22.4162,      -1
22.4262,     -20
22.4362,     -17
22.4462,      -4
22.4562,     -15
22.4662,     -22
22.4762,     -15
22.4862,      -7
22.4962,     -23
22.5063,      -8
22.5163,     -20
22.5263,      -8
22.5363,     -13
22.5463,     -18
22.5563,     -23
22.5663,      -9
22.5763,     -29
22.5863,     -17
22.5963,     -25
22.6063,      -7
22.6163,     -21
22.6263,     -21
22.6363,      -9
22.6463,     -12
22.6563,     -23
22.6663,      11
22.6763,       4
22.6863,     -26
22.6963,     -12
22.7063,      -9
22.7163,      -6
22.7263,       0
22.7363,       4
22.7463,     -15
22.7563,      -2
22.7663,     -20
22.7763,     -16
22.7863,     -18
22.7963,     -19
22.8063,      -8
22.8163,     -16
22.8263,      -1
22.8363,     -18
22.8463,     -14
22.8563,      -8
22.8663,     -12
22.8763,     -15
22.8863,     -14
22.8963,      -3
22.9063,     -20
22.9163,     -15
22.9263,     -13
22.9363,      -8
22.9463,      -7
22.9563,     -10
22.9663,     -11
22.9763,     -16
22.9863,     -15
22.9963,       4
23.0063,     -12
23.0163,      -2
23.0263,     -10
23.0363,      -4
23.0463,     -15
23.0563,       0
23.0663,     -12
23.0763,     -21
23.0863,      -5
23.0963,     -18
23.1063,     -11
23.1163,      -4
23.1263,      -6
23.1363,     -15
23.1463,      -1
23.1563,      -8
23.1663,      -8
23.1763,     -10
23.1863,       5
23.1963,     -21
23.2063,      -7
23.2163,       2
23.2263,       8
23.2363,       3
23.2463,      -8
23.2563,     -17
23.2663,     -14
23.2763,     -14
23.2863,     -10
23.2963,      -7
23.3063,      -7
23.3163,      -3
23.3263,      -8
23.3363,      -8
23.3463,      -7
23.3563,      -6
23.3663,     -12
23.3763,     -12
23.3863,     -14
23.3963,      -6
23.4063,     -14
23.4163,      -2
23.4263,      -5
23.4363,      -3
23.4463,     -13
23.4563,       0
23.4663,      -6
23.4763,      -8
23.4863,      -8
23.4963,     -17
23.5064,     -12
23.5164,      -5
23.5264,      -5
23.5364,     -14
23.5464,      -7
23.5564,     -12
23.5664,      -5
23.5764,      -7
23.5864,       0
23.5964,       0
23.6064,      -8
23.6164,     -11
23.6264,     -10
23.6364,     -14
23.6464,      -6
23.6564,      -5
23.6664,       2
23.6764,       2
23.6864,     -12
23.6964,       2
23.7064,      -9
23.7164,      -3
23.7264,      -5
23.7364,     -12
23.7464,     -10
23.7564,     -10
23.7664,       1
23.7764,      -9
23.7864,     -16
23.7964,       5
23.8064,      -1
23.8164,      -3
23.8264,       0
23.8364,       0
23.8464,      -9
23.8564,      -6
23.8664,     -13
23.8764,       4
23.8864,      -8
23.8964,     -10
23.9064,      -9
23.9164,     -11
23.9264,      -4
23.9364,      -1
23.9464,      -5
23.9564,      -7
23.9664,      -7
23.9764,      -8
23.9864,      -2
23.9964,      -9
24.0064,     -14
24.0164,       2
24.0264,      -9
24.0364,      -5
24.0464,      -5
24.0564,      -6
24.0664,     -17
24.0764,       1
24.0864,      -9
24.0964,      -3
24.1064,       0
24.1164,     -13
24.1264,       1
24.1364,      -7
24.1464,       6
24.1564,      -6
24.1664,      -3
24.1764,      -7
24.1864,       0
24.1964,     -10
24.2064,       5
24.2164,       7
24.2264,     -10
24.2364,      -1
24.2464,      -6
24.2564,      -4
24.2664,       3
24.2764,      -4
24.2864,       0
24.2964,      -3
24.3064,      -3
24.3164,      -5
24.3264,     -11
24.3364,     -10
24.3464,      -8
24.3564,      -2
24.3664,      -8
24.3764,       8
24.3864,      -2
24.3964,      -2
24.4064,      -7
24.4164,      -6
24.4264,       6
24.4364,     -19
24.4464,      -4
24.4564,      -4
24.4664,     -10
24.4764,      -9
24.4864,       0
24.4964,      -7
24.5065,       4
24.5165,     -11
24.5265,      -2
24.5365,      -5
24.5465,      -8
24.5565,       1
24.5665,      -4
24.5765,       1
24.5865,      -7
24.5965,       0
24.6065,       1
24.6165,      -9
24.6265,       0
24.6365,      -8
24.6465,      -4
24.6565,      -3
24.6665,      -3
24.6765,      -5
24.6865,      -7
24.6965,       3
24.7065,      -6
24.7165,      -4
24.7265,       5
24.7365,      -5
24.7465,      -3
24.7565,      -5
24.7665,      -2
24.7765,      -6
24.7865,       5
24.7965,      -2
24.8065,     -14
24.8165,      -5
24.8265,      -2
24.8365,       5
24.8465,      -9
24.8565,      -4
24.8665,      -1
24.8765,       8
24.8865,      -1
24.8965,       0
24.9065,     -13
24.9165,     -13
24.9265,      -4
24.9365,      -5
24.9465,      -2
24.9565,      -3
24.9665,       1
24.9765,      -5
24.9865,       2
24.9965,      -6
25.0065,      -9
25.0165,     -14
25.0265,      -9
25.0365,       3
25.0465,      -8
25.0565,     -10
25.0665,      -5
25.0765,      -4
25.0865,       2
25.0965,      -2
25.1065,      -7
25.1165,       0
25.1265,       5
25.1365,     -20
25.1465,      -5
25.1565,     -10
25.1665,       7
25.1765,      -8
25.1865,      14
25.1965,       7
25.2065,      -7
25.2165,       3
25.2265,      -3
25.2365,      -9
25.2465,       0
25.2565,      -1
25.2665,       1
25.2765,       2
25.2865,      -8
25.2965,      -5
25.3065,      -1
25.3165,      -7
25.3265,      -2
25.3365,      -5
25.3465,      -3
25.3565,      -7
25.3665,      -5
25.3765,      -3
25.3865,      -8
25.3965,      -5
25.4065,       2
25.4165,     -13
25.4265,      -6
25.4365,       0
25.4465,       6
25.4565,       2
25.4665,      -3
25.4765,      -6
25.4865,       0
25.4965,       3
25.5066,       0
25.5166,     -12
25.5266,      -6
25.5366,       3
25.5466,       0
25.5566,      -6
25.5666,       2
25.5766,      -8
25.5866,      -7
25.5966,      -8
25.6066,     -10
25.6166,     -12
25.6266,      -5
25.6366,      -1
25.6466,      -3
25.6566,       1
25.6666,       0
25.6766,      -4
25.6866,      -3
25.6966,      -1
25.7066,       1
25.7166,       3
25.7266,      -5
25.7366,      -1
25.7466,       2
25.7566,       0
25.7666,       9
25.7766,       1
25.7866,      -9
25.7966,      -1
25.8066,      -2
25.8166,       7
25.8266,      -4
25.8366,      -9
25.8466,       1
25.8566,      -2
25.8666,       1
25.8766,       4
25.8866,      -9
25.8966,      -5
25.9066,      -6
25.9166,      -1
25.9266,       3
25.9366,       2
25.9466,       1
25.9566,      -1
25.9666,     -11
25.9766,       6
25.9866,      -8
25.9966,      -3
26.0066,      -1
26.0166,      -1
26.0266,      -5
26.0366,       1
26.0466,      -9
26.0566,      -5
26.0666,      -7
26.0766,       0
26.0866,      -1
26.0966,      -2
26.1066,       3
26.1166,       4
26.1266,      -5
26.1366,      -8
26.1466,      -1
26.1566,      -5
26.1666,      -2
26.1766,     -14
26.1866,      -2
26.1966,       4
26.2066,       1
26.2166,       1
26.2266,       6
26.2366,       1
26.2466,       0
26.2566,      -5
26.2666,      -1
26.2766,      -9
26.2866,       6
26.2966,      -1
26.3066,       4
26.3166,       1
26.3266,      -4
26.3366,      -1
26.3466,       0
26.3566,      -4
26.3666,      -7
26.3766,       0
26.3866,      -7
26.3966,       0
26.4066,       1
26.4166,     -11
26.4266,      -5
26.4366,      -8
26.4466,     -10
26.4566,      -2
26.4666,       5
26.4766,       1
26.4866,       2
26.4966,       4
26.5067,       8
26.5167,       3
26.5267,      -3
26.5367,      -7
26.5467,      -5
26.5567,       2
26.5667,       1
26.5767,       1
26.5867,      -6
26.5967,      -4
26.6067,       8
26.6167,     -10
26.6267,       3
26.6367,       6
26.6467,       2
26.6567,      -3
26.6667,      -6
26.6767,       4
26.6867,       7
26.6967,       0
26.7067,      -2
26.7167,      -1
26.7267,      -2
26.7367,     -12
26.7467,      -6
26.7567,      -3
26.7667,       1
26.7767,      -2
26.7867,       2
26.7967,      -6
26.8067,      -1
26.8167,      -3
26.8267,       3
26.8367,       6
26.8467,       0
26.8567,       2
26.8667,       2
26.8767,      -8
26.8867,       1
26.8967,      -6
26.9067,      -6
26.9167,       7
26.9267,      -3
26.9367,      -4
26.9467,      -5
26.9567,      -2
26.9667,       0
26.9767,      -6
26.9867,       0
26.9967,       1
27.0067,      -7
27.0167,       0
27.0267,      -2
27.0367,     -10
27.0467,       8
27.0567,       2
27.0667,       0
27.0767,      -8
27.0867,      -5
27.0967,      -3
27.1067,      -2
27.1167,      -4
27.1267,       0
27.1367,       1
27.1467,      -5
27.1567,       8
27.1667,      -7
27.1767,      -7
27.1867,       0
27.1967,      -7
27.2067,      -1
27.2167,      -9
27.2267,       1
27.2367,       1
27.2467,      -2
27.2567,      -5
27.2667,      -6
27.2767,      -3
27.2867,       3
27.2967,       2
27.3067,       2
27.3167,      -5
27.3267,      -5
27.3367,      -6
27.3467,      -5
27.3567,      -3
27.3667,       0
27.3767,       0
27.3867,       0
27.3967,       1
27.4067,      -4
27.4167,      -1
27.4267,      -6
27.4367,      -2
27.4467,       0
27.4567,      -3
27.4667,      -2
27.4767,       0
27.4867,      -3
27.4967,       7
27.5068,      -2
27.5168,       3
27.5268,      -4
27.5368,      -1
27.5468,       0
27.5568,       2
27.5668,      -3
27.5768,       3
27.5868,      -5
27.5968,       0
27.6068,      -2
27.6168,      -3
27.6268,      -6
27.6368,      -1
27.6468,      -2
27.6568,       4
27.6668,       5
27.6768,       2
27.6868,       3
27.6968,       2
27.7068,      -3
27.7168,       0
27.7268,       0
27.7368,      -3
27.7468,      -2
27.7568,      -6
27.7668,      -6
27.7768,      -1
27.7868,       0
27.7968,       4
27.8068,      -2
27.8168,      -4
27.8268,       1
27.8368,      -1
27.8468,      -4
27.8568,      10
27.8668,      -3
27.8768,      -1
27.8868,      -2
27.8968,       0
27.9068,       1
27.9168,      -6
27.9268,      -4
27.9368,       5
27.9468,       0
27.9568,       5
27.9668,      -5
27.9768,      -4
27.9868,      -2
27.9968,      -2
28.0068,       1
28.0168,      -5
28.0268,       5
28.0368,       3
28.0468,      -4
28.0568,       2
28.0668,      -6
28.0768,       2
28.0868,      -2
28.0968,       0
28.1068,       0
28.1168,      -1
28.1268,      -3
28.1368,      -2
28.1468,      -4
28.1568,       3
28.1668,      -2
28.1768,      -5
28.1868,       3
28.1968,       0
28.2068,      -1
28.2168,       2
28.2268,      -7
28.2368,       8
28.2468,      -2
28.2568,       0
28.2668,      -3
28.2768,       0
28.2868,       0
28.2968,       0
28.3068,       3
28.3168,      -3
28.3268,       7
28.3368,       4
28.3468,      -1
28.3568,      -2
28.3668,      -5
28.3768,       1
28.3868,      -5
28.3968,      -5
28.4068,      -2
28.4168,       3
28.4268,       1
28.4368,       6
28.4468,      -1
28.4568,      -6
28.4668,      -4
28.4768,       8
28.4868,      -3
28.4968,      -2
28.5069,      -4
28.5169,       0
28.5269,      -2
28.5369,      -3
28.5469,      -2
28.5569,      -2
28.5669,       5
28.5769,       0
28.5869,      -3
28.5969,       3
28.6069,      -5
28.6169,       2
28.6269,       2
28.6369,      -2
28.6469,      -1
28.6569,      -3
28.6669,      -3
28.6769,      -4
28.6869,      -6
28.6969,       3
28.7069,      -1
28.7169,       2
28.7269,      -5
28.7369,      -9
28.7469,      -3
28.7569,       0
28.7669,       2
28.7769,       2
28.7869,       0
28.7969,      -6
28.8069,       4
28.8169,       5
28.8269,       1
28.8369,      -3
28.8469,      -5
28.8569,      -2
28.8669,       0
28.8769,      -7
28.8869,      -1
28.8969,       0
28.9069,      -1
28.9169,       0
28.9269,      -2
28.9369,      -3
28.9469,      -1
28.9569,       1
28.9669,       1
28.9769,       2
28.9869,      -2
28.9969,       0
29.0069,       2
29.0169,     -10
29.0269,      -3
29.0369,       4
29.0469,      -5
29.0569,      -1
29.0669,      -4
29.0769,      -2
29.0869,      -4
29.0969,      -1
29.1069,      -2
29.1169,      -1
29.1269,      -8
29.1369,       3
29.1469,      -1
29.1569,       0
29.1669,      -1
29.1769,      -5
29.1869,      -2
29.1969,       0
29.2069,      -5
29.2169,       1
29.2269,      -6
29.2369,      -6
29.2469,      -2
29.2569,      -5
29.2669,      -4
29.2769,      -5
29.2869,       0
29.2969,      -1
29.3069,      -4
29.3169,      -1
29.3269,      -4
29.3369,      -2
29.3469,      -2
29.3569,      -5
29.3669,      -1
29.3769,      -1
29.3869,       1
29.3969,       2
29.4069,       3
29.4169,       4
29.4269,      -5
29.4369,      -2
29.4469,       1
29.4569,       2
29.4669,      -3
29.4769,      -6
29.4869,      -1
29.4969,       3
29.5070,      -2
29.5170,       0
29.5270,       1
29.5370,      -2
29.5470,       5
29.5570,       0
29.5670,       0
29.5770,      -1
29.5870,      -3
29.5970,      -6
29.6070,      -3
29.6170,      -3
29.6270,      -5
29.6370,       1
29.6470,       1
29.6570,      -5
29.6670,      -4
29.6770,       0
29.6870,      -1
29.6970,      -5
29.7070,       1
29.7170,       3
29.7270,      -1
29.7370,       1
29.7470,       5
29.7570,      -1
29.7670,      -3
29.7770,      -2
29.7870,      -3
29.7970,      -2
29.8070,      -4
29.8170,      -2
29.8270,       2
29.8370,       0
29.8470,       1
29.8570,       2
29.8670,       5
29.8770,      -3
29.8870,      -4
29.8970,       3
29.9070,       3
29.9170,      -4
29.9270,       1
29.9370,       2
29.9470,      -3
29.9570,      -1
29.9670,       4
29.9770,       1
29.9870,      -1
29.9970,      -3
30.0070,      -4
30.0170,      -1
30.0270,      -1
30.0370,       3
30.0470,      -3
30.0570,       3
30.0670,      -7
30.0770,      -3
30.0870,      -3
30.0970,      -1
30.1070,       2
30.1170,      -1
30.1270,      -4
30.1370,       1
30.1470,       0
30.1570,       2
30.1670,       4
30.1770,      -2
30.1870,      -2
30.1970,       0
30.2070,      -3
30.2170,      -2
30.2270,      -5
30.2370,      -3
30.2470,      -1
30.2570,       2
30.2670,      -1
30.2770,      -4
30.2870,      -1
30.2970,       1
30.3070,      -4
30.3170,       1
30.3270,       1
30.3370,       2
30.3470,       4
30.3570,      -1
30.3670,      -7
30.3770,      -1
30.3870,      -3
30.3970,      -6
30.4070,       1
30.4170,       1
30.4270,      -2
30.4370,       2
30.4470,      -3
30.4570,      -2
30.4670,      -3
30.4770,      -2
30.4870,      -1
30.4970,      -2
30.5071,      -5
30.5171,      -4
30.5271,      -3
30.5371,      -3
30.5471,      -4
30.5571,      -1
30.5671,      -5
30.5771,      -2
30.5871,      -2
30.5971,       2
30.6071,       0
30.6171,       0
30.6271,      -1
30.6371,       1
30.6471,      -3
30.6571,       0
30.6671,       1
30.6771,       5
30.6871,      -6
30.6971,       0
30.7071,      -1
30.7171,      -2
30.7271,       1
30.7371,       3
30.7471,       1
30.7571,       2
30.7671,      -3
30.7771,      -2
30.7871,      -1
30.7971,       0
30.8071,       1
30.8171,       3
30.8271,       2
30.8371,       0
30.8471,      -5
30.8571,      -1
30.8671,       5
30.8771,       2
30.8871,       0
30.8971,      -2
30.9071,       0
30.9171,      -1
30.9271,       0
30.9371,      -2
30.9471,       1
30.9571,       1
30.9671,       1
30.9771,      -1
30.9871,       0
30.9971,      -5
31.0071,      -2
31.0171,       4
31.0271,       0
31.0371,       0
31.0471,      -3
31.0571,       1
31.0671,       2
31.0771,       2
31.0871,       3
31.0971,      -4
31.1071,       1
31.1171,       4
31.1271,      -2
31.1371,      -2
31.1471,       2
31.1571,      -1
31.1671,      -2
31.1771,       1
31.1871,       2
31.1971,      -3
31.2071,       2
31.2171,      -3
31.2271,      -2
31.2371,       2
31.2471,       0
31.2571,      -1
31.2671,      -1
31.2771,      -4
31.2871,       1
31.2971,       2
31.3071,      -3
31.3171,      -1
31.3271,       2
31.3371,       4
31.3471,      -2
31.3571,       2
31.3671,      -5
31.3771,       3
31.3871,      -2
31.3971,       2
31.4071,       0
31.4171,       2
31.4271,      -1
31.4371,       0
31.4471,      -1
31.4571,       0
31.4671,      -2
31.4771,      -1
31.4871,      -2
31.4971,       0
31.5072,      -3
31.5172,      -4
31.5272,      -4
31.5372,       1
31.5472,      -1
31.5572,      -1
31.5672,       1
31.5772,       3
31.5872,       2
31.5972,       0
31.6072,       0
31.6172,      -6
31.6272,      -5
31.6372,      -1
31.6472,      -2
31.6572,       0
31.6672,       1
31.6772,      -6
31.6872,      -2
31.6972,       3
31.7072,       0
31.7172,       2
31.7272,       3
31.7372,      -4
31.7472,       0
31.7572,      -3
31.7672,      -4
31.7772,       1
31.7872,      -1
31.7972,      -1
31.8072,       1
31.8172,       0
31.8272,      -2
31.8372,       1
31.8472,       6
31.8572,       1
31.8672,      -2
31.8772,      -2
31.8872,      -3
31.8972,      -2
31.9072,       2
31.9172,       3
31.9272,      -5
31.9372,       4
31.9472,       0
31.9572,      -4
31.9672,      -3
31.9772,       1
31.9872,       0
31.9972,       4
32.0072,       1
32.0172,      -2
32.0272,       3
32.0372,       0
32.0472,      -1
32.0572,      -2
32.0672,       0
32.0772,       1
32.0872,       0
32.0972,       2
32.1072,      -2
32.1172,       2
32.1272,       0
32.1372,       4
32.1472,      -1
32.1572,       3
32.1672,       0
32.1772,      -2
32.1872,       5
32.1972,       0
32.2072,      -1
32.2172,       2
32.2272,       5
32.2372,      -1
32.2472,      -4
32.2572,       2
32.2672,      -1
32.2772,       0
32.2872,       4
32.2972,       1
32.3072,       2
32.3172,       2
32.3272,      -1
32.3372,       1
32.3472,       1
32.3572,      -3
32.3672,      -3
32.3772,       1
32.3872,       1
32.3972,       1
32.4072,      -4
32.4172,      -1
32.4272,       2
32.4372,       0
32.4472,      -2
32.4572,      -2
32.4672,      -2
32.4772,       1
32.4872,      -2
32.4972,       0
32.5073,      -1
32.5173,      -1
32.5273,      -3
32.5373,       2
32.5473,       0
32.5573,       2
32.5673,      -1
32.5773,       1
32.5873,      -2
32.5973,      -4
32.6073,       0
32.6173,      -1
32.6273,       2
32.6373,      -1
32.6473,      -1
32.6573,       1
32.6673,       0
32.6773,      -1
32.6873,      -1
32.6973,      -2
32.7073,       0
32.7173,       2
32.7273,       2
32.7373,       0
32.7473,      -1
32.7573,      -2
32.7673,      -3
32.7773,      -1
32.7873,       2
32.7973,      -1
32.8073,       3
32.8173,      -2
32.8273,      -3
32.8373,       0
32.8473,      -1
32.8573,      -5
32.8673,      -1
32.8773,      -1
32.8873,      -1
32.8973,       0
32.9073,       0
32.9173,       0
32.9273,      -1
32.9373,       0
32.9473,      -1
32.9573,      -1
32.9673,      -1
32.9773,       2
32.9873,      -1
32.9973,      -1
33.0073,      -6
33.0173,      -5
33.0273,      -1
33.0373,      -1
33.0473,      -1
33.0573,       0
33.0673,       3
33.0773,       3
33.0873,       0
33.0973,       1
33.1073,       0
33.1173,       3
33.1273,       1
33.1373,       1
33.1473,      -1
33.1573,       0
33.1673,       1
33.1773,      -2
33.1873,      -3
33.1973,      -1
33.2073,      -4
33.2173,       0
33.2273,      -3
33.2373,      -1
33.2473,       0
33.2573,       0
33.2673,      -3
33.2773,      -3
33.2873,      -2
33.2973,       2
33.3073,       0
33.3173,      -2
33.3273,      -3
33.3373,      -1
33.3473,      -1
33.3573,      -2
33.3673,       0
33.3773,       0
33.3873,      -2
33.3973,       1
33.4073,      -1
33.4173,       0
33.4273,       1
33.4373,      -1
33.4473,      -2
33.4573,       1
33.4673,      -3
33.4773,       1
33.4873,      -1
33.4973,       0
33.5074,      -3
33.5174,      -3
33.5274,      -3
33.5374,      -1
33.5474,      -1
33.5574,       1
33.5674,       1
33.5774,       3
33.5874,      -4
33.5974,      -1
33.6074,      -1
33.6174,       2
33.6274,      -3
33.6374,       1
33.6474,      -1
33.6574,       0
33.6674,      -3
33.6774,       1
33.6874,      -1
33.6974,       0
33.7074,       2
33.7174,      -1
33.7274,       0
33.7374,       2
33.7474,       2
33.7574,      -1
33.7674,       0
33.7774,       0
33.7874,       2
33.7974,      -3
33.8074,       0
33.8174,      -2
33.8274,       0
33.8374,      -1
33.8474,       0
33.8574,      -1
33.8674,      -2
33.8774,       0
33.8874,       0
33.8974,       0
33.9074,      -3
33.9174,      -2
33.9274,      -1
33.9374,      -1
33.9474,      -1
33.9574,       3
33.9674,       1
33.9774,       1
33.9874,       1
33.9974,       2
34.0074,       1
34.0174,      -1
34.0274,       0
34.0374,      -2
34.0474,       1
34.0574,       2
34.0674,       0
34.0774,      -5
34.0874,      -1
34.0974,      -3
34.1074,      -2
34.1174,      -4
34.1274,       1
34.1374,      -1
34.1474,      -2
34.1574,      -3
34.1674,       0
34.1774,      -1
34.1874,       1
34.1974,      -1
34.2074,       0
34.2174,      -1
34.2274,       2
34.2374,      -1
34.2474,       1
34.2574,      -1
34.2674,      -1
34.2774,      -1
34.2874,      -2
34.2974,       0
34.3074,       0
34.3174,      -1
34.3274,       0
34.3374,       0
34.3474,      -1
34.3574,       0
34.3674,      -3
34.3774,      -1
34.3874,       0
34.3974,       1
34.4074,      -4
34.4174,      -3
34.4274,       0
34.4374,       0
34.4474,      -1
34.4574,      -1
34.4674,      -1
34.4774,      -1
34.4874,       0
34.4974,      -1
34.5075,       0
34.5175,       1
34.5275,      -1
34.5375,       1
34.5475,       0
34.5575,      -4
34.5675,       1
34.5775,       0
34.5875,      -3
34.5975,       1
34.6075,      -1
34.6175,      -1
34.6275,      -3
34.6375,       1
34.6475,      -1
34.6575,      -1
34.6675,      -1
34.6775,       0
34.6875,       0
34.6975,       0
34.7075,       3
34.7175,      -2
34.7275,      -1
34.7375,      -1
34.7475,       0
34.7575,      -1
34.7675,      -3
34.7775,      -1
34.7875,      -1
34.7975,       1
34.8075,       1
34.8175,      -1
34.8275,       2
34.8375,       1
34.8475,      -1
34.8575,       0
34.8675,       0
34.8775,      -1
34.8875,      -2
34.8975,       1
34.9075,      -2
34.9175,       0
34.9275,       3
34.9375,      -1
34.9475,       3
34.9575,       1
34.9675,       1
34.9775,       2
34.9875,       1
34.9975,      -2
35.0075,      -3
35.0175,      -1
35.0275,      -2
35.0375,       0
35.0475,       1
35.0575,      -1
35.0675,       0
35.0775,      -1
35.0875,       0
35.0975,       0
35.1075,       0
35.1175,       0
35.1275,       0
35.1375,      -1
35.1475,       2
35.1575,      -1
35.1675,      -2
35.1775,       0
35.1875,      -2
35.1975,       1
35.2075,       0
35.2175,       0
35.2275,      -2
35.2375,       0
35.2475,      -1
35.2575,      -1
35.2675,      -1
35.2775,       0
35.2875,       2
35.2975,       0
35.3075,      -1
35.3175,       1
35.3275,       2
35.3375,       0
35.3475,       0
35.3575,       1
35.3675,      -2
35.3775,       0
35.3875,      -1
35.3975,       0
35.4075,       1
35.4175,       1
35.4275,      -1
35.4375,       2
35.4475,      -1
35.4575,       0
35.4675,       1
35.4775,      -1
35.4875,       1
35.4975,      -1
35.5076,      -1
35.5176,       0
35.5276,      -2
35.5376,       2
35.5476,      -1
35.5576,      -3
35.5676,      -2
35.5776,      -2
35.5876,       1
35.5976,      -2
35.6076,      -1
35.6176,      -1
35.6276,       0
35.6376,       0
35.6476,      -1
35.6576,      -1
35.6676,      -1
35.6776,       0
35.6876,      -3
35.6976,       0
35.7076,       0
35.7176,       1
35.7276,       0
35.7376,      -1
35.7476,       1
35.7576,      -1
35.7676,      -1
35.7776,       0
35.7876,       0
35.7976,      -1
35.8076,      -1
35.8176,      -1
35.8276,       0
35.8376,       1
35.8476,       2
35.8576,       0
35.8676,       1
35.8776,      -1
35.8876,       0
35.8976,      -2
35.9076,       0
35.9176,       0
35.9276,       0
35.9376,       0
35.9476,       2
35.9576,      -4
35.9676,      -4
35.9776,      -3
35.9876,       1
35.9976,      -1
36.0076,       0
36.0176,       0
36.0276,      -1
36.0376,      -1
36.0476,       1
36.0576,      -1
36.0676,       0
36.0776,       0
36.0876,      -1
36.0976,       1
36.1076,       0
36.1176,      -2
36.1276,       0
36.1376,       0
36.1476,      -2
36.1576,       0
36.1676,       0
36.1776,       0
36.1876,      -2
36.1976,       0
36.2076,      -1
36.2176,       0
36.2276,       0
36.2376,      -2
36.2476,      -1
36.2576,       1
36.2676,      -1
36.2776,       1
36.2876,       1
36.2976,       0
36.3076,      -1
36.3176,       1
36.3276,       1
36.3376,       2
36.3476,       1
36.3576,       1
36.3676,       0
36.3776,       1
36.3876,       0
36.3976,       0
36.4076,       1
36.4176,      -1
36.4276,      -1
36.4376,      -1
36.4476,       2
36.4576,       1
36.4676,      -1
36.4776,       0
36.4876,       0
36.4976,       0
36.5077,       0
36.5177,       0
36.5277,       0
36.5377,      -1
36.5477,       0
36.5577,      -2
36.5677,       0
36.5777,      -2
36.5877,       0
36.5977,       1
36.6077,      -2
36.6177,      -1
36.6277,       0
36.6377,       2
36.6477,      -1
36.6577,       1
36.6677,       0
36.6777,       0
36.6877,       0
36.6977,       0
36.7077,      -2
36.7177,       0
36.7277,       0
36.7377,       0
36.7477,       1
36.7577,       0
36.7677,       0
36.7777,       0
36.7877,       0
36.7977,       0
36.8077,      -1
36.8177,       0
36.8277,      -1
36.8377,      -1
36.8477,      -1
36.8577,      -1
36.8677,      -1
36.8777,      -1
36.8877,       0
36.8977,       0
36.9077,       0
36.9177,       0
36.9277,       0
36.9377,       2
36.9477,      -1
36.9577,      -3
36.9677,       0
36.9777,       1
36.9877,      -1
36.9977,       1
37.0077,      -1
37.0177,      -1
37.0277,       0
37.0377,       0
37.0477,       1
37.0577,       1
37.0677,       0
37.0777,       1
37.0877,       0
37.0977,       0
37.1077,       1
37.1177,       1
37.1277,       0
37.1377,       0
37.1477,      -1
37.1577,      -1
37.1677,       0
37.1777,       0
37.1877,      -1
37.1977,       0
37.2077,       2
37.2177,       0
37.2277,       0
37.2377,      -1
37.2477,       0
37.2577,       0
37.2677,       0
37.2777,      -1
37.2877,       0
37.2977,      -2
37.3077,       0
37.3177,       0
37.3277,       1
37.3377,       0
37.3477,      -1
37.3577,       0
37.3677,      -3
37.3777,       0
37.3877,      -2
37.3977,       0
37.4077,      -1
37.4177,      -1
37.4277,      -1
37.4377,      -1
37.4477,      -1
37.4577,       1
37.4677,      -1
37.4777,       1
37.4877,      -1
37.4977,       0
37.5078,      -1
37.5178,       0
37.5278,      -2
37.5378,      -3
37.5478,       0
37.5578,       1
37.5678,       0
37.5778,      -2
37.5878,      -1
37.5978,      -2
37.6078,      -1
37.6178,      -1
37.6278,       0
37.6378,       0
37.6478,      -2
37.6578,       0
37.6678,      -1
37.6778,       2
37.6878,      -2
37.6978,      -1
37.7078,       1
37.7178,       0
37.7278,       0
37.7378,      -1
37.7478,       1
37.7578,       1
37.7678,       0
37.7778,       0
37.7878,      -1
37.7978,      -1
37.8078,       0
37.8178,      -1
37.8278,       1
37.8378,       0
37.8478,       0
37.8578,       0
37.8678,       0
37.8778,       0
37.8878,       1
37.8978,      -1
37.9078,       1
37.9178,       0
37.9278,       0
37.9378,       1
37.9478,       0
37.9578,       0
37.9678,      -2
37.9778,       1
37.9878,       0
37.9978,       0
38.0078,       0
38.0178,      -1
38.0278,       0
38.0378,       0
38.0478,       0
38.0578,       0
38.0678,       0
38.0778,       1
38.0878,      -1
38.0978,       0
38.1078,      -1
38.1178,      -1
38.1278,       0
38.1378,       0
38.1478,       1
38.1578,      -1
38.1678,       1
38.1778,       2
38.1878,       0
38.1978,      -1
38.2078,      -1
38.2178,       0
38.2278,       0
38.2378,      -1
38.2478,      -1
38.2578,      -2
38.2678,       1
38.2778,       0
38.2878,       0
38.2978,       1
38.3078,       0
38.3178,       1
38.3278,       1
38.3378,      -1
38.3478,      -1
38.3578,       0
38.3678,       1
38.3778,       0
38.3878,       0
38.3978,      -1
38.4078,       0
38.4178,      -1
38.4278,       0
38.4378,      -1
38.4478,       1
38.4578,      -2
38.4678,       0
38.4778,      -1
38.4878,       0
38.4978,       0
38.5079,       0
38.5179,       0
38.5279,      -2
38.5379,       1
38.5479,      -1
38.5579,       1
38.5679,       1
38.5779,      -1
38.5879,       0
38.5979,       1
38.6079,      -1
38.6179,       1
38.6279,      -1
38.6379,       0
38.6479,       0
38.6579,       0
38.6679,       0
38.6779,       1
38.6879,      -1
38.6979,      -1
38.7079,       0
38.7179,       0
38.7279,       0
38.7379,       0
38.7479,       0
38.7579,       0
38.7679,       0
38.7779,       0
38.7879,       2
38.7979,      -1
38.8079,      -1
38.8179,       0
38.8279,      -1
38.8379,       0
38.8479,      -2
38.8579,       1
38.8679,       0
38.8779,       1
38.8879,      -2
38.8979,      -2
38.9079,      -1
38.9179,       0
38.9279,       0
38.9379,       0
38.9479,       0
38.9579,       0
38.9679,       0
38.9779,       0
38.9879,       0
38.9979,       0
39.0079,       0
39.0179,       0
39.0279,       0
39.0379,       0
39.0479,      -1
39.0579,       0
39.0679,       0
39.0779,       0
39.0879,       0
39.0979,       0
39.1079,       0
39.1179,       0
39.1279,       0
39.1379,       0
39.1479,      -1
39.1579,       0
39.1679,       1
39.1779,       0
39.1879,      -1
39.1979,       1
39.2079,      -2
39.2179,       0
39.2279,      -1
39.2379,      -1
39.2479,      -1
39.2579,      -1
39.2679,       0
39.2779,       0
39.2879,       1
39.2979,       0
39.3079,       0
39.3179,       0
39.3279,       0
39.3379,       1
39.3479,       0
39.3579,      -1
39.3679,      -1
39.3779,       1
39.3879,       0
39.3979,       0
39.4079,       0
39.4179,       0
39.4279,       0
39.4379,       1
39.4479,       0
39.4579,      -1
39.4679,       0
39.4779,       0
39.4879,      -1
39.4979,       0
39.5080,       0
39.5180,       1
39.5280,       0
39.5380,       0
39.5480,       0
39.5580,       0
39.5680,       0
39.5780,      -1
39.5880,       0
39.5980,       0
39.6080,       1
39.6180,       0
39.6280,       0
39.6380,      -1
39.6480,      -1
39.6580,       0
39.6680,       1
39.6780,       0
39.6880,      -1
39.6980,       0
39.7080,      -1
39.7180,       0
39.7280,       0
39.7380,      -1
39.7480,      -1
39.7580,      -2
39.7680,       0
39.7780,       1
39.7880,       0
39.7980,       0
39.8080,       0
39.8180,       1
39.8280,      -1
39.8380,      -1
39.8480,      -1
39.8580,       0
39.8680,       0
39.8780,       0
39.8880,       0
39.8980,       0
39.9080,      -1
39.9180,       0
39.9280,       0
39.9380,       1
39.9480,      -1
39.9580,       0
39.9680,       0
39.9780,       0
39.9880,       0
39.9980,       1
