2501.49	23320.9
2500.78	23686.2
2500.07	21898.5
2499.36	21796.6
2498.64	21961.6
2497.93	21677.3
2497.22	22066.9
2496.51	21937
2495.79	21610.7
2495.08	21901.9
2494.37	21884.4
2493.66	21754.6
2492.94	21989.5
2492.23	22056.1
2491.52	21828.2
2490.8	22049
2490.09	22367.8
2489.38	22126
2488.66	22052.4
2487.95	21782.7
2487.23	21975.3
2486.52	22097.8
2485.81	22094.2
2485.09	22076.7
2484.38	22073.1
2483.66	21957.6
2482.95	22122
2482.23	21936.5
2481.52	22072.9
2480.8	21985.4
2480.09	21953.9
2479.37	22285.9
2478.66	21918.9
2477.94	22264.8
2477.23	21869.9
2476.51	22215.7
2475.79	22114.3
2475.08	21803.5
2474.36	21953.6
2473.65	22145.6
2472.93	21834.8
2472.21	21929
2471.5	22344.2
2470.78	22368.5
2470.06	21974.3
2469.35	22096.3
2468.63	22148.5
2467.91	22423.8
2467.2	22308.7
2466.48	22486.3
2465.76	22092.4
2465.04	22158.5
2464.33	22364
2463.61	22374.3
2462.89	22593.6
2462.17	22339.2
2461.45	22224.2
2460.74	22387.7
2460.02	22412
2459.3	22478
2458.58	22265.6
2457.86	22568.1
2457.14	22341.9
2456.42	22421.7
2455.7	22334.7
2454.99	22400.6
2454.27	22647.2
2453.55	22643.6
2452.83	22653.8
2452.11	22233.3
2451.39	22424.2
2450.67	22406.7
2449.95	22361.4
2449.23	22635.6
2448.51	22215.4
2447.79	22669.9
2447.07	22666.3
2446.35	22621
2445.63	22589.6
2444.9	22683
2444.18	22429.7
2443.46	22648
2442.74	22685.9
2442.02	22834.8
2441.3	22734.1
2440.58	22758.1
2439.86	22699
2439.13	22612.2
2438.41	22871.8
2437.69	22688
2436.97	22878.2
2436.25	22473
2435.52	22857
2434.8	22770.3
2434.08	22655.9
2433.36	22832.1
2432.63	22690.1
2431.91	22907.7
2431.19	23070
2430.46	22706.7
2429.74	23256.1
2429.02	22782.3
2428.29	23082.7
2427.57	22664.4
2426.85	23020
2426.12	23085.4
2425.4	22833
2424.68	23174.6
2423.95	22784.2
2423.23	23029
2422.5	22928.7
2421.78	22717.9
2421.05	23211.1
2420.33	22876.2
2419.6	23107
2418.88	22730.8
2418.15	22699.6
2417.43	22778.6
2416.7	23064.5
2415.98	23143.5
2415.25	23098.4
2414.53	22943.1
2413.8	23201.1
2413.07	22894.3
2412.35	23221.2
2411.62	22900.7
2410.9	23131
2410.17	23099.8
2409.44	23288.7
2408.72	23463.9
2407.99	23308.7
2407.26	22754.6
2406.54	23094.8
2405.81	22967.3
2405.08	23114.9
2404.35	23702.3
2403.63	23011.2
2402.9	23199.8
2402.17	23512.1
2401.44	23164.9
2400.71	23463.3
2399.99	23253.5
2399.26	23332.1
2398.53	23232.2
2397.8	23159.8
2397.07	23183.5
2396.34	23468
2395.62	23395.6
2394.89	23515.3
2394.16	23442.9
2393.43	23164.8
2392.7	23119.9
2391.97	23294.4
2391.24	23427.7
2390.51	23245.7
2389.78	23653.1
2389.05	23388.9
2388.32	23385.1
2387.59	23436.1
2386.86	23350.1
2386.13	23277.9
2385.4	23219.3
2384.67	23489.3
2383.94	23471.9
2383.21	23344.9
2382.48	23341.1
2381.75	23392
2381.02	23634.4
2380.28	23439.2
2379.55	23257.6
2378.82	23363.2
2378.09	23523.4
2377.36	23574.3
2376.63	23515.8
2375.89	23471
2375.16	23617.5
2374.43	23190.2
2373.7	23609.8
2372.97	23455.8
2372.23	23274.5
2371.5	23571
2370.77	23608.1
2370.03	23604.3
2369.3	23409.5
2368.57	23596.6
2367.84	23620.1
2367.1	23520.8
2366.37	23217
2365.63	23077
2364.9	23632
2364.17	23628.2
2363.43	23297.3
2362.7	23579.6
2361.96	23589.4
2361.23	23463
2360.5	23459.2
2359.76	23346.5
2359.03	23859.9
2358.29	23515.8
2357.56	23825
2356.82	23861.9
2356.09	23341.1
2355.35	23473.3
2354.62	23836.7
2353.88	23424.9
2353.14	23597.8
2352.41	23621.2
2351.67	23794
2350.94	23640.7
2350.2	23799.9
2349.46	23891.1
2348.73	23656.3
2347.99	23788.2
2347.25	23499.3
2346.52	23943.4
2345.78	23505.2
2345.04	23691.4
2344.31	23606.1
2343.57	23629.4
2342.83	23801.9
2342.1	23486.1
2341.36	23509.4
2340.62	24020.7
2339.88	23867.7
2339.14	23850.3
2338.41	23656.7
2337.67	23856.1
2336.93	23757.4
2336.19	23469.1
2335.45	23912.1
2334.71	23813.5
2333.98	23917.9
2333.24	23859.8
2332.5	24045.4
2331.76	23892.7
2331.02	24037.6
2330.28	23817.3
2329.54	23718.7
2328.8	23809.5
2328.06	24008.4
2327.32	23936.9
2326.58	24027.6
2325.84	23902.1
2325.1	24154.9
2324.36	23934.8
2323.62	23795.9
2322.88	24035.1
2322.14	23761.1
2321.4	23851.8
2320.66	24144.8
2319.92	23668.6
2319.17	24217.9
2318.43	24213.9
2317.69	23670.5
2316.95	24084.7
2316.21	23945.9
2315.47	23928.5
2314.72	23992
2313.98	24001.6
2313.24	24118.9
2312.5	23886
2311.76	24151.5
2311.01	24147.5
2310.27	24089.7
2309.53	24287.8
2308.79	23974.2
2308.04	24078
2307.3	24087.5
2306.56	24352.7
2305.81	24281.4
2305.07	24062.3
2304.33	24192.8
2303.58	24135.1
2302.84	23862.3
2302.09	24167.5
2301.35	23988.9
2300.61	24294
2299.86	23887
2299.12	23883.1
2298.37	24255.3
2297.63	24305
2296.88	24301.1
2296.14	24203.1
2295.39	23997.8
2294.65	24356.3
2293.9	23788.8
2293.16	24214.1
2292.41	23982.2
2291.67	24233.1
2290.92	24242.5
2290.17	24024.1
2289.43	24315
2288.68	24190.4
2287.94	24508.1
2287.19	24249.5
2286.44	24138.4
2285.7	24161.2
2284.95	24813.4
2284.2	24073
2283.45	24390.4
2282.71	24051.8
2281.96	24502.8
2281.21	24110.8
2280.47	23932.9
2279.72	24330.3
2278.97	24419.9
2278.22	24255.5
2277.47	23903.9
2276.73	24207.5
2275.98	24283.7
2275.23	24025.8
2274.48	24436.1
2273.73	24205
2272.98	24428.1
2272.23	24504.2
2271.49	24099.7
2270.74	23895.5
2269.99	24358.7
2269.24	24461.5
2268.49	24164
2267.74	24160
2266.99	24116
2266.24	24618.9
2265.49	24534.8
2264.74	24357.5
2263.99	24086.9
2263.24	24069.7
2262.49	24318.9
2261.74	24115.1
2260.99	24577.4
2260.24	23920.7
2259.49	24169.8
2258.73	24445.5
2257.98	24481.4
2257.23	24118
2256.48	24659.7
2255.73	24150
2254.98	24492
2254.23	24434.8
2253.47	24271.2
2252.72	24586.3
2251.97	24316.4
2251.22	24604.9
2250.46	24268.6
2249.71	24224.7
2248.96	24220.7
2248.21	24283.2
2247.45	23894
2246.7	24341.6
2245.95	24284.5
2245.19	24572.6
2244.44	24090.8
2243.69	24246.1
2242.93	24507.5
2242.18	24423.8
2241.43	24406.6
2240.67	24402.6
2239.92	24571
2239.16	24301.8
2238.41	24443.6
2237.65	24399.8
2236.9	24435.6
2236.15	24484.6
2235.39	24242.1
2234.64	24423.6
2233.88	24446
2233.13	24428.8
2232.37	24504.2
2231.61	24288.4
2230.86	24549.1
2230.1	24677.4
2229.35	24302.9
2228.59	24457.7
2227.83	24400.7
2227.08	24317.4
2226.32	24207.6
2225.57	24534.1
2224.81	24305.4
2224.05	24327.9
2223.3	24337.1
2222.54	24333.1
2221.78	24553.6
2221.02	24576
2220.27	24743.6
2219.51	24567.9
2218.75	24326.3
2217.99	24388.3
2217.24	24635
2216.48	24261.6
2215.72	24495
2214.96	24240.4
2214.2	24539.7
2213.45	24469.8
2212.69	24399.8
2211.93	24619.9
2211.17	24405
2210.41	24480
2209.65	24871.2
2208.89	24524.7
2208.13	24718.2
2207.37	24516.6
2206.61	24446.8
2205.85	24613.8
2205.09	24596.6
2204.33	24553.1
2203.57	25035.9
2202.81	24255.7
2202.05	24593.6
2201.29	24155.6
2200.53	24440.9
2199.77	24975.8
2199.01	24538
2198.25	24639.1
2197.49	24319.7
2196.73	24631
2195.97	24797.7
2195.2	24465.3
2194.44	24723.9
2193.68	24549.2
2192.92	24768.3
2192.16	24475.5
2191.39	24589.5
2190.63	24821.6
2189.87	24568.3
2189.11	24249.5
2188.34	24442.2
2187.58	24713.5
2186.82	24512.8
2186.06	24390.8
2185.29	24740.6
2184.53	24723.4
2183.77	24876.6
2183	24767.7
2182.24	24527.9
2181.48	24484.6
2180.71	24454.4
2179.95	24502.7
2179.18	24838.9
2178.42	24324.5
2177.66	24542.9
2176.89	24434.2
2176.13	24574.1
2175.36	24713.8
2174.6	24526.7
2173.83	24718.8
2173.07	24623.2
2172.3	24397
2171.54	24680.4
2170.77	24323.6
2170	24450.2
2169.24	25086.1
2168.47	24194.1
2167.71	24855.9
2166.94	24499.4
2166.17	24586.7
2165.41	24765.3
2164.64	24787.3
2163.87	24326.7
2163.11	24570.5
2162.34	24683.8
2161.57	24797.1
2160.81	24519.2
2160.04	24710.7
2159.27	24498.1
2158.5	24494.1
2157.74	24659.4
2156.97	24433.9
2156.2	24612.2
2155.43	24595.1
2154.67	24734.2
2153.9	24495.8
2153.13	24322.6
2152.36	24409.7
2151.59	24444.7
2150.82	24284.6
2150.05	24631.7
2149.28	24653.6
2148.52	24493.6
2147.75	24736.5
2146.98	24784.4
2146.21	24845.3
2145.44	24646.3
2144.67	24499.3
2143.9	24703.1
2143.13	24348.4
2142.36	24500.2
2141.59	24275.4
2140.82	24115.7
2140.05	24501
2139.28	24652.6
2138.5	24648.6
2137.73	24449.9
2136.96	24523.7
2136.19	24338.1
2135.42	24386
2134.65	24343
2133.88	24779.7
2133.1	24749.6
2132.33	24382.8
2131.56	24495.3
2130.79	24374.7
2130.02	24539
2129.24	24444.4
2128.47	24673.3
2127.7	24746.9
2126.93	24587.5
2126.15	24441.1
2125.38	24618.2
2124.61	24640
2123.83	24674.7
2123.06	24192.2
2122.29	24653.6
2121.51	24287.6
2120.74	24283.6
2119.97	24796.4
2119.19	24275.6
2118.42	24581.6
2117.64	24822.9
2116.87	24883.3
2116.09	24659.7
2115.32	24694.4
2114.54	24548.3
2113.77	24557.1
2113	24527.3
2112.22	24665.1
2111.44	24544.9
2110.67	24502.2
2109.89	24652.9
2109.12	24842.2
2108.34	24722
2107.57	24460.2
2106.79	24675.2
2106.01	24903
2105.24	24615.5
2104.46	24547
2103.68	24478.6
2102.91	24448.8
2102.13	24509.1
2101.35	24543.6
2100.58	24475.2
2099.8	24535.5
2099.02	24660.1
2098.24	24617.4
2097.47	24459
2096.69	24583.5
2095.91	24476.6
2095.13	24292.6
2094.36	24455.6
2093.58	24759.9
2092.8	24421.8
2092.02	24880.2
2091.24	24606.3
2090.46	24589.4
2089.68	24277.2
2088.9	24517.1
2088.13	24256.3
2087.35	24188.2
2086.57	24594.7
2085.79	24475.2
2085.01	24458.3
2084.23	24697.9
2083.45	24552.7
2082.67	24587.1
2081.89	24634.3
2081.11	24553.3
2080.33	24613.3
2079.55	24493.9
2078.77	24617.9
2077.98	24255.3
2077.2	24456.1
2076.42	24516.1
2075.64	24281.6
2074.86	24239.2
2074.08	24657.4
2073.3	24794
2072.51	24546.9
2071.73	24325.4
2070.95	24641
2070.17	25110
2069.39	24607.3
2068.6	24603.2
2067.82	24535.2
2067.04	24492.8
2066.26	24501.5
2065.47	24484.7
2064.69	24442.3
2063.91	24361.6
2063.12	24319.3
2062.34	24608.8
2061.56	24438.8
2060.77	24039.2
2059.99	24277.6
2059.2	24324.6
2058.42	24346
2057.64	24367.5
2056.85	24248.7
2056.07	24435.8
2055.28	24393.6
2054.5	24427.7
2053.71	24258
2052.93	24177.6
2052.14	24428.3
2051.36	24640.7
2050.57	24178.2
2049.79	24110.6
2049	24004.7
2048.22	24357
2047.43	24124
2046.64	24094.5
2045.86	24421.2
2045.07	24188.2
2044.28	24324.1
2043.5	23862.3
2042.71	23998.2
2041.92	24311.9
2041.14	24409.5
2040.35	24430.9
2039.56	24185.5
2038.78	24422.7
2037.99	23936.1
2037.2	24351.1
2036.41	24423.2
2035.62	24165.3
2034.84	24199.4
2034.05	24296.8
2033.26	24115.2
2032.47	24377.5
2031.68	24208.6
2030.89	24027.1
2030.11	24365.3
2029.32	24399.3
2028.53	24255.8
2027.74	24619.2
2026.95	24311.1
2026.16	24129.7
2025.37	24125.7
2024.58	24286.3
2023.79	23915.1
2023	24088.3
2022.21	24147.6
2021.42	24548.5
2020.63	24468.5
2019.84	24122.8
2019.05	24068.2
2018.26	23963
2017.47	23908.5
2016.68	24498.6
2015.88	24090.1
2015.09	24199.8
2014.3	24170.5
2013.51	24179.1
2012.72	24124.5
2011.93	24044.7
2011.13	23990.2
2010.34	24125.1
2009.55	24121
2008.76	24243.2
2007.96	24138.2
2007.17	24222.5
2006.38	23877.9
2005.59	24126.1
2004.79	24172.5
2004	24218.9
2003.21	24290.5
2002.41	24362.1
2001.62	23954.8
2000.83	24303.6
2000.03	24387.7
1999.24	24131.7
1998.44	24026.9
1997.65	24425.8
1996.86	24232.9
1996.06	24014.9
1995.27	24325.5
1994.47	24208.2
1993.68	24329.9
1992.88	24099.5
1992.09	24183.5
1991.29	24342.9
1990.5	24188
1989.7	24158.8
1988.9	24192.4
1988.11	24125.6
1987.31	23895.4
1986.52	23828.6
1985.72	24188.8
1984.92	23908.5
1984.13	24306.3
1983.33	24051.2
1982.53	24386
1981.74	24457.2
1980.94	24202.2
1980.14	23947.3
1979.35	24006
1978.55	23851.5
1977.75	24261.2
1976.95	24382.5
1976.16	24052.6
1975.36	23998.4
1974.56	23994.4
1973.76	24441.4
1972.96	24199.3
1972.16	24157.7
1971.37	24166.1
1970.57	24049.4
1969.77	24070.4
1968.97	24028.9
1968.17	24400.2
1967.37	23833.2
1966.57	23841.7
1965.77	23937.7
1964.97	24383.9
1964.17	24017.2
1963.37	24025.7
1962.57	24146.7
1961.77	23955.2
1960.97	24088.6
1960.17	24184.5
1959.37	23730.8
1958.57	24089
1957.77	24010
1956.97	24080.9
1956.17	23677.5
1955.36	23648.5
1954.56	24068.8
1953.76	23989.9
1952.96	24098.1
1952.16	23907
1951.36	24040.2
1950.55	24198.2
1949.75	23782.8
1948.95	23666.7
1948.15	23974.2
1947.34	23721
1946.54	23903.9
1945.74	24124.1
1944.94	23933.2
1944.13	23879.4
1943.33	23775.8
1942.53	23958.5
1941.72	23966.9
1940.92	23739
1940.11	23834.5
1939.31	23631.5
1938.51	23789.2
1937.7	23648.4
1936.9	23793.6
1936.09	23677.8
1935.29	24059.1
1934.48	23632.6
1933.68	23939.2
1932.87	23661.9
1932.07	23670.3
1931.26	23691.2
1930.46	23650
1929.65	23708.1
1928.85	23803.4
1928.04	23489.2
1927.23	23745.7
1926.43	23766.6
1925.62	23713
1924.81	23969.4
1924.01	23506.6
1923.2	23601.8
1922.39	23387.2
1921.59	23717.8
1920.78	23552.8
1919.97	23635.5
1919.17	23730.6
1918.36	23280.8
1917.55	23413.1
1916.74	23632
1915.93	23801.3
1915.13	23401.3
1914.32	23570.6
1913.51	23492.4
1912.7	23612.2
1911.89	23521.6
1911.08	23418.7
1910.28	23489
1909.47	23373.8
1908.66	23456.4
1907.85	23761.3
1907.04	23572
1906.23	23135.7
1905.42	23317.1
1904.61	23399.6
1903.8	23432.7
1902.99	23539.8
1902.18	23424.8
1901.37	23359.2
1900.56	23305.9
1899.75	23721.4
1898.94	23705
1898.13	23281.8
1897.31	23401.1
1896.5	23434.2
1895.69	23898.6
1894.88	23487.9
1894.07	23582.5
1893.26	23295.2
1892.45	23377.5
1891.63	23398.2
1890.82	23369.6
1890.01	23205.7
1889.2	23411
1888.38	23591.6
1887.57	23464.6
1886.76	23423.8
1885.95	23247.6
1885.13	23096.1
1884.32	23411.9
1883.51	23469.4
1882.69	23084.4
1881.88	23781.1
1881.06	23322.4
1880.25	23121.9
1879.44	23597.1
1878.62	22966.7
1877.81	23183.9
1876.99	23364.1
1876.18	23225.2
1875.36	23417.6
1874.55	23425.9
1873.73	23287
1872.92	23491.6
1872.1	23132
1871.29	23336.6
1870.47	23234.5
1869.66	23414.5
1868.84	23435.1
1868.02	22916.4
1867.21	23329.1
1866.39	23631.5
1865.58	23309
1864.76	23501
1863.94	23301.1
1863.13	23260.5
1862.31	23281
1861.49	23326
1860.67	23334.3
1859.86	23098
1859.04	23167.4
1858.22	23114.6
1857.4	23159.6
1856.59	22984.6
1855.77	23029.6
1854.95	23233.4
1854.13	23082.9
1853.31	23518.8
1852.49	23148.4
1851.68	22997.9
1850.86	22823.1
1850.04	22953.5
1849.22	22925.2
1848.4	22835.9
1847.58	22978.5
1846.76	23084.4
1845.94	23031.7
1845.12	22649.7
1844.3	22987.3
1843.48	22629.8
1842.66	22967.4
1841.84	22939.1
1841.02	23044.9
1840.2	23089.7
1839.38	22830
1838.56	22801.8
1837.74	22871
1836.91	22562.7
1836.09	22753.7
1835.27	22798.5
1834.45	23147.6
1833.63	22754.3
1832.81	22969.4
1831.98	22880.4
1831.16	23022.5
1830.34	22884.8
1829.52	22722.9
1828.69	22670.4
1827.87	22703.1
1827.05	22990.8
1826.22	22877.6
1825.4	22655.1
1824.58	22517.6
1823.75	22356
1822.93	22619.3
1822.11	22518.3
1821.28	22490.3
1820.46	22522.9
1819.64	22591.8
1818.81	22891.3
1817.99	22705.5
1817.16	22653.1
1816.34	22734.2
1815.51	22645.4
1814.69	22556.8
1813.86	22601.4
1813.04	22391.6
1812.21	22714.9
1811.39	22384
1810.56	22356
1809.73	22400.6
1808.91	22578.4
1808.08	22344.6
1807.26	22546.6
1806.43	22772.7
1805.6	22248.6
1804.78	22680.3
1803.95	22543.4
1803.12	22479.1
1802.29	22402.7
1801.47	22604.4
1800.64	22624.8
1799.81	22488
1798.98	22435.9
1798.16	22504.5
1797.33	22537
1796.5	22460.7
1795.67	22432.7
1794.84	22247.8
1794.02	22437.2
1793.19	22083.4
1792.36	22321
1791.53	22449.9
1790.7	22180.7
1789.87	22671.4
1789.04	22390.2
1788.21	22290
1787.38	22274.1
1786.55	22234.2
1785.72	22483.4
1784.89	22359.2
1784.06	22487.8
1783.23	22375.6
1782.4	22275.5
1781.57	22283.8
1780.74	22340.2
1779.91	22492.8
1779.08	22296.5
1778.25	22244.6
1777.42	22709.9
1776.58	22249
1775.75	22449.7
1774.92	22277.5
1774.09	22309.8
1773.26	22185.8
1772.42	22314.2
1771.59	22706.9
1770.76	22066.4
1769.93	22459
1769.09	22070.9
1768.26	22175.2
1767.43	22195.4
1766.6	22419.7
1765.76	22547.9
1764.93	22580.1
1764.09	22228.3
1763.26	22392.5
1762.43	22328.7
1761.59	22528.7
1760.76	22357.1
1759.92	22233.4
1759.09	22181.7
1758.26	22058.1
1757.42	22557.5
1756.59	22397.9
1755.75	22262.4
1754.92	22210.7
1754.08	22087.2
1753.24	22167.2
1752.41	21960
1751.57	22207.5
1750.74	22084.1
1749.9	22068.4
1749.07	22052.7
1748.23	22240.2
1747.39	21961.5
1746.56	21909.9
1745.72	22157.2
1744.88	22141.5
1744.05	21862.9
1743.21	21942.8
1742.37	22118.2
1741.53	22078.6
1740.7	21943.5
1739.86	22274
1739.02	21816.7
1738.18	21872.6
1737.34	21868.9
1736.51	21853.2
1735.67	21682.5
1734.83	22108.1
1733.99	21889.8
1733.15	21993.3
1732.31	21751.2
1731.47	21628.3
1730.63	21910.6
1729.79	22085.5
1728.95	21712.5
1728.11	21768.4
1727.27	21705.1
1726.43	21796.6
1725.59	21590.6
1724.75	21741.6
1723.91	21904.5
1723.07	21769.9
1722.23	21682.9
1721.39	21952.7
1720.55	21746.8
1719.71	22099.8
1718.87	21608.7
1718.03	21462.4
1717.18	21601.3
1716.34	21942.1
1715.5	21748.3
1714.66	21720.9
1713.82	21396.6
1712.97	21582.9
1712.13	21923.4
1711.29	21480.5
1710.45	21726
1709.6	21686.7
1708.76	21671.2
1707.92	21406.6
1707.07	21663.8
1706.23	21600.8
1705.39	21561.5
1704.54	21226
1703.7	21542.3
1702.85	21384.6
1702.01	21428.3
1701.17	21235.2
1700.32	21267.1
1699.48	21192.4
1698.63	21342.7
1697.79	21421.9
1696.94	21489.2
1696.1	21532.9
1695.25	21446.4
1694.41	21561
1693.56	21249.8
1692.71	21435.4
1691.87	21668.1
1691.02	21416.2
1690.18	21601.6
1689.33	21349.8
1688.48	21310.7
1687.64	21295.3
1686.79	21220.8
1685.94	21228.9
1685.1	21307.9
1684.25	21316.1
1683.4	21100
1682.55	21202.6
1681.71	21104.6
1680.86	21325.1
1680.01	21121
1679.16	21235.2
1678.31	21137.3
1677.47	21428.4
1676.62	21471.8
1675.77	20949.7
1674.92	21228.9
1674.07	21189.9
1673.22	21504.2
1672.37	21088.4
1671.52	21096.6
1670.67	21140
1669.82	20806.9
1668.97	21203.4
1668.12	21282.1
1667.27	21043.2
1666.42	21227.8
1665.57	21130.1
1664.72	20926.6
1663.87	21075.8
1663.02	21213.2
1662.17	21045.1
1661.32	21041.5
1660.47	20885.2
1659.62	21010.8
1658.76	21242
1657.91	21109.2
1657.06	21140.8
1656.21	21055
1655.36	20934.1
1654.5	21094.7
1653.65	21185
1652.8	20888.1
1651.95	21130.8
1651.09	21408.5
1650.24	20783.6
1649.39	20873.8
1648.53	20823.3
1647.68	20960.4
1646.83	20886.5
1645.97	20988.3
1645.12	21148.6
1644.26	21180.1
1643.41	21106.3
1642.56	20845.1
1641.7	20853.3
1640.85	20896.5
1639.99	21009.9
1639.14	20901
1638.28	20827.2
1637.43	20847
1636.57	20983.7
1635.72	20874.9
1634.86	20824.6
1634	20786
1633.15	21062.8
1632.29	20942.4
1631.43	20927.1
1630.58	20701.6
1629.72	20663.1
1628.87	21068
1628.01	20877.7
1627.15	20804.1
1626.29	20683.9
1625.44	20668.6
1624.58	20828.3
1623.72	20731.5
1622.86	20681.3
1622.01	20561.2
1621.15	20511
1620.29	20274.4
1619.43	20678.7
1618.57	20535.4
1617.71	20636.7
1616.86	20190.6
1616	20524.8
1615.14	20498
1614.28	20471.2
1613.42	20618.9
1612.56	20755
1611.7	20542
1610.84	20550.1
1609.98	20418.7
1609.12	20624.4
1608.26	20574.4
1607.4	20501.1
1606.54	20683.5
1605.68	20401.1
1604.82	20629.9
1603.96	20626.3
1603.09	20332.5
1602.23	20619.2
1601.37	20395.1
1600.51	20519.3
1599.65	20109.6
1598.79	20558.6
1597.92	20102.7
1597.06	20505.1
1596.2	20571.2
1595.34	20857.5
1594.47	20471.4
1593.61	20317.2
1592.75	20348.4
1591.89	20159.5
1591.02	20318.2
1590.16	20245.2
1589.29	20322.8
1588.43	20435.1
1587.57	20246.4
1586.7	20231.3
1585.84	20355.1
1584.97	20259
1584.11	20648.8
1583.25	20194.2
1582.38	20248.5
1581.52	20256.6
1580.65	20183.7
1579.79	20365.2
1578.92	20280.8
1578.06	20658.6
1577.19	20181.4
1576.32	20177.9
1575.46	20543.9
1574.59	20321
1573.73	20259.8
1572.86	20221.7
1571.99	20391.3
1571.13	20053.2
1570.26	20245.8
1569.39	20242.3
1568.52	20250.3
1567.66	20166.1
1566.79	20162.7
1565.92	20170.7
1565.05	20075
1564.19	20405.7
1563.32	19941.4
1562.45	20168.3
1561.58	20107.2
1560.71	20080.7
1559.84	20261.4
1558.98	20154.3
1558.11	20369.5
1557.24	20124.4
1556.37	20362.5
1555.5	20186.4
1554.63	20240.4
1553.76	19972.5
1552.89	20038
1552.02	20138
1551.15	20180.5
1550.28	20085
1549.41	20024.1
1548.54	20009.2
1547.67	20063.1
1546.8	20117.1
1545.93	20148
1545.06	20110.1
1544.18	20026.3
1543.31	19896.6
1542.44	19927.6
1541.57	20073.3
1540.7	20184.5
1539.82	19974.6
1538.95	19971.1
1538.08	19749.9
1537.21	20113.2
1536.33	19788.9
1535.46	19762.5
1534.59	19942.4
1533.72	19961.8
1532.84	19832.4
1531.97	19840.4
1531.1	19825.6
1530.22	20005.2
1529.35	19750
1528.47	19941.1
1527.6	19697.4
1526.72	19842.7
1525.85	19987.9
1524.98	19710.1
1524.1	19683.8
1523.23	19680.4
1522.35	19916.9
1521.48	19627.9
1520.6	19715.8
1519.72	19723.8
1518.85	19674.7
1517.97	19511.5
1517.1	19428.2
1516.22	19539
1515.34	19718.2
1514.47	19600.7
1513.59	19665.7
1512.71	19593.9
1511.84	19613.3
1510.96	19381.8
1510.08	19674.8
1509.21	19340.9
1508.33	19451.5
1507.45	19641.8
1506.57	19820.7
1505.69	19521.1
1504.82	19540.5
1503.94	19639.6
1503.06	19397.1
1502.18	19598.6
1501.3	19538.3
1500.42	19546.3
1499.54	19258.5
1498.66	19482.6
1497.79	19399.7
1496.91	19294
1496.03	19290.6
1495.15	19412.3
1494.27	19397.6
1493.39	19269.2
1492.51	19515.8
1491.63	19103.5
1490.74	19179.7
1489.86	19448.8
1488.98	19104.9
1488.1	19374
1487.22	19313.9
1486.34	19480.7
1485.46	19409.3
1484.58	19303.8
1483.69	19277.8
1482.81	19217.7
1481.93	19361.8
1481.05	19120.4
1480.17	19241.7
1479.28	19159
1478.4	19110.4
1477.52	19288.3
1476.63	19217
1475.75	19089.1
1474.87	18995.2
1473.98	19003.2
1473.1	19135.7
1472.22	19121.1
1471.33	18925.5
1470.45	19080.5
1469.56	18749.2
1468.68	18960.8
1467.79	18980.1
1466.91	19101.1
1466.02	18905.7
1465.14	19184.9
1464.25	19147.6
1463.37	19020.1
1462.48	19061.9
1461.6	18889.2
1460.71	18998.8
1459.83	18803.7
1458.94	19026.1
1458.05	19090.5
1457.17	19064.6
1456.28	18971
1455.39	18888.8
1454.51	18941.9
1453.62	18972.4
1452.73	18845.1
1451.85	18875.6
1450.96	18816
1450.07	18767.7
1449.18	18606.7
1448.29	19189
1447.41	18938
1446.52	19238.6
1445.63	18841.3
1444.74	18894.3
1443.85	18913.5
1442.96	18730.2
1442.07	18951.9
1441.18	18881.2
1440.3	18911.6
1439.41	18874.6
1438.52	18893.8
1437.63	18946.6
1436.74	18842.2
1435.85	18771.5
1434.96	18712.1
1434.06	18888.5
1433.17	18795.4
1432.28	18893.1
1431.39	19125.5
1430.5	18628.4
1429.61	18827.2
1428.72	18801.4
1427.83	18585
1426.94	18693.9
1426.04	18601
1425.15	18788.3
1424.26	18773.8
1423.37	18714.5
1422.47	18722.4
1421.58	18708
1420.69	18727.1
1419.8	18555.9
1418.9	18586.2
1418.01	18840.4
1417.12	18680.4
1416.22	18419.8
1415.33	18662.7
1414.43	18737.8
1413.54	18645
1412.65	18742.4
1411.75	18672
1410.86	18534.6
1409.96	18374.9
1409.07	18584
1408.17	18502.6
1407.28	18789.8
1406.38	18384.4
1405.49	18437
1404.59	18378
1403.7	18609.2
1402.8	18617.1
1401.9	18357.2
1401.01	18777.9
1400.11	18161.1
1399.21	18481.4
1398.32	18277.4
1397.42	18898.6
1396.52	18148.4
1395.63	18256.7
1394.73	18231.2
1393.83	18473.1
1392.93	18525.6
1392.04	18243.9
1391.14	18251.8
1390.24	18215.3
1389.34	18412.4
1388.44	18264.5
1387.54	18239.1
1386.65	18358.3
1385.75	18076.9
1384.85	18118.3
1383.95	18281.9
1383.05	18489.9
1382.15	18264.4
1381.25	18227.8
1380.35	18291.3
1379.45	18121.4
1378.55	18362.7
1377.65	18148.4
1376.75	18123
1375.85	18053.2
1374.95	18227.7
1374.05	17980.3
1373.15	18099.2
1372.24	18362.3
1371.34	18348
1370.44	18145.2
1369.54	17997.8
1368.64	18149.9
1367.73	18168.9
1366.83	17932.9
1365.93	18018.4
1365.03	18070.7
1364.13	17967.8
1363.22	18031.1
1362.32	18072.2
1361.42	17903
1360.51	18298.4
1359.61	18018.5
1358.71	18004.2
1357.8	18156
1356.9	18020
1355.99	17994.8
1355.09	18024.8
1354.18	18054.8
1353.28	18062.7
1352.38	18147.9
1351.47	17934.8
1350.57	18163.6
1349.66	18083.1
1348.75	17903.2
1347.85	18043.6
1346.94	18184
1346.04	18136.7
1345.13	18144.5
1344.22	18130.3
1343.32	18149.2
1342.41	18123.9
1341.51	17856
1340.6	18062.4
1339.69	18070.3
1338.78	17890.7
1337.88	18262.3
1336.97	18204
1336.06	17991.4
1335.15	17999.3
1334.25	18128.3
1333.34	17937.9
1332.43	18011.8
1331.52	17744.5
1330.61	17906.4
1329.7	17903.3
1328.79	17779.1
1327.89	17919
1326.98	17805.9
1326.07	18077.6
1325.16	17997.5
1324.25	17972.3
1323.34	17738.4
1322.43	17889.1
1321.52	17809
1320.61	18102.5
1319.7	17890.6
1318.79	18085.1
1317.88	17653.8
1316.96	18089.7
1316.05	17856.1
1315.14	17874.9
1314.23	17849.8
1313.32	17835.7
1312.41	18106.7
1311.49	17862.3
1310.58	17727.6
1309.67	17877.9
1308.76	17885.7
1307.85	17970.3
1306.93	17682.2
1306.02	17832.5
1305.11	17818.4
1304.19	17968.5
1303.28	17702.6
1302.37	17688.6
1301.45	17455.6
1300.54	17671.4
1299.62	17821.4
1298.71	17851.1
1297.8	17705.8
1296.88	17932.3
1295.97	17612.1
1295.05	17740.1
1294.14	17649.6
1293.22	17602.8
1292.31	17643.4
1291.39	17487.3
1290.47	17768.2
1289.56	17754.1
1288.64	17543.6
1287.73	17737
1286.81	17406.4
1285.89	17337.9
1284.98	17542.1
1284.06	17549.9
1283.14	17688.6
1282.23	17609.1
1281.31	17333.5
1280.39	17711.9
1279.47	17305.6
1278.56	17455.1
1277.64	17517.4
1276.72	17743
1275.8	17347.8
1274.88	17388.3
1273.96	17439.7
1273.05	17273.3
1272.13	17357.3
1271.21	17332.5
1270.29	17514.4
1269.37	17282.9
1268.45	17312.4
1267.53	17244.1
1266.61	17393.3
1265.69	17325
1264.77	17289.3
1263.85	16992.9
1262.93	17391.9
1262.01	17269.3
1261.09	17374.9
1260.17	17187.2
1259.25	16869.4
1258.32	17354.8
1257.4	17134.7
1256.48	17294.4
1255.56	17226.3
1254.64	16908.7
1253.71	17155.1
1252.79	17184.6
1251.87	17300.8
1250.95	17297.7
1250.02	17023.8
1249.1	17204.9
1248.18	17245.2
1247.25	17144.7
1246.33	17282.4
1245.41	16997.9
1244.48	17070.6
1243.56	17208.3
1242.64	17097.1
1241.71	17158.9
1240.79	17101.8
1239.86	17152.9
1238.94	16944.4
1238.01	17157.6
1237.09	17089.7
1236.16	17248.8
1235.24	16889.2
1234.31	17253.5
1233.39	17250.4
1232.46	17193.4
1231.53	17211.9
1230.61	17154.9
1229.68	17162.6
1228.75	17094.9
1227.83	17221.3
1226.9	17153.5
1225.97	17279.9
1225.05	16985.7
1224.12	17068.9
1223.19	16925.7
1222.26	16879.6
1221.34	16887.4
1220.41	17153.8
1219.48	16978.4
1218.55	16921.5
1217.62	17004.7
1216.69	16894
1215.76	16987.9
1214.84	16888
1213.91	17121.7
1212.98	17011.1
1212.05	16900.5
1211.12	16929.8
1210.19	16980.5
1209.26	16622.7
1208.33	16856.3
1207.4	16896.3
1206.47	16785.8
1205.54	16804.3
1204.6	16822.8
1203.67	16938
1202.74	16827.6
1201.81	16824.6
1200.88	16832.3
1199.95	16936.7
1199.02	17116.1
1198.08	16780.5
1197.15	16541.5
1196.22	16710.1
1195.29	16728.6
1194.35	16714.9
1193.42	16722.7
1192.49	16537.5
1191.56	16845.3
1190.62	16488.8
1189.69	16657.2
1188.75	16900.6
1187.82	16587.1
1186.89	16669.8
1185.95	16955.8
1185.02	17081.2
1184.08	16746.5
1183.15	16786.3
1182.21	17072.1
1181.28	16673.4
1180.34	16745.3
1179.41	16678.1
1178.47	16632.4
1177.54	16832.5
1176.6	16797.5
1175.67	16484.6
1174.73	16684.7
1173.79	16713.7
1172.86	16571.9
1171.92	16846.6
1170.98	16768.9
1170.05	16477.7
1169.11	16720.2
1168.17	16674.6
1167.23	16650.3
1166.3	16839.2
1165.36	16367.1
1164.42	16673.3
1163.48	16702.3
1162.54	16635.4
1161.61	16568.5
1160.67	16608.2
1159.73	16456.1
1158.79	16463.8
1157.85	16620.6
1156.91	16564.4
1155.97	16529.5
1155.03	16686.2
1154.09	16491.7
1153.15	16542
1152.21	16634.8
1151.27	16334
1150.33	16373.7
1149.39	16700.3
1148.45	16421
1147.51	16460.5
1146.57	16393.9
1145.62	16497.2
1144.68	16494.2
1143.74	16576.2
1142.8	16435.3
1141.86	16496
1140.92	16620.4
1139.97	16277.9
1139.03	16603.9
1138.09	16579.7
1137.14	16576.8
1136.2	16372.3
1135.26	16348.2
1134.31	16398.3
1133.37	16427.1
1132.43	16509
1131.48	16537.8
1130.54	16407.8
1129.6	16563.7
1128.65	16497.2
1127.71	16451.9
1126.76	16565.4
1125.82	16435.4
1124.87	16527.7
1123.93	16387.3
1122.98	16236.2
1122.04	16265.1
1121.09	16452.5
1120.14	16544.7
1119.2	16499.5
1118.25	16433.1
1117.31	16419.6
1116.36	16448.4
1115.41	16318.7
1114.46	16368.6
1113.52	16460.7
1112.57	16394.4
1111.62	16212
1110.68	16356.9
1109.73	16332.8
1108.78	16329.9
1107.83	16337.5
1106.88	16355.7
1105.93	16268.4
1104.99	16286.6
1104.04	16462.9
1103.09	16301.8
1102.14	16509.6
1101.19	16296
1100.24	16440.5
1099.29	16395.5
1098.34	16561
1097.39	16200.1
1096.44	16407.7
1095.49	16457.4
1094.54	16612.3
1093.59	16377.9
1092.64	16217.2
1091.69	16140.7
1090.74	16421.7
1089.78	16345.1
1088.83	16300.2
1087.88	16108.1
1086.93	16399.4
1085.98	16249.4
1085.03	16288.5
1084.07	16264.6
1083.12	16335.1
1082.17	16080.3
1081.21	16077.4
1080.26	16179.5
1079.31	16501.8
1078.36	16058.3
1077.4	16097.4
1076.45	16199.3
1075.49	16154.5
1074.54	16214.5
1073.59	16096.3
1072.63	16062
1071.68	16205.8
1070.72	16171.4
1069.77	16315.1
1068.81	16134.2
1067.86	16256.9
1066.9	16149.4
1065.95	16052.3
1064.99	15923.9
1064.03	16077.9
1063.08	16190.1
1062.12	16281.3
1061.16	16194.7
1060.21	16296.3
1059.25	16063.5
1058.29	16133.8
1057.34	15890.6
1056.38	15950.4
1055.42	15895.3
1054.46	16184.8
1053.51	16025.3
1052.55	16074.6
1051.59	15967.4
1050.63	16016.7
1049.67	16034.7
1048.71	16052.7
1047.76	15997.6
1046.8	16182.4
1045.84	15908.5
1044.88	16145.3
1043.92	15850.7
1042.96	16077
1042	15897
1041.04	15738
1040.08	15599.7
1039.12	16107.1
1038.16	15854.4
1037.2	15976.4
1036.24	16077.6
1035.27	15804.2
1034.31	15957.4
1033.35	15840.1
1032.39	15910.1
1031.43	15969.6
1030.47	15769.2
1029.5	16057.4
1028.54	15929.8
1027.58	15812.7
1026.62	15965.6
1025.65	16004.3
1024.69	15762.6
1023.73	15925.9
1022.76	15808.8
1021.8	15972
1020.84	15855
1019.87	15955.9
1018.91	15569.2
1017.94	15763.5
1016.98	15833.2
1016.02	15830.4
1015.05	15920.8
1014.09	15928.3
1013.12	15842.5
1012.16	15746.5
1011.19	15785
1010.22	15865.1
1009.26	15872.5
1008.29	15817.9
1007.33	15773.7
1006.36	15719.1
1005.39	15861.1
1004.43	15910
1003.46	15648.5
1002.49	15656.1
1001.53	15808.3
1000.56	15619.4
999.591	15719.9
998.623	15944.4
997.655	15755.6
996.687	15856.1
995.719	15863.5
994.75	15788.4
993.782	15775.2
992.813	15473
991.844	15707.6
990.875	15694.4
989.906	15918.6
988.936	15946.6
987.966	15665.3
986.997	15806.8
986.027	15432.9
985.056	15770.2
984.086	15674.6
983.115	15805.7
982.145	15442.3
981.174	15830.9
980.203	15591.2
979.232	15681.1
978.26	15369.4
977.289	15706.3
976.317	15641.7
975.345	15649.2
974.373	15636.1
973.4	15612.7
972.428	15681.8
971.455	15658.4
970.483	15614.5
969.51	15920
968.536	15403.3
967.563	15626.6
966.59	15685.4
965.616	15744.2
964.642	15874.8
963.668	15676.9
962.694	15684.3
961.719	15630.1
960.745	15658.1
959.77	15624.5
958.795	15867.8
957.82	15465
956.845	15564.8
955.869	15818.2
954.894	15723.1
953.918	15843.2
952.942	15666.2
951.966	15755.6
950.989	15455.7
950.013	15760.1
949.036	15583.2
948.059	15754.4
947.082	15505.9
946.105	15820.3
945.128	15531
944.15	15364.5
943.172	15504.9
942.194	15655.5
941.216	15642.4
940.238	15578.3
939.259	15698.1
938.281	15306.9
937.302	15600.5
936.323	15556.8
935.344	15370.1
934.364	15561.3
933.385	15436
932.405	15484.3
931.425	15318.2
930.445	15407.2
929.465	15557.4
928.485	15605.6
927.504	15623.2
926.523	15518.4
925.542	15586.9
924.561	15737
923.58	15469.2
922.598	15517.3
921.617	15463.6
920.635	15358.9
919.653	15417.2
918.671	15455.2
917.688	15411.7
916.706	15551.3
915.723	15456.9
914.74	15342.2
913.757	15410.6
912.774	15468.9
911.79	15577.9
910.807	15554.8
909.823	15409.6
908.839	15559.3
907.855	15150
906.87	15472.4
905.886	15378.1
904.901	15710.5
903.916	15159.3
902.931	15156.6
901.946	15387.3
900.961	15323.6
899.975	15229.5
898.989	15389
898.003	15264.5
897.017	15586.2
896.031	15441.5
895.044	15266.3
894.058	15395.3
893.071	15352
892.084	15450.5
891.097	15275.5
890.109	15212
889.122	15280.1
888.134	15338
887.146	15406.1
886.158	15302.1
885.17	15329.7
884.181	15468.5
883.193	15364.6
882.204	15270.7
881.215	15308.4
880.226	15285.4
879.236	15393.8
878.247	15401.1
877.257	15469
876.267	15486.4
875.277	15332.1
874.287	15379.8
873.296	15437.6
872.306	15394.4
871.315	15371.4
870.324	15287.9
869.333	15153.9
868.341	15201.6
867.35	15420.7
866.358	15226.3
865.366	15233.6
864.374	15452.6
863.382	15238.2
862.39	15366.4
861.397	15444.2
860.404	15582.4
859.411	15347.9
858.418	15314.9
857.425	15604.1
856.431	15450.3
855.438	15407.2
854.444	15152.8
853.45	15130
852.455	15439
851.461	15184.8
850.466	15393.2
849.472	15340.1
848.477	15216.7
847.481	15475.2
846.486	15311.6
845.491	15369.1
844.495	15235.7
843.499	15172.7
842.503	15290.4
841.507	15307.7
840.51	15575.9
839.514	15262
838.517	15178.9
837.52	15196.2
836.523	15464.2
835.526	15250.8
834.528	15378.4
833.53	15145
832.533	15452.9
831.534	15319.8
830.536	15186.8
829.538	15264.2
828.539	15321.5
827.54	15328.7
826.541	15095.6
825.542	15313.1
824.543	15050.1
823.543	15137.4
822.544	15344.7
821.544	15041.9
820.544	15059.1
819.544	15116.3
818.543	15163.6
817.543	15020.9
816.542	15208
815.541	15165.2
814.54	15162.5
813.538	15249.6
812.537	15336.6
811.535	15134.2
810.533	15051.6
809.531	14998.9
808.529	15185.7
807.526	15262.8
806.524	15140.3
805.521	15167.4
804.518	14855.6
803.515	15451
802.511	15258.8
801.508	15036.8
800.504	15133.7
799.5	14971.5
798.496	15038.5
797.492	15175.1
796.487	15262
795.483	15229.3
794.478	15007.6
793.473	15044.6
792.468	14912.5
791.462	14919.8
790.457	15235.3
789.451	15103.2
788.445	15170
787.439	14988.3
786.433	15323.5
785.426	15191.5
784.42	14990
783.413	15275.3
782.406	15143.4
781.399	15309.4
780.391	15098.2
779.384	15145
778.376	15181.9
777.368	15159.3
776.36	15087.1
775.351	15143.8
774.343	15230.3
773.334	15039.2
772.325	15234.6
771.316	14954.4
770.307	15100.2
769.297	15285.7
768.288	15045.2
767.278	15032.5
766.268	15188.2
765.258	15333.9
764.247	15281.6
763.237	15031.4
762.226	15117.7
761.215	15045.7
760.204	15112.1
759.193	15356.6
758.181	15165.9
757.17	14916
756.158	14903.4
755.146	15187.2
754.134	15046.1
753.121	15142.1
752.109	15109.7
751.096	15324.1
750.083	15035
749.07	15081.6
748.056	15157.8
747.043	15164.9
746.029	15024
745.015	15100.1
744.001	15057.9
742.987	14907.3
741.972	14884.8
740.958	14921.5
739.943	14958.2
738.928	15172.2
737.913	14844.3
736.897	15117.3
735.882	14937.3
734.866	14865.7
733.85	15000.7
732.834	14978.3
731.818	15192
730.801	14933.4
729.784	15137.2
728.767	14996.8
727.75	14935
726.733	14883.1
725.716	14929.5
724.698	14848.2
723.68	14874.9
722.662	15019.5
721.644	14908.7
720.626	14807.8
719.607	14913.1
718.588	14988.8
717.569	14986.1
716.55	14787.1
715.531	14960.9
714.511	14948.4
713.492	14808.3
712.472	14933.1
711.452	15057.8
710.432	14888.4
709.411	15032.6
708.39	14912.3
707.37	14713.6
706.349	14946
705.327	14923.6
704.306	15028.6
703.284	14820.2
702.263	14807.7
701.241	14775.6
700.219	14997.9
699.196	15024.5
698.174	14914.1
697.151	15048.3
696.128	14967.3
695.105	15042.7
694.082	15206.1
693.058	14968.8
692.035	14995.3
691.011	14963.3
689.987	14989.8
688.963	15045.6
687.938	15169.8
686.914	14942.5
685.889	15056.8
684.864	14849.2
683.839	14865.9
682.813	15068
681.788	15094.5
680.762	14886.9
679.736	15235.1
678.71	15056.9
677.684	15083.3
676.657	14914.9
675.631	15019.3
674.604	14899.7
673.577	14984.5
672.549	14894.2
671.522	14969.3
670.494	14869.2
669.466	15070.8
668.438	14912.3
667.41	15074.9
666.382	15101.3
665.353	15040.2
664.325	14998.5
663.296	14811.1
662.266	14876.4
661.237	14844.5
660.208	14987.4
659.178	15246.9
658.148	14875.1
657.118	15202.4
656.088	14995.8
655.057	14993
654.026	15038.7
652.996	14880.7
651.964	14771.3
650.933	15059.5
649.902	14843.4
648.87	14879.4
647.838	14760.4
646.806	14922.4
645.774	14939
644.742	14849
643.709	15001.3
642.676	14979.1
641.643	14860.2
640.61	15089.7
639.577	14748.2
638.543	14977.7
637.51	14849.2
636.476	14836.7
635.442	15066.1
634.407	14840.9
633.373	14983.2
632.338	14883.7
631.303	14958.3
630.268	14974.8
629.233	14904.4
628.197	14824.4
627.162	14985.8
626.126	15118.2
625.09	15279.5
624.054	14967.8
623.017	15167.7
621.981	14759.7
620.944	14737.7
619.907	15062.8
618.87	14934.7
617.832	14883.7
616.795	15170.1
615.757	14984.2
614.719	14962.2
613.681	15094.2
612.643	15303.3
611.604	14924.9
610.565	14883.7
609.526	15111.9
608.487	14878.1
607.448	15038.9
606.409	15084.3
605.369	14889.1
604.329	15069
603.289	15027.8
602.249	15150
601.208	15041.4
600.168	14942.5
599.127	14987.8
598.086	15061.9
597.044	15039.9
596.003	14931.4
594.961	14871.1
593.92	14945.1
592.878	14932.7
591.835	15112.3
590.793	15042.3
589.75	14818.9
588.708	14902.4
587.665	15168.1
586.621	15079
585.578	15076.2
584.535	14977.6
583.491	14879
582.447	15144.5
581.403	14816
580.358	14966.5
579.314	14963.7
578.269	14970.5
577.224	14728.4
576.179	14974.5
575.134	14981.3
574.088	15093.2
573.043	14994.8
571.997	15020.7
570.951	14951
569.904	14699.7
568.858	14945.4
567.811	14770.7
566.764	15035.4
565.717	14946.6
564.67	15001.1
563.623	14826.5
562.575	14852.4
561.527	15011.9
560.479	14970.9
559.431	14929.9
558.382	15003.5
557.334	14924.4
556.285	14845.3
555.236	15061.8
554.187	14944.6
553.137	14846.6
552.088	15053.4
551.038	15012.5
549.988	14904.9
548.938	14987.9
547.887	14937.5
546.837	15010.8
545.786	14912.9
544.735	15081.3
543.684	14992.9
542.633	15208.9
541.581	15206
540.529	15146.2
539.477	14858.2
538.425	15083.5
537.373	15052.2
536.32	14849.8
535.268	14942.1
534.215	14929.8
533.161	14832
532.108	14724.8
531.055	14826.5
530.001	14833.2
528.947	14792.5
527.893	14913.1
526.839	14929.2
525.784	14850.6
524.729	14800.4
523.674	14920.9
522.619	14757
521.564	15010.1
520.509	14874.6
519.453	14815
518.397	15001.7
517.341	14695.9
516.285	14712
515.228	14737.7
514.172	14734.9
513.115	14864.7
512.058	14597
511	14707.8
509.943	14534.8
508.885	14759
507.827	14794
506.769	14592.8
505.711	14760.2
504.653	14540.1
503.594	14764.1
502.535	14903
501.476	14796.3
500.417	14821.9
499.357	14932.4
498.298	14618.2
497.238	14653.2
496.178	14669.3
495.118	14694.9
494.057	14607.2
492.997	14595.1
491.936	14592.3
490.875	14721.6
489.813	14483.2
488.752	14668.9
487.69	14609.7
486.629	14767
485.567	14726.6
484.504	14695.6
483.442	14664.6
482.379	14511.3
481.316	14461.5
480.253	14487.1
479.19	14785.3
478.127	14754.3
477.063	14619.9
475.999	14607.8
474.935	14548.7
473.871	14433.2
472.807	14458.7
471.742	14587.5
470.677	14847.7
469.612	14647.7
468.547	14569.9
467.482	14651.6
466.416	14592.6
465.35	14542.9
464.284	14699.7
463.218	14828.2
462.152	14487.8
461.085	14869.5
460.018	14726.1
458.951	14507.8
457.884	14776.8
456.817	14642.9
455.749	14799.4
454.681	14721.7
453.613	14896.8
452.545	14725.5
451.477	14769.6
450.408	14617.1
449.339	14642.4
448.27	14705.1
447.201	15067.1
446.131	14718.3
445.062	14612.7
443.992	14759.5
442.922	14644.6
441.852	14772.6
440.781	14769.9
439.711	14552.3
438.64	14596.2
437.569	14948.3
436.498	14758.8
435.426	14774.7
434.355	14930.5
433.283	14825.1
432.211	15102.1
431.138	14940.8
430.066	14863.4
428.993	14935.1
427.921	14857.8
426.848	14603.4
425.774	14656.5
424.701	14719
423.627	14604.4
422.553	14909
421.479	14589.6
420.405	15043
419.331	14872.7
418.256	14637.2
417.181	14718.2
416.106	14445.7
415.031	15019.6
413.955	14728.5
412.88	14521.2
411.804	14657.9
410.728	14460
409.651	14726.7
408.575	14770.4
407.498	14767.6
406.421	14913.4
405.344	14697
404.267	14629.3
403.189	14682.2
402.112	14698
401.034	14732.3
399.956	15044.9
398.877	14782.4
397.799	14594.2
396.72	14656.4
395.641	14672.1
394.562	14762
393.483	14657.3
392.403	14821.3
391.324	14549.9
390.244	14593.5
389.164	14627.8
388.083	14800.9
387.003	14539
385.922	14749
384.841	14912.8
383.76	14678.7
382.678	14444.8
381.597	14627
380.515	14624.2
379.433	14695.4
378.351	14692.6
377.269	14671.4
376.186	14631.6
375.103	14693.5
374.02	14709.2
372.937	14651
371.854	14648.3
370.77	14774.7
369.686	14707.3
368.602	14566.2
367.518	14637.2
366.434	14717.5
365.349	14659.4
364.264	14721.1
363.179	14764.4
362.094	14641.8
361.008	14657.5
359.923	14590.2
358.837	14716.4
357.751	14538.7
356.664	14674
355.578	14698.9
354.491	14650.1
353.404	14739.3
352.317	14552.6
351.23	14715.4
350.142	14501.1
349.055	14792.5
347.967	14605.9
346.879	14704.2
345.79	14627.9
344.702	14808.9
343.613	14622.4
342.524	14739
341.435	14571
340.346	14715.1
339.256	14501.2
338.166	14599.4
337.076	14660.9
335.986	14896.6
334.896	14737.8
333.805	14817.6
332.714	14686.4
331.623	14711.1
330.532	14745
329.441	14788
328.349	14547.1
327.257	14883.2
326.165	14569
325.073	14859.2
323.981	14517.7
322.888	14752.9
321.795	14622
320.702	14683.3
319.609	14598.2
318.515	14485.7
317.421	14537.8
316.328	14635.6
315.233	14660.3
314.139	14675.7
313.045	14398.9
311.95	14825.5
310.855	14649.1
309.76	14655.5
308.664	14561.4
307.569	14613.4
306.473	14492
305.377	14680.9
304.281	14614.2
303.184	14629.7
302.088	14709
300.991	14514.7
299.894	14712.5
298.797	14536.6
297.699	14743.4
296.602	14549.3
295.504	14710.5
294.406	14789.6
293.307	14531.9
292.209	14620.2
291.11	14581
290.011	14751.1
288.912	14575.4
287.813	14509
286.713	14479
285.614	14439.8
284.514	14564.4
283.414	14398
282.313	14504.3
281.213	14556.1
280.112	14571.5
279.011	14341.6
277.91	14647.7
276.808	14526.8
275.707	14333.5
274.605	14512.2
273.503	14500.4
272.401	14561.2
271.298	14803.3
270.195	14483.1
269.093	14480.3
267.989	14649.8
266.886	14538.3
265.783	14598.9
264.679	14414.9
263.575	14575.3
262.471	14472.9
261.367	14442.9
260.262	14720.8
259.157	14509.9
258.052	14660.9
256.947	14513.4
255.842	14510.6
254.736	14553.1
253.63	14667.9
252.524	14610.8
251.418	14508.6
250.312	14523.9
249.205	14756.1
248.098	14428
246.991	14551.8
245.884	14521.9
244.776	14735.8
243.668	14380.9
242.56	14468.5
241.452	14646.2
240.344	14444.9
239.235	14577.5
238.127	14295.1
237.018	14319.4
235.908	14451.9
234.799	14539.3
233.689	14554.6
232.58	14389.6
231.47	14368.8
230.359	14411.1
229.249	14255.3
228.138	14261.6
227.027	14240.8
225.916	14382.1
224.805	14307.4
223.693	14628.6
222.582	14391.9
221.47	14398.1
220.357	14449.3
219.245	14482.5
218.133	14407.9
217.02	14414.1
215.907	14501.2
214.794	14489.5
213.68	14612.4
212.566	14340.2
211.453	14409.3
210.338	14469.4
209.224	14412.8
208.11	14392.1
206.995	14640.5
205.88	14395.6
204.765	14410.8
203.65	14506.6
202.534	14557.6
201.418	14393.5
200.302	14480.4
199.186	14495.5
198.07	14349.5
196.953	14301.9
195.836	14370.8
194.719	14054.8
193.602	14374.3
192.484	14514.7
191.367	14395.6
190.249	14330.3
189.131	14354.3
188.012	14369.5
186.894	14348.9
185.775	14301.4
184.656	14271.9
183.537	14430
182.417	14105.6
181.298	14406.6
180.178	14359.2
179.058	14097.5
177.938	14103.7
176.817	14279.5
175.696	14107.3
174.575	14247.3
173.454	14280.3
172.333	14206.2
171.211	14060.8
170.09	14129.4
168.968	14278.2
167.845	14230.9
166.723	14058.9
165.6	14243.3
164.478	14240.6
163.354	14095.4
162.231	14306.3
161.108	14330.3
159.984	14158.5
158.86	14111.3
157.736	14117.5
156.612	14016.9
155.487	14245.4
154.362	14180.5
153.237	14195.5
152.112	14059.5
150.987	14234.5
149.861	14134.1
148.735	14113.6
147.609	14297.4
146.483	14454.4
145.356	14283
144.229	14253.6
143.102	14472.7
141.975	14505.4
140.848	14396.2
139.72	14154
138.592	14381.8
137.464	14494.3
136.336	14092.7
135.208	14258.3
134.079	14370.8
132.95	14182
131.821	14214.7
130.692	14274
129.562	14165
128.432	14224.2
127.302	13982.5
126.172	14174.5
125.042	14171.8
123.911	14275.2
122.78	14254.8
121.649	14508.4
120.518	14222.8
119.386	14264.2
118.255	14111.3
117.123	14408.9
115.991	14353.2
114.858	14209.1
113.726	14427.1
112.593	14177.2
111.46	14086.2
110.327	14101.1
109.193	13816.1
108.06	13663.5
106.926	13643.2
105.791	13270.2
104.657	12941.5
103.523	12401.4
102.388	11861.4
101.253	10907.6
100.118	9769.13
98.9822	8490.19
97.8466	7475.92
96.7107	6277.15
95.5746	5413.33
94.4383	4708.25
93.3018	4126.63
92.165	3835.53
91.0281	3553.34
89.8909	3403.16
88.7535	3235.46
87.6159	3199.67
86.478	3137.53
85.34	3066.63
84.2017	3013.33
83.0632	3012.75
81.9245	2977.04
80.7856	2879.89
79.6464	2940.78
78.5071	2948.99
77.3675	2957.2
76.2277	2930.31
75.0876	2964.83
73.9474	2902.87
72.8069	2911.08
71.6662	2875.45
70.5253	2892.42
69.3842	2813
68.2428	2943.88
67.1012	2846.95
65.9594	2916.47
64.8174	2854.61
63.6752	2897.83
62.5327	2853.51
61.3901	2905.46
60.2472	2878.65
59.1041	2860.6
57.9607	2825.07
56.8172	2894.48
55.6734	2902.66
54.5294	2797.21
53.3852	2919.02
52.2407	2857.29
51.0961	2917.89
