-0.9561,       0
-0.9461,       0
-0.9361,       0
-0.9261,       0
-0.9161,       0
-0.9061,       0
-0.8961,       0
-0.8861,       0
-0.8761,       0
-0.8661,       0
-0.8561,       0
-0.8461,       0
-0.8361,       0
-0.8261,       0
-0.8161,       0
-0.8061,       0
-0.7961,       0
-0.7861,       0
-0.7761,       0
-0.7661,       0
-0.7561,       0
-0.7461,       0
-0.7361,       0
-0.7261,       0
-0.7161,       0
-0.7061,       0
-0.6961,       0
-0.6861,       0
-0.6761,       0
-0.6661,       0
-0.6561,       0
-0.6461,       0
-0.6361,       0
-0.6261,       0
-0.6161,       0
-0.6061,       0
-0.5961,       0
-0.5861,       0
-0.5761,       0
-0.5661,       0
-0.5561,       0
-0.5461,       0
-0.5361,       0
-0.5261,       0
-0.5161,       0
-0.5061,       0
-0.4960,       0
-0.4860,       0
-0.4760,       0
-0.4660,       0
-0.4560,       0
-0.4460,       0
-0.4360,       0
-0.4260,       0
-0.4160,       0
-0.4060,       0
-0.3960,       0
-0.3860,       0
-0.3760,       0
-0.3660,       0
-0.3560,       0
-0.3460,       0
-0.3360,       0
-0.3260,       0
-0.3160,       0
-0.3060,       0
-0.2960,       0
-0.2860,       0
-0.2760,       1
-0.2660,       0
-0.2560,       1
-0.2460,       0
-0.2360,      -1
-0.2260,       1
-0.2160,      -1
-0.2060,      -3
-0.1960,       0
-0.1860,      -2
-0.1760,       1
-0.1660,      -1
-0.1560,       2
-0.1460,      -7
-0.1360,      -1
-0.1260,      26
-0.1160,     -20
-0.1060,     -38
-0.0960,      -9
-0.0860,     -16
-0.0760,      23
-0.0660,      16
-0.0560,     115
-0.0460,     -55
-0.0360,     180
-0.0260,    -118
-0.0160,      12
-0.0060,      23
 0.0040,    -218
 0.0140,     268
 0.0240,    -335
 0.0340,     113
 0.0440,     169
 0.0540,    -171
 0.0640,      42
 0.0740,      41
 0.0840,     -12
 0.0940,     -30
 0.1040,       5
 0.1140,      -9
 0.1240,      -8
 0.1340,       6
 0.1440,      -1
 0.1540,      -1
 0.1640,       1
 0.1740,       0
 0.1840,       0
 0.1940,       1
 0.2040,       0
 0.2140,       0
 0.2240,       0
 0.2340,       1
 0.2440,       0
 0.2540,       1
 0.2640,       0
 0.2740,       0
 0.2840,       0
 0.2940,       0
 0.3040,       2
 0.3140,      -2
 0.3240,     -10
 0.3340,      -3
 0.3440,      -9
 0.3540,      -6
 0.3640,      -4
 0.3740,     -26
 0.3840,     -28
 0.3940,      -8
 0.4040,       2
 0.4140,      -6
 0.4240,       2
 0.4340,     -16
 0.4440,      -1
 0.4540,      -3
 0.4640,       4
 0.4740,      -3
 0.4840,     -13
 0.4940,     -18
 0.5041,     -15
 0.5141,      -6
 0.5241,      -6
 0.5341,       0
 0.5441,     -14
 0.5541,      -3
 0.5641,     -11
 0.5741,      -4
 0.5841,     -21
 0.5941,      -1
 0.6041,      -2
 0.6141,      -3
 0.6241,      -8
 0.6341,      -6
 0.6441,     -19
 0.6541,      -1
 0.6641,      -8
 0.6741,     -13
 0.6841,     -15
 0.6941,     -15
 0.7041,      -2
 0.7141,      11
 0.7241,     -10
 0.7341,     -12
 0.7441,      -1
 0.7541,     -16
 0.7641,     -13
 0.7741,      -2
 0.7841,      -7
 0.7941,     -13
 0.8041,       0
 0.8141,     -11
 0.8241,     -11
 0.8341,      -7
 0.8441,     -13
 0.8541,       0
 0.8641,      -6
 0.8741,      -2
 0.8841,     -10
 0.8941,      -9
 0.9041,     -22
 0.9141,      -5
 0.9241,     -10
 0.9341,     -23
 0.9441,       4
 0.9541,     -25
 0.9641,      -6
 0.9741,     -11
 0.9841,      -5
 0.9941,      -4
 1.0041,     -15
 1.0141,     -14
 1.0241,     -18
 1.0341,       0
 1.0441,     -10
 1.0541,      -4
 1.0641,     -12
 1.0741,     -20
 1.0841,       3
 1.0941,     -12
 1.1041,     -15
 1.1141,      -7
 1.1241,      -3
 1.1341,      -8
 1.1441,       7
 1.1541,       5
 1.1641,      -4
 1.1741,       0
 1.1841,      -8
 1.1941,       4
 1.2041,       5
 1.2141,     -16
 1.2241,       2
 1.2341,       3
 1.2441,       2
 1.2541,     -17
 1.2641,      -1
 1.2741,      -8
 1.2841,     -17
 1.2941,      -4
 1.3041,      -4
 1.3141,      -5
 1.3241,      -2
 1.3341,      15
 1.3441,      -7
 1.3541,      -6
 1.3641,      -3
 1.3741,      -3
 1.3841,      -7
 1.3941,     -16
 1.4041,      10
 1.4141,      -7
 1.4241,     -10
 1.4341,      -7
 1.4441,      -1
 1.4541,      -6
 1.4641,      -3
 1.4741,      -5
 1.4841,      -4
 1.4941,     -13
 1.5042,      -4
 1.5142,     -10
 1.5242,     -19
 1.5342,      -3
 1.5442,      -8
 1.5542,      -9
 1.5642,       8
 1.5742,      -8
 1.5842,       5
 1.5942,       2
 1.6042,      -6
 1.6142,     -11
 1.6242,     -10
 1.6342,     -17
 1.6442,       6
 1.6542,      -7
 1.6642,      -3
 1.6742,      -6
 1.6842,       2
 1.6942,      -6
 1.7042,      14
 1.7142,       6
 1.7242,      26
 1.7342,      23
 1.7442,      16
 1.7542,      10
 1.7642,      25
 1.7742,      14
 1.7842,      16
 1.7942,       0
 1.8042,      12
 1.8142,       4
 1.8242,       5
 1.8342,      -6
 1.8442,      -4
 1.8542,      -7
 1.8642,     -17
 1.8742,     -25
 1.8842,     -28
 1.8942,     -29
 1.9042,     -46
 1.9142,     -64
 1.9242,     -66
 1.9342,     -79
 1.9442,     -79
 1.9542,     -95
 1.9642,     -85
 1.9742,     -79
 1.9842,     -77
 1.9942,     -62
 2.0042,     -60
 2.0142,     -46
 2.0242,     -48
 2.0342,     -23
 2.0442,     -19
 2.0542,     -20
 2.0642,     -10
 2.0742,     -20
 2.0842,       0
 2.0942,      -8
 2.1042,     -12
 2.1142,      -2
 2.1242,      -2
 2.1342,     -11
 2.1442,     -12
 2.1542,       1
 2.1642,      -9
 2.1742,      -6
 2.1842,      -6
 2.1942,      -5
 2.2042,       0
 2.2142,      10
 2.2242,      -3
 2.2342,       5
 2.2442,      11
 2.2542,      23
 2.2642,      35
 2.2742,      65
 2.2842,      52
 2.2942,      96
 2.3042,     107
 2.3142,     109
 2.3242,     109
 2.3342,     116
 2.3442,     120
 2.3542,      75
 2.3642,      74
 2.3742,      62
 2.3842,      42
 2.3942,      28
 2.4042,      35
 2.4142,      23
 2.4242,      13
 2.4342,      14
 2.4442,      10
 2.4542,      -5
 2.4642,       8
 2.4742,       6
 2.4842,      14
 2.4942,       9
 2.5043,       9
 2.5143,      -2
 2.5243,       1
 2.5343,       7
 2.5443,       5
 2.5543,       1
 2.5643,       1
 2.5743,     -13
 2.5843,      -9
 2.5943,       1
 2.6043,      -2
 2.6143,      -2
 2.6243,      -5
 2.6343,     -16
 2.6443,     -13
 2.6543,      -2
 2.6643,      -5
 2.6743,     -15
 2.6843,     -21
 2.6943,     -11
 2.7043,     -30
 2.7143,     -30
 2.7243,     -26
 2.7343,     -39
 2.7443,     -33
 2.7543,     -44
 2.7643,     -57
 2.7743,     -50
 2.7843,     -59
 2.7943,     -63
 2.8043,     -54
 2.8143,     -24
 2.8243,     -48
 2.8343,     -41
 2.8443,     -40
 2.8543,      -8
 2.8643,     -28
 2.8743,     -31
 2.8843,      13
 2.8943,     -50
 2.9043,     -24
 2.9143,      -8
 2.9243,     -13
 2.9343,       4
 2.9443,     -11
 2.9543,      32
 2.9643,      27
 2.9743,      16
 2.9843,     -11
 2.9943,      18
 3.0043,      32
 3.0143,      28
 3.0243,     -12
 3.0343,      10
 3.0443,       4
 3.0543,     -12
 3.0643,     -22
 3.0743,      -2
 3.0843,      -2
 3.0943,     -21
 3.1043,     -13
 3.1143,     -14
 3.1243,     -10
 3.1343,     -14
 3.1443,      -9
 3.1543,     -13
 3.1643,       0
 3.1743,     -18
 3.1843,       4
 3.1943,      15
 3.2043,       1
 3.2143,       0
 3.2243,     -10
 3.2343,     -22
 3.2443,     -19
 3.2543,     -23
 3.2643,       0
 3.2743,     -10
 3.2843,      18
 3.2943,      17
 3.3043,       3
 3.3143,      27
 3.3243,      -2
 3.3343,      20
 3.3443,      20
 3.3543,      11
 3.3643,       2
 3.3743,       9
 3.3843,       8
 3.3943,       3
 3.4043,      -3
 3.4143,       9
 3.4243,       7
 3.4343,     -13
 3.4443,     -11
 3.4543,     -16
 3.4643,     -19
 3.4743,     -18
 3.4843,      -9
 3.4943,     -21
 3.5044,     -17
 3.5144,     -34
 3.5244,     -50
 3.5344,     -44
 3.5444,     -86
 3.5544,    -128
 3.5644,    -207
 3.5744,    -314
 3.5844,    -465
 3.5944,    -682
 3.6044,    -994
 3.6144,   -1510
 3.6244,   -2067
 3.6344,   -2723
 3.6444,   -3333
 3.6544,   -4334
 3.6644,   -5108
 3.6744,   -5974
 3.6844,   -6664
 3.6944,   -7125
 3.7044,   -7467
 3.7144,   -7224
 3.7244,   -7005
 3.7344,   -6599
 3.7444,   -5913
 3.7544,   -5001
 3.7644,   -4187
 3.7744,   -3490
 3.7844,   -2660
 3.7944,   -2054
 3.8044,   -1388
 3.8144,    -970
 3.8244,    -660
 3.8344,    -448
 3.8444,    -260
 3.8544,    -190
 3.8644,    -108
 3.8744,    -103
 3.8844,     -99
 3.8944,    -114
 3.9044,    -126
 3.9144,     -95
 3.9244,    -218
 3.9344,    -237
 3.9444,    -339
 3.9544,    -364
 3.9644,    -528
 3.9744,    -599
 3.9844,    -743
 3.9944,    -918
 4.0044,    -964
 4.0144,    -983
 4.0244,   -1052
 4.0344,   -1039
 4.0444,   -1066
 4.0544,    -984
 4.0644,    -794
 4.0744,    -783
 4.0844,    -679
 4.0944,    -566
 4.1044,    -392
 4.1144,    -311
 4.1244,    -276
 4.1344,    -188
 4.1444,    -136
 4.1544,     -94
 4.1644,     -44
 4.1744,     -38
 4.1844,     -32
 4.1944,     -11
 4.2044,      -6
 4.2144,       6
 4.2244,      -2
 4.2344,      -8
 4.2444,     -14
 4.2544,      -5
 4.2644,     -16
 4.2744,      -9
 4.2844,      -3
 4.2944,      10
 4.3044,     -24
 4.3144,     -14
 4.3244,     -28
 4.3344,     -16
 4.3444,     -56
 4.3544,     -68
 4.3644,    -100
 4.3744,    -116
 4.3844,    -219
 4.3944,    -308
 4.4044,    -499
 4.4144,    -637
 4.4244,    -972
 4.4344,   -1198
 4.4444,   -1694
 4.4544,   -2413
 4.4644,   -2806
 4.4744,   -3484
 4.4844,   -3922
 4.4944,   -4688
 4.5045,   -5010
 4.5145,   -5247
 4.5245,   -5344
 4.5345,   -5123
 4.5445,   -5168
 4.5545,   -4876
 4.5645,   -4392
 4.5745,   -3793
 4.5845,   -3078
 4.5945,   -2605
 4.6045,   -2068
 4.6145,   -1587
 4.6245,   -1143
 4.6345,    -916
 4.6445,    -640
 4.6545,    -337
 4.6645,    -253
 4.6745,    -160
 4.6845,    -105
 4.6945,     -72
 4.7045,     -44
 4.7145,     -20
 4.7245,     -21
 4.7345,     -25
 4.7445,      -3
 4.7545,      -6
 4.7645,      -9
 4.7745,       4
 4.7845,      12
 4.7945,     -15
 4.8045,     -33
 4.8145,      -4
 4.8245,     -37
 4.8345,     -65
 4.8445,    -108
 4.8545,    -143
 4.8645,    -222
 4.8745,    -257
 4.8845,    -312
 4.8945,    -431
 4.9045,    -541
 4.9145,    -615
 4.9245,    -658
 4.9345,    -687
 4.9445,    -730
 4.9545,    -684
 4.9645,    -712
 4.9745,    -699
 4.9845,    -568
 4.9945,    -561
 5.0045,    -450
 5.0145,    -376
 5.0245,    -318
 5.0345,    -277
 5.0445,    -208
 5.0545,    -140
 5.0645,     -99
 5.0745,     -45
 5.0845,     -42
 5.0945,     -26
 5.1045,      -1
 5.1145,      -2
 5.1245,       9
 5.1345,      13
 5.1445,      14
 5.1545,      32
 5.1645,      25
 5.1745,      20
 5.1845,      15
 5.1945,      41
 5.2045,      30
 5.2145,      27
 5.2245,      15
 5.2345,      13
 5.2445,       4
 5.2545,       9
 5.2645,      12
 5.2745,      19
 5.2845,      23
 5.2945,      17
 5.3045,      26
 5.3145,      39
 5.3245,      48
 5.3345,      45
 5.3445,      76
 5.3545,      67
 5.3645,      91
 5.3745,     104
 5.3845,     115
 5.3945,     137
 5.4045,     143
 5.4145,     126
 5.4245,     173
 5.4345,     124
 5.4445,     140
 5.4545,     146
 5.4645,     123
 5.4745,     109
 5.4845,     101
 5.4945,      68
 5.5046,      70
 5.5146,      32
 5.5246,      41
 5.5346,      41
 5.5446,      24
 5.5546,      15
 5.5646,      30
 5.5746,      19
 5.5846,      22
 5.5946,       7
 5.6046,      16
 5.6146,       2
 5.6246,      17
 5.6346,      -4
 5.6446,      -2
 5.6546,      -1
 5.6646,       3
 5.6746,      -7
 5.6846,     -12
 5.6946,      -3
 5.7046,     -12
 5.7146,       0
 5.7246,      -5
 5.7346,      -7
 5.7446,       7
 5.7546,       1
 5.7646,      13
 5.7746,      10
 5.7846,       1
 5.7946,      -3
 5.8046,       8
 5.8146,      -5
 5.8246,       0
 5.8346,     -16
 5.8446,      -2
 5.8546,      -5
 5.8646,      23
 5.8746,     -10
 5.8846,      -8
 5.8946,      -1
 5.9046,      -2
 5.9146,      42
 5.9246,      12
 5.9346,      13
 5.9446,       2
 5.9546,     -11
 5.9646,       5
 5.9746,     -18
 5.9846,       5
 5.9946,      23
 6.0046,      -4
 6.0146,      -6
 6.0246,     -21
 6.0346,       7
 6.0446,      11
 6.0546,     -10
 6.0646,      -6
 6.0746,      -3
 6.0846,       0
 6.0946,       3
 6.1046,      -1
 6.1146,     -14
 6.1246,      -5
 6.1346,      -4
 6.1446,      21
 6.1546,     -21
 6.1646,     -14
 6.1746,     -27
 6.1846,      -2
 6.1946,      -2
 6.2046,       7
 6.2146,     -10
 6.2246,      -7
 6.2346,     -18
 6.2446,     -17
 6.2546,     -15
 6.2646,     -11
 6.2746,     -20
 6.2846,     -12
 6.2946,      15
 6.3046,     -12
 6.3146,       7
 6.3246,      -4
 6.3346,     -35
 6.3446,     -23
 6.3546,     -34
 6.3646,     -47
 6.3746,     -41
 6.3846,     -44
 6.3946,     -43
 6.4046,     -36
 6.4146,     -52
 6.4246,     -46
 6.4346,     -49
 6.4446,     -40
 6.4546,    -100
 6.4646,      -1
 6.4746,     -25
 6.4846,      -3
 6.4946,       8
 6.5047,      -8
 6.5147,     -14
 6.5247,     -39
 6.5347,      -2
 6.5447,     -19
 6.5547,     -44
 6.5647,       7
 6.5747,      14
 6.5847,      -4
 6.5947,     -12
 6.6047,       0
 6.6147,     -24
 6.6247,       2
 6.6347,     -17
 6.6447,     -23
 6.6547,     -25
 6.6647,       2
 6.6747,     -13
 6.6847,     -29
 6.6947,     -37
 6.7047,     -21
 6.7147,     -23
 6.7247,      -6
 6.7347,     -11
 6.7447,       1
 6.7547,       0
 6.7647,     -31
 6.7747,     -36
 6.7847,      -2
 6.7947,     -21
 6.8047,     -16
 6.8147,     -25
 6.8247,      -9
 6.8347,       1
 6.8447,       2
 6.8547,     -15
 6.8647,       0
 6.8747,     -25
 6.8847,     -12
 6.8947,       1
 6.9047,     -33
 6.9147,      -2
 6.9247,     -38
 6.9347,       0
 6.9447,       2
 6.9547,       8
 6.9647,      -6
 6.9747,       0
 6.9847,     -14
 6.9947,     -34
 7.0047,     -32
 7.0147,     -30
 7.0247,      17
 7.0347,       5
 7.0447,     -29
 7.0547,     -41
 7.0647,      -2
 7.0747,     -30
 7.0847,      -6
 7.0947,       2
 7.1047,     -18
 7.1147,     -11
 7.1247,     -42
 7.1347,     -21
 7.1447,      -7
 7.1547,     -16
 7.1647,     -14
 7.1747,     -36
 7.1847,     -14
 7.1947,     -11
 7.2047,     -14
 7.2147,       7
 7.2247,     -37
 7.2347,     -37
 7.2447,       0
 7.2547,     -16
 7.2647,     -54
 7.2747,     -26
 7.2847,     -32
 7.2947,     -53
 7.3047,     -49
 7.3147,     -54
 7.3247,     -31
 7.3347,     -17
 7.3447,     -10
 7.3547,     -17
 7.3647,     -16
 7.3747,     -52
 7.3847,       6
 7.3947,     -35
 7.4047,      -8
 7.4147,     -12
 7.4247,      -7
 7.4347,     -43
 7.4447,     -14
 7.4547,     -40
 7.4647,      -9
 7.4747,      -8
 7.4847,     -11
 7.4947,     -27
 7.5048,      -2
 7.5148,     -38
 7.5248,     -23
 7.5348,     -34
 7.5448,     -28
 7.5548,     -23
 7.5648,      -7
 7.5748,       0
 7.5848,     -15
 7.5948,     -45
 7.6048,     -27
 7.6148,     -29
 7.6248,     -43
 7.6348,     -23
 7.6448,     -40
 7.6548,     -24
 7.6648,     -19
 7.6748,      -9
 7.6848,     -34
 7.6948,     -49
 7.7048,     -41
 7.7148,     -31
 7.7248,     -50
 7.7348,     -33
 7.7448,     -21
 7.7548,     -39
 7.7648,     -45
 7.7748,     -43
 7.7848,     -61
 7.7948,     -76
 7.8048,     -30
 7.8148,     -49
 7.8248,     -35
 7.8348,     -46
 7.8448,     -79
 7.8548,     -52
 7.8648,     -48
 7.8748,     -42
 7.8848,     -25
 7.8948,     -20
 7.9048,     -44
 7.9148,     -48
 7.9248,     -38
 7.9348,     -48
 7.9448,     -87
 7.9548,     -69
 7.9648,     -61
 7.9748,     -50
 7.9848,     -49
 7.9948,     -27
 8.0048,     -18
 8.0148,     -52
 8.0248,     -53
 8.0348,     -37
 8.0448,     -35
 8.0548,     -60
 8.0648,     -37
 8.0748,     -33
 8.0848,     -50
 8.0948,     -43
 8.1048,     -95
 8.1148,     -57
 8.1248,     -55
 8.1348,     -54
 8.1448,     -47
 8.1548,     -58
 8.1648,    -101
 8.1748,     -59
 8.1848,     -62
 8.1948,     -42
 8.2048,     -27
 8.2148,     -39
 8.2248,     -90
 8.2348,     -52
 8.2448,     -90
 8.2548,     -63
 8.2648,     -95
 8.2748,     -55
 8.2848,     -86
 8.2948,     -53
 8.3048,     -59
 8.3148,     -26
 8.3248,     -85
 8.3348,     -59
 8.3448,     -76
 8.3548,     -67
 8.3648,     -82
 8.3748,     -51
 8.3848,     -58
 8.3948,     -80
 8.4048,      -8
 8.4148,     -40
 8.4248,     -95
 8.4348,     -70
 8.4448,     -82
 8.4548,     -92
 8.4648,     -83
 8.4748,     -66
 8.4848,     -59
 8.4948,     -79
 8.5049,     -75
 8.5149,     -64
 8.5249,     -59
 8.5349,     -82
 8.5449,     -64
 8.5549,     -58
 8.5649,     -66
 8.5749,     -51
 8.5849,     -97
 8.5949,     -58
 8.6049,     -84
 8.6149,    -110
 8.6249,     -63
 8.6349,     -65
 8.6449,    -142
 8.6549,     -99
 8.6649,    -106
 8.6749,     -46
 8.6849,    -118
 8.6949,     -49
 8.7049,     -93
 8.7149,     -45
 8.7249,     -33
 8.7349,     -31
 8.7449,     -66
 8.7549,     -75
 8.7649,     -63
 8.7749,    -108
 8.7849,     -40
 8.7949,    -124
 8.8049,     -47
 8.8149,     -59
 8.8249,     -74
 8.8349,     -99
 8.8449,     -80
 8.8549,     -80
 8.8649,    -108
 8.8749,     -63
 8.8849,     -72
 8.8949,     -59
 8.9049,     -73
 8.9149,    -109
 8.9249,     -93
 8.9349,    -107
 8.9449,     -85
 8.9549,     -55
 8.9649,     -57
 8.9749,     -90
 8.9849,     -91
 8.9949,     -76
 9.0049,     -97
 9.0149,    -135
 9.0249,     -71
 9.0349,     -46
 9.0449,     -79
 9.0549,     -81
 9.0649,    -152
 9.0749,     -75
 9.0849,     -81
 9.0949,    -100
 9.1049,    -139
 9.1149,    -123
 9.1249,    -110
 9.1349,     -47
 9.1449,    -101
 9.1549,    -110
 9.1649,    -117
 9.1749,    -159
 9.1849,     -99
 9.1949,    -101
 9.2049,    -120
 9.2149,     -58
 9.2249,    -126
 9.2349,    -140
 9.2449,     -61
 9.2549,     -94
 9.2649,    -149
 9.2749,    -110
 9.2849,    -108
 9.2949,     -69
 9.3049,    -102
 9.3149,     -93
 9.3249,    -121
 9.3349,     -96
 9.3449,     -70
 9.3549,     -60
 9.3649,    -104
 9.3749,    -102
 9.3849,     -69
 9.3949,    -106
 9.4049,    -102
 9.4149,    -105
 9.4249,     -90
 9.4349,     -88
 9.4449,    -110
 9.4549,    -114
 9.4649,     -69
 9.4749,    -121
 9.4849,     -95
 9.4949,    -101
 9.5050,    -116
 9.5150,    -121
 9.5250,     -65
 9.5350,    -110
 9.5450,    -143
 9.5550,    -123
 9.5650,    -119
 9.5750,     -52
 9.5850,    -147
 9.5950,    -117
 9.6050,     -83
 9.6150,    -131
 9.6250,    -124
 9.6350,     -92
 9.6450,     -81
 9.6550,    -146
 9.6650,     -95
 9.6750,    -144
 9.6850,    -123
 9.6950,    -110
 9.7050,    -133
 9.7150,    -111
 9.7250,    -106
 9.7350,    -157
 9.7450,    -121
 9.7550,     -80
 9.7650,     -91
 9.7750,     -94
 9.7850,    -144
 9.7950,     -89
 9.8050,     -92
 9.8150,    -105
 9.8250,    -111
 9.8350,    -113
 9.8450,    -102
 9.8550,    -107
 9.8650,    -107
 9.8750,    -117
 9.8850,    -155
 9.8950,    -141
 9.9050,    -119
 9.9150,    -109
 9.9250,    -184
 9.9350,    -155
 9.9450,     -97
 9.9550,    -149
 9.9650,    -110
 9.9750,    -116
 9.9850,    -101
 9.9950,     -85
10.0050,    -131
10.0150,    -144
10.0250,    -108
10.0350,    -163
10.0450,    -156
10.0550,     -76
10.0650,    -117
10.0750,    -106
10.0850,     -88
10.0950,     -97
10.1050,    -130
10.1150,    -125
10.1250,    -162
10.1350,     -85
10.1450,     -90
10.1550,    -129
10.1650,    -162
10.1750,    -116
10.1850,    -103
10.1950,     -95
10.2050,    -147
10.2150,    -134
10.2250,     -79
10.2350,    -118
10.2450,     -78
10.2550,    -129
10.2650,    -148
10.2750,    -126
10.2850,     -31
10.2950,    -168
10.3050,    -143
10.3150,    -163
10.3250,    -135
10.3350,    -137
10.3450,    -105
10.3550,    -138
10.3650,    -181
10.3750,    -104
10.3850,     -77
10.3950,    -118
10.4050,     -80
10.4150,     -90
10.4250,     -41
10.4350,    -138
10.4450,     -76
10.4550,    -162
10.4650,     -81
10.4750,    -111
10.4850,    -118
10.4950,    -159
10.5051,    -132
10.5151,     -78
10.5251,     -82
10.5351,    -170
10.5451,    -145
10.5551,    -121
10.5651,    -127
10.5751,    -155
10.5851,    -138
10.5951,     -66
10.6051,     -56
10.6151,    -106
10.6251,     -35
10.6351,     -72
10.6451,    -125
10.6551,    -155
10.6651,     -73
10.6751,    -108
10.6851,    -153
10.6951,    -150
10.7051,    -178
10.7151,    -149
10.7251,     -57
10.7351,    -126
10.7451,    -164
10.7551,    -131
10.7651,    -193
10.7751,    -141
10.7851,    -145
10.7951,     -72
10.8051,    -112
10.8151,    -118
10.8251,    -103
10.8351,    -178
10.8451,     -92
10.8551,    -103
10.8651,    -114
10.8751,     -99
10.8851,    -155
10.8951,    -106
10.9051,    -211
10.9151,    -102
10.9251,    -166
10.9351,    -194
10.9451,    -134
10.9551,     -98
10.9651,    -124
10.9751,    -179
10.9851,    -130
10.9951,    -111
11.0051,    -190
11.0151,    -104
11.0251,    -111
11.0351,    -125
11.0451,    -143
11.0551,    -110
11.0651,    -113
11.0751,    -187
11.0851,    -135
11.0951,    -129
11.1051,    -140
11.1151,    -138
11.1251,    -154
11.1351,    -128
11.1451,    -142
11.1551,    -168
11.1651,     -95
11.1751,    -130
11.1851,    -123
11.1951,    -183
11.2051,    -137
11.2151,     -75
11.2251,    -129
11.2351,    -144
11.2451,     -58
11.2551,    -131
11.2651,    -169
11.2751,    -134
11.2851,    -158
11.2951,     -53
11.3051,    -157
11.3151,    -169
11.3251,    -192
11.3351,    -143
11.3451,    -132
11.3551,    -193
11.3651,    -125
11.3751,    -106
11.3851,    -152
11.3951,    -153
11.4051,    -237
11.4151,    -106
11.4251,    -181
11.4351,     -51
11.4451,    -147
11.4551,    -196
11.4651,    -120
11.4751,    -154
11.4851,    -138
11.4951,    -170
11.5052,    -103
11.5152,    -129
11.5252,    -148
11.5352,    -150
11.5452,    -111
11.5552,    -168
11.5652,    -157
11.5752,    -210
11.5852,    -117
11.5952,    -116
11.6052,    -163
11.6152,    -128
11.6252,    -130
11.6352,    -122
11.6452,    -160
11.6552,    -144
11.6652,    -112
11.6752,    -175
11.6852,    -136
11.6952,    -109
11.7052,    -111
11.7152,    -121
11.7252,    -148
11.7352,     -88
11.7452,    -131
11.7552,     -99
11.7652,    -141
11.7752,     -75
11.7852,    -142
11.7952,     -98
11.8052,    -114
11.8152,    -119
11.8252,    -125
11.8352,    -168
11.8452,    -179
11.8552,    -113
11.8652,     -93
11.8752,     -86
11.8852,     -79
11.8952,    -118
11.9052,    -128
11.9152,    -120
11.9252,     -67
11.9352,     -52
11.9452,     -94
11.9552,    -137
11.9652,     -92
11.9752,     -90
11.9852,     -97
11.9952,    -120
12.0052,     -81
12.0152,    -135
12.0252,    -134
12.0352,    -167
12.0452,    -124
12.0552,    -138
12.0652,     -79
12.0752,    -111
12.0852,     -69
12.0952,     -25
12.1052,    -163
12.1152,    -100
12.1252,    -101
12.1352,    -138
12.1452,    -141
12.1552,    -105
12.1652,    -164
12.1752,     -96
12.1852,    -133
12.1952,    -116
12.2052,     -96
12.2152,    -134
12.2252,    -102
12.2352,     -99
12.2452,    -115
12.2552,     -92
12.2652,    -151
12.2752,    -102
12.2852,    -153
12.2952,    -140
12.3052,    -141
12.3152,     -80
12.3252,    -148
12.3352,     -92
12.3452,    -130
12.3552,    -145
12.3652,     -88
12.3752,     -81
12.3852,    -166
12.3952,    -113
12.4052,    -158
12.4152,    -192
12.4252,    -123
12.4352,    -123
12.4452,     -98
12.4552,     -97
12.4652,    -117
12.4752,    -153
12.4852,    -198
12.4952,    -134
12.5053,    -180
12.5153,    -157
12.5253,    -117
12.5353,    -109
12.5453,    -162
12.5553,    -114
12.5653,    -130
12.5753,     -70
12.5853,    -103
12.5953,    -181
12.6053,    -125
12.6153,    -143
12.6253,     -61
12.6353,     -59
12.6453,     -99
12.6553,    -133
12.6653,    -175
12.6753,    -137
12.6853,     -97
12.6953,    -108
12.7053,    -143
12.7153,    -142
12.7253,     -93
12.7353,    -135
12.7453,    -206
12.7553,    -100
12.7653,    -165
12.7753,    -143
12.7853,    -125
12.7953,     -59
12.8053,     -78
12.8153,     -75
12.8253,    -127
12.8353,     -64
12.8453,     -86
12.8553,     -94
12.8653,    -103
12.8753,    -129
12.8853,    -119
12.8953,    -104
12.9053,     -82
12.9153,    -139
12.9253,     -92
12.9353,    -145
12.9453,    -111
12.9553,    -141
12.9653,    -106
12.9753,    -128
12.9853,    -115
12.9953,    -135
13.0053,    -114
13.0153,    -104
13.0253,    -133
13.0353,    -122
13.0453,    -196
13.0553,    -126
13.0653,    -129
13.0753,     -98
13.0853,    -122
13.0953,    -131
13.1053,     -81
13.1153,    -102
13.1253,    -101
13.1353,    -105
13.1453,    -154
13.1553,    -174
13.1653,     -72
13.1753,     -84
13.1853,    -114
13.1953,     -92
13.2053,    -118
13.2153,    -115
13.2253,    -122
13.2353,     -82
13.2453,    -117
13.2553,    -104
13.2653,    -138
13.2753,    -148
13.2853,    -117
13.2953,     -87
13.3053,     -78
13.3153,     -85
13.3253,    -118
13.3353,    -159
13.3453,     -82
13.3553,    -125
13.3653,     -98
13.3753,    -110
13.3853,    -154
13.3953,    -138
13.4053,     -97
13.4153,    -146
13.4253,    -157
13.4353,    -105
13.4453,    -145
13.4553,    -162
13.4653,    -115
13.4753,     -53
13.4853,     -55
13.4953,    -169
13.5054,     -97
13.5154,    -118
13.5254,    -144
13.5354,     -32
13.5454,    -118
13.5554,    -127
13.5654,    -124
13.5754,    -154
13.5854,    -104
13.5954,    -166
13.6054,    -158
13.6154,     -65
13.6254,    -111
13.6354,     -94
13.6454,    -109
13.6554,    -112
13.6654,     -48
13.6754,    -123
13.6854,    -108
13.6954,    -136
13.7054,    -139
13.7154,     -84
13.7254,    -116
13.7354,     -92
13.7454,     -84
13.7554,    -125
13.7654,    -158
13.7754,    -154
13.7854,    -136
13.7954,    -168
13.8054,    -115
13.8154,     -64
13.8254,     -71
13.8354,    -121
13.8454,    -117
13.8554,     -85
13.8654,    -121
13.8754,    -105
13.8854,    -106
13.8954,     -88
13.9054,     -83
13.9154,    -130
13.9254,     -68
13.9354,    -107
13.9454,    -117
13.9554,     -51
13.9654,     -90
13.9754,    -146
13.9854,     -73
13.9954,    -112
14.0054,    -103
14.0154,     -80
14.0254,     -78
14.0354,     -86
14.0454,     -51
14.0554,    -130
14.0654,     -81
14.0754,     -80
14.0854,     -93
14.0954,    -129
14.1054,     -44
14.1154,    -163
14.1254,    -149
14.1354,     -45
14.1454,     -15
14.1554,    -111
14.1654,     -26
14.1754,     -92
14.1854,    -160
14.1954,     -96
14.2054,    -106
14.2154,    -117
14.2254,     -97
14.2354,     -98
14.2454,     -55
14.2554,     -85
14.2654,    -116
14.2754,     -99
14.2854,     -86
14.2954,     -75
14.3054,    -149
14.3154,     -84
14.3254,    -106
14.3354,     -68
14.3454,     -99
14.3554,     -92
14.3654,     -99
14.3754,     -66
14.3854,     -64
14.3954,    -123
14.4054,    -113
14.4154,     -99
14.4254,    -112
14.4354,     -79
14.4454,    -134
14.4554,    -121
14.4654,     -25
14.4754,    -101
14.4854,    -103
14.4954,     -75
14.5055,     -77
14.5155,    -105
14.5255,     -73
14.5355,     -90
14.5455,     -73
14.5555,    -107
14.5655,     -97
14.5755,     -97
14.5855,    -120
14.5955,     -69
14.6055,    -116
14.6155,     -94
14.6255,     -64
14.6355,     -78
14.6455,     -70
14.6555,    -112
14.6655,    -130
14.6755,     -63
14.6855,     -58
14.6955,     -90
14.7055,    -115
14.7155,     -71
14.7255,     -73
14.7355,     -93
14.7455,    -156
14.7555,     -71
14.7655,    -106
14.7755,    -101
14.7855,     -39
14.7955,     -94
14.8055,     -92
14.8155,    -138
14.8255,     -54
14.8355,     -75
14.8455,     -83
14.8555,     -80
14.8655,     -60
14.8755,     -54
14.8855,    -144
14.8955,     -88
14.9055,     -44
14.9155,     -76
14.9255,     -57
14.9355,     -26
14.9455,    -115
14.9555,     -68
14.9655,     -86
14.9755,     -67
14.9855,     -85
14.9955,    -109
15.0055,     -90
15.0155,     -70
15.0255,     -62
15.0355,    -112
15.0455,     -26
15.0555,     -63
15.0655,     -40
15.0755,     -69
15.0855,     -76
15.0955,     -33
15.1055,    -109
15.1155,     -65
15.1255,    -121
15.1355,     -88
15.1455,     -57
15.1555,     -70
15.1655,     -87
15.1755,     -83
15.1855,     -67
15.1955,     -45
15.2055,    -125
15.2155,     -79
15.2255,     -81
15.2355,     -70
15.2455,     -87
15.2555,     -57
15.2655,     -89
15.2755,    -126
15.2855,     -72
15.2955,     -57
15.3055,     -36
15.3155,     -73
15.3255,    -135
15.3355,     -33
15.3455,     -69
15.3555,    -101
15.3655,     -40
15.3755,     -72
15.3855,     -97
15.3955,     -56
15.4055,     -95
15.4155,       6
15.4255,     -15
15.4355,    -128
15.4455,     -35
15.4555,     -79
15.4655,     -69
15.4755,     -50
15.4855,     -28
15.4955,     -82
15.5056,     -61
15.5156,     -69
15.5256,    -110
15.5356,     -53
15.5456,     -54
15.5556,     -37
15.5656,     -71
15.5756,     -60
15.5856,     -54
15.5956,     -43
15.6056,     -38
15.6156,    -102
15.6256,    -102
15.6356,     -79
15.6456,     -99
15.6556,     -58
15.6656,     -82
15.6756,     -56
15.6856,    -128
15.6956,     -47
15.7056,     -38
15.7156,     -77
15.7256,     -80
15.7356,     -62
15.7456,     -73
15.7556,    -100
15.7656,     -30
15.7756,     -33
15.7856,     -54
15.7956,     -69
15.8056,     -75
15.8156,     -44
15.8256,     -23
15.8356,     -78
15.8456,     -62
15.8556,     -18
15.8656,     -65
15.8756,     -24
15.8856,     -54
15.8956,     -42
15.9056,    -102
15.9156,     -73
15.9256,     -87
15.9356,     -73
15.9456,     -63
15.9556,     -92
15.9656,     -80
15.9756,     -39
15.9856,     -48
15.9956,     -76
16.0056,     -48
16.0156,     -81
16.0256,     -80
16.0356,     -59
16.0456,     -45
16.0556,     -51
16.0656,     -73
16.0756,     -52
16.0856,     -75
16.0956,     -65
16.1056,     -45
16.1156,     -51
16.1256,     -81
16.1356,     -63
16.1456,     -86
16.1556,     -48
16.1656,     -66
16.1756,    -110
16.1856,     -32
16.1956,     -37
16.2056,     -90
16.2156,     -92
16.2256,     -38
16.2356,     -40
16.2456,     -53
16.2556,     -73
16.2656,     -20
16.2756,      -2
16.2856,     -72
16.2956,     -36
16.3056,     -19
16.3156,    -111
16.3256,     -78
16.3356,     -38
16.3456,     -14
16.3556,     -71
16.3656,     -47
16.3756,     -36
16.3856,     -52
16.3956,     -86
16.4056,     -42
16.4156,     -33
16.4256,     -59
16.4356,     -81
16.4456,     -68
16.4556,     -39
16.4656,     -23
16.4756,     -33
16.4856,     -71
16.4956,     -90
16.5057,     -27
16.5157,     -67
16.5257,     -44
16.5357,     -51
16.5457,     -59
16.5557,     -73
16.5657,     -73
16.5757,     -48
16.5857,     -58
16.5957,     -43
16.6057,     -83
16.6157,     -93
16.6257,     -60
16.6357,     -99
16.6457,     -79
16.6557,     -29
16.6657,     -57
16.6757,     -71
16.6857,     -46
16.6957,     -23
16.7057,     -70
16.7157,     -67
16.7257,     -49
16.7357,     -46
16.7457,     -51
16.7557,     -42
16.7657,     -70
16.7757,     -35
16.7857,     -43
16.7957,     -45
16.8057,     -61
16.8157,     -71
16.8257,     -78
16.8357,     -57
16.8457,     -55
16.8557,     -23
16.8657,     -34
16.8757,     -97
16.8857,     -49
16.8957,     -47
16.9057,     -36
16.9157,     -64
16.9257,     -71
16.9357,     -25
16.9457,     -45
16.9557,     -92
16.9657,     -39
16.9757,     -30
16.9857,     -63
16.9957,     -55
17.0057,     -76
17.0157,     -51
17.0257,     -67
17.0357,     -34
17.0457,     -82
17.0557,     -63
17.0657,     -58
17.0757,     -49
17.0857,     -53
17.0957,     -19
17.1057,     -70
17.1157,     -48
17.1257,     -29
17.1357,     -63
17.1457,     -61
17.1557,     -34
17.1657,     -28
17.1757,     -41
17.1857,     -86
17.1957,     -35
17.2057,     -50
17.2157,     -46
17.2257,     -38
17.2357,     -25
17.2457,     -35
17.2557,     -73
17.2657,     -59
17.2757,     -56
17.2857,     -22
17.2957,     -15
17.3057,     -59
17.3157,     -86
17.3257,     -29
17.3357,     -53
17.3457,     -84
17.3557,     -96
17.3657,     -71
17.3757,     -28
17.3857,     -25
17.3957,     -68
17.4057,     -55
17.4157,     -40
17.4257,     -80
17.4357,     -57
17.4457,     -21
17.4557,     -26
17.4657,     -26
17.4757,     -31
17.4857,     -93
17.4957,     -49
17.5058,     -64
17.5158,     -56
17.5258,     -58
17.5358,     -49
17.5458,     -67
17.5558,     -66
17.5658,     -21
17.5758,     -61
17.5858,     -82
17.5958,     -22
17.6058,     -30
17.6158,     -42
17.6258,     -79
17.6358,     -22
17.6458,     -49
17.6558,      25
17.6658,     -28
17.6758,     -22
17.6858,     -52
17.6958,     -57
17.7058,     -88
17.7158,     -76
17.7258,     -53
17.7358,     -74
17.7458,      23
17.7558,     -97
17.7658,     -57
17.7758,     -36
17.7858,     -50
17.7958,     -49
17.8058,     -28
17.8158,     -62
17.8258,     -21
17.8358,     -19
17.8458,     -81
17.8558,     -45
17.8658,     -29
17.8758,     -14
17.8858,     -52
17.8958,     -83
17.9058,     -57
17.9158,     -30
17.9258,      -7
17.9358,     -83
17.9458,     -25
17.9558,     -28
17.9658,     -57
17.9758,     -59
17.9858,     -56
17.9958,     -54
18.0058,     -70
18.0158,     -17
18.0258,     -64
18.0358,     -35
18.0458,     -39
18.0558,     -38
18.0658,     -40
18.0758,     -42
18.0858,     -45
18.0958,     -63
18.1058,     -50
18.1158,     -64
18.1258,     -58
18.1358,     -56
18.1458,     -90
18.1558,     -65
18.1658,     -88
18.1758,     -60
18.1858,     -57
18.1958,     -39
18.2058,     -28
18.2158,     -18
18.2258,     -77
18.2358,     -61
18.2458,     -56
18.2558,     -46
18.2658,     -72
18.2758,     -21
18.2858,     -12
18.2958,     -81
18.3058,     -36
18.3158,     -64
18.3258,     -73
18.3358,     -89
18.3458,     -47
18.3558,     -38
18.3658,     -64
18.3758,     -20
18.3858,     -59
18.3958,     -88
18.4058,     -26
18.4158,     -69
18.4258,     -58
18.4358,     -45
18.4458,     -48
18.4558,     -81
18.4658,     -41
18.4758,     -48
18.4858,     -79
18.4958,    -124
18.5059,     -51
18.5159,    -110
18.5259,    -139
18.5359,    -134
18.5459,     -95
18.5559,     -53
18.5659,    -250
18.5759,    -128
18.5859,    -132
18.5959,    -216
18.6059,    -163
18.6159,    -278
18.6259,    -105
18.6359,    -141
18.6459,    -105
18.6559,    -194
18.6659,    -177
18.6759,    -212
18.6859,    -137
18.6959,    -222
18.7059,    -274
18.7159,    -253
18.7259,     -71
18.7359,    -297
18.7459,     -82
18.7559,    -250
18.7659,    -259
18.7759,    -212
18.7859,    -251
18.7959,    -257
18.8059,    -239
18.8159,    -235
18.8259,    -186
18.8359,    -175
18.8459,    -243
18.8559,    -319
18.8659,    -247
18.8759,    -273
18.8859,    -311
18.8959,    -322
18.9059,    -199
18.9159,    -295
18.9259,    -188
18.9359,    -203
18.9459,    -236
18.9559,    -196
18.9659,    -217
18.9759,    -261
18.9859,    -243
18.9959,    -179
19.0059,    -278
19.0159,    -166
19.0259,    -199
19.0359,    -167
19.0459,    -219
19.0559,    -167
19.0659,    -138
19.0759,    -149
19.0859,    -183
19.0959,    -205
19.1059,     -98
19.1159,    -124
19.1259,    -121
19.1359,    -196
19.1459,    -110
19.1559,    -104
19.1659,    -164
19.1759,    -132
19.1859,    -169
19.1959,    -174
19.2059,    -128
19.2159,     -89
19.2259,    -121
19.2359,     -70
19.2459,     -56
19.2559,    -117
19.2659,    -126
19.2759,    -118
19.2859,     -76
19.2959,     -38
19.3059,    -121
19.3159,    -104
19.3259,    -100
19.3359,     -56
19.3459,     -74
19.3559,     -85
19.3659,     -40
19.3759,     -47
19.3859,     -79
19.3959,     -41
19.4059,     -85
19.4159,     -54
19.4259,     -51
19.4359,     -86
19.4459,     -20
19.4559,       7
19.4659,     -44
19.4759,     -18
19.4859,     -48
19.4959,     -60
19.5060,     -64
19.5160,     -28
19.5260,     -63
19.5360,     -36
19.5460,     -29
19.5560,     -49
19.5660,     -31
19.5760,     -70
19.5860,     -55
19.5960,     -29
19.6060,      -1
19.6160,      -7
19.6260,     -18
19.6360,     -18
19.6460,     -26
19.6560,     -27
19.6660,     -39
19.6760,     -15
19.6860,     -34
19.6960,     -64
19.7060,     -21
19.7160,     -38
19.7260,     -15
19.7360,     -11
19.7460,     -37
19.7560,     -10
19.7660,       3
19.7760,      -3
19.7860,     -15
19.7960,     -28
19.8060,     -36
19.8160,     -15
19.8260,     -28
19.8360,     -24
19.8460,     -44
19.8560,     -11
19.8660,     -60
19.8760,     -15
19.8860,     -27
19.8960,     -29
19.9060,     -32
19.9160,     -25
19.9260,     -44
19.9360,     -20
19.9460,     -46
19.9560,     -71
19.9660,     -36
19.9760,     -27
19.9860,      -1
19.9960,     -42
20.0060,     -48
20.0160,     -32
20.0260,     -49
20.0360,     -90
20.0460,     -43
20.0560,     -22
20.0660,     -23
20.0760,     -24
20.0860,     -52
20.0960,     -30
20.1060,     -25
20.1160,     -36
20.1260,     -55
20.1360,     -44
20.1460,     -56
20.1560,     -40
20.1660,     -49
20.1760,     -60
20.1860,     -39
20.1960,     -46
20.2060,     -59
20.2160,     -67
20.2260,     -79
20.2360,     -76
20.2460,      -4
20.2560,     -53
20.2660,     -56
20.2760,     -58
20.2860,     -58
20.2960,     -58
20.3060,     -42
20.3160,     -37
20.3260,     -50
20.3360,     -54
20.3460,     -30
20.3560,      -7
20.3660,     -26
20.3760,     -26
20.3860,     -28
20.3960,     -22
20.4060,      -6
20.4160,     -46
20.4260,     -38
20.4360,     -26
20.4460,     -27
20.4560,     -14
20.4660,     -30
20.4760,     -42
20.4860,     -20
20.4960,     -12
20.5061,       2
20.5161,     -19
20.5261,      -8
20.5361,       5
20.5461,       4
20.5561,     -22
20.5661,     -19
20.5761,     -15
20.5861,     -26
20.5961,      -6
20.6061,     -35
20.6161,       8
20.6261,     -17
20.6361,     -37
20.6461,     -35
20.6561,     -35
20.6661,       2
20.6761,       6
20.6861,     -29
20.6961,     -13
20.7061,     -20
20.7161,     -29
20.7261,     -20
20.7361,     -12
20.7461,     -40
20.7561,     -33
20.7661,     -16
20.7761,     -36
20.7861,     -45
20.7961,      -6
20.8061,     -57
20.8161,     -17
20.8261,     -23
20.8361,     -46
20.8461,       1
20.8561,     -33
20.8661,       6
20.8761,     -21
20.8861,     -71
20.8961,     -26
20.9061,     -36
20.9161,     -41
20.9261,     -40
20.9361,     -14
20.9461,     -13
20.9561,     -30
20.9661,     -23
20.9761,     -36
20.9861,     -33
20.9961,     -29
21.0061,     -34
21.0161,     -38
21.0261,     -66
21.0361,     -61
21.0461,     -59
21.0561,     -29
21.0661,     -93
21.0761,     -43
21.0861,     -31
21.0961,      -8
21.1061,     -31
21.1161,     -28
21.1261,     -50
21.1361,     -57
21.1461,     -49
21.1561,     -61
21.1661,     -73
21.1761,     -36
21.1861,     -49
21.1961,     -25
21.2061,     -22
21.2161,     -27
21.2261,     -30
21.2361,     -23
21.2461,      -4
21.2561,     -28
21.2661,     -28
21.2761,     -11
21.2861,     -44
21.2961,     -39
21.3061,     -14
21.3161,     -40
21.3261,     -12
21.3361,     -18
21.3461,     -31
21.3561,     -15
21.3661,      -5
21.3761,     -34
21.3861,      13
21.3961,     -27
21.4061,     -12
21.4161,     -15
21.4261,     -10
21.4361,      -9
21.4461,     -12
21.4561,     -14
21.4661,      -8
21.4761,     -11
21.4861,     -12
21.4961,     -28
21.5062,     -19
21.5162,      -7
21.5262,      -8
21.5362,     -24
21.5462,     -32
21.5562,     -19
21.5662,       5
21.5762,     -19
21.5862,     -14
21.5962,      -5
21.6062,     -16
21.6162,     -11
21.6262,      -5
21.6362,     -23
21.6462,     -16
21.6562,      28
21.6662,     -30
21.6762,       1
21.6862,     -14
21.6962,     -19
21.7062,     -14
21.7162,      -8
21.7262,     -10
21.7362,     -23
21.7462,     -11
21.7562,       0
21.7662,     -30
21.7762,     -18
21.7862,      -4
21.7962,     -15
21.8062,      -5
21.8162,     -15
21.8262,     -22
21.8362,     -33
21.8462,      -5
21.8562,      -7
21.8662,      -2
21.8762,       1
21.8862,      -2
21.8962,      -3
21.9062,     -11
21.9162,      -5
21.9262,     -20
21.9362,      -3
21.9462,      14
21.9562,       1
21.9662,      10
21.9762,     -20
21.9862,     -13
21.9962,     -16
22.0062,      -6
22.0162,      -2
22.0262,     -12
22.0362,       6
22.0462,      -2
22.0562,     -23
22.0662,     -20
22.0762,     -11
22.0862,      -7
22.0962,      -5
22.1062,      -3
22.1162,      17
22.1262,     -16
22.1362,      -4
22.1462,      15
22.1562,      -5
22.1662,       8
22.1762,       3
22.1862,      -8
22.1962,     -10
22.2062,     -12
22.2162,      -4
22.2262,     -23
22.2362,      -6
22.2462,     -11
22.2562,      -5
22.2662,     -12
22.2762,     -22
22.2862,      15
22.2962,      -6
22.3062,     -11
22.3162,      -4
22.3262,       7
22.3362,     -25
22.3462,      -8
22.3562,       8
22.3662,     -11
22.3762,     -13
22.3862,       6
22.3962,      -1
22.4062,      -7
22.4162,     -11
22.4262,     -21
22.4362,       0
22.4462,       6
22.4562,      -2
22.4662,     -11
22.4762,       2
22.4862,       0
22.4962,     -21
22.5063,       4
22.5163,     -12
22.5263,       3
22.5363,       4
22.5463,      -9
22.5563,     -14
22.5663,      -9
22.5763,     -22
22.5863,      -5
22.5963,     -20
22.6063,      -7
22.6163,     -21
22.6263,     -16
22.6363,      -4
22.6463,       1
22.6563,      -9
22.6663,     -11
22.6763,      -5
22.6863,     -12
22.6963,      -2
22.7063,     -12
22.7163,       9
22.7263,      11
22.7363,      -8
22.7463,     -25
22.7563,       0
22.7663,     -26
22.7763,     -16
22.7863,     -10
22.7963,     -13
22.8063,       2
22.8163,      -3
22.8263,      -4
22.8363,      -9
22.8463,       4
22.8563,       0
22.8663,      -1
22.8763,      -7
22.8863,      -6
22.8963,     -10
22.9063,     -14
22.9163,      -8
22.9263,     -12
22.9363,     -13
22.9463,      -7
22.9563,      -7
22.9663,      -1
22.9763,      -5
22.9863,     -13
22.9963,      -6
23.0063,      -8
23.0163,       4
23.0263,     -14
23.0363,       2
23.0463,      -8
23.0563,      -3
23.0663,      -1
23.0763,      -5
23.0863,      -9
23.0963,     -16
23.1063,       4
23.1163,     -12
23.1263,       2
23.1363,      -9
23.1463,      -6
23.1563,      -6
23.1663,      -5
23.1763,     -13
23.1863,      14
23.1963,     -24
23.2063,      -1
23.2163,       9
23.2263,      -4
23.2363,      -7
23.2463,      -4
23.2563,     -18
23.2663,      -4
23.2763,      -4
23.2863,      -7
23.2963,     -14
23.3063,      -1
23.3163,       2
23.3263,       5
23.3363,      -9
23.3463,      -9
23.3563,      -9
23.3663,      -5
23.3763,       1
23.3863,      -6
23.3963,     -14
23.4063,      -4
23.4163,      -8
23.4263,      -5
23.4363,       3
23.4463,      -8
23.4563,       3
23.4663,      -8
23.4763,      -6
23.4863,      -5
23.4963,     -12
23.5064,      -7
23.5164,      -5
23.5264,      -5
23.5364,      -8
23.5464,       1
23.5564,      -4
23.5664,      -4
23.5764,      -4
23.5864,      -1
23.5964,       3
23.6064,      -1
23.6164,      -9
23.6264,     -11
23.6364,       5
23.6464,      -2
23.6564,      -6
23.6664,       3
23.6764,       8
23.6864,      -6
23.6964,       8
23.7064,      -6
23.7164,       4
23.7264,       3
23.7364,       3
23.7464,      -4
23.7564,      -5
23.7664,      -2
23.7764,      -8
23.7864,     -16
23.7964,      -6
23.8064,      -6
23.8164,      -4
23.8264,      -2
23.8364,       7
23.8464,     -11
23.8564,      -6
23.8664,      -4
23.8764,       0
23.8864,      -1
23.8964,     -10
23.9064,     -10
23.9164,      -4
23.9264,      -2
23.9364,       4
23.9464,       0
23.9564,       3
23.9664,      -6
23.9764,      -4
23.9864,     -11
23.9964,      -5
24.0064,      -7
24.0164,       1
24.0264,      -4
24.0364,       3
24.0464,      -7
24.0564,       3
24.0664,       0
24.0764,       1
24.0864,     -11
24.0964,     -13
24.1064,      10
24.1164,      -6
24.1264,     -13
24.1364,      -5
24.1464,       7
24.1564,      -8
24.1664,       7
24.1764,      -2
24.1864,     -13
24.1964,      -7
24.2064,       5
24.2164,       2
24.2264,      -2
24.2364,      -7
24.2464,      -8
24.2564,      -1
24.2664,       2
24.2764,      -4
24.2864,       0
24.2964,      -2
24.3064,      -2
24.3164,       5
24.3264,      -6
24.3364,     -11
24.3464,      -2
24.3564,       1
24.3664,       1
24.3764,       5
24.3864,      -2
24.3964,      -1
24.4064,      -7
24.4164,      -3
24.4264,       4
24.4364,      -9
24.4464,      -5
24.4564,      -5
24.4664,      -2
24.4764,      -6
24.4864,      -1
24.4964,      -4
24.5065,       5
24.5165,       4
24.5265,      -6
24.5365,      -4
24.5465,      -3
24.5565,       2
24.5665,      -5
24.5765,      -6
24.5865,      -2
24.5965,       0
24.6065,       4
24.6165,      -8
24.6265,      -2
24.6365,      -5
24.6465,      -1
24.6565,       6
24.6665,       4
24.6765,      -6
24.6865,      -5
24.6965,     -11
24.7065,       2
24.7165,       2
24.7265,       3
24.7365,       0
24.7465,       0
24.7565,      -4
24.7665,      -4
24.7765,      -7
24.7865,      -5
24.7965,      -9
24.8065,      -3
24.8165,       0
24.8265,      -3
24.8365,      -3
24.8465,     -20
24.8565,      -6
24.8665,      -3
24.8765,      -5
24.8865,      -5
24.8965,      -3
24.9065,      -6
24.9165,      -9
24.9265,      -3
24.9365,       0
24.9465,       5
24.9565,      -8
24.9665,      -2
24.9765,      -3
24.9865,       5
24.9965,      -6
25.0065,       0
25.0165,      -9
25.0265,      -8
25.0365,       3
25.0465,      -6
25.0565,     -10
25.0665,      -4
25.0765,       1
25.0865,       5
25.0965,       2
25.1065,      -4
25.1165,       2
25.1265,      -2
25.1365,      -7
25.1465,      -7
25.1565,      -7
25.1665,       0
25.1765,       1
25.1865,       4
25.1965,      -2
25.2065,       0
25.2165,       5
25.2265,      -6
25.2365,      -9
25.2465,       2
25.2565,      -1
25.2665,      -8
25.2765,       4
25.2865,      -3
25.2965,       4
25.3065,      -7
25.3165,      -9
25.3265,      -5
25.3365,      -2
25.3465,       0
25.3565,      -7
25.3665,      -4
25.3765,       2
25.3865,       1
25.3965,      -2
25.4065,       3
25.4165,     -11
25.4265,      -8
25.4365,      -7
25.4465,       7
25.4565,       3
25.4665,      -1
25.4765,      -9
25.4865,      -2
25.4965,       3
25.5066,      -2
25.5166,     -11
25.5266,      -8
25.5366,       6
25.5466,      -3
25.5566,       1
25.5666,      -3
25.5766,      -4
25.5866,       0
25.5966,      -7
25.6066,      -7
25.6166,      -4
25.6266,       2
25.6366,      -7
25.6466,      -1
25.6566,      -2
25.6666,       0
25.6766,      -5
25.6866,      -4
25.6966,      -3
25.7066,       5
25.7166,       6
25.7266,      -4
25.7366,      -2
25.7466,       2
25.7566,      -3
25.7666,       6
25.7766,       1
25.7866,      -6
25.7966,      -3
25.8066,      -9
25.8166,       2
25.8266,      -3
25.8366,       5
25.8466,       1
25.8566,      -4
25.8666,      -1
25.8766,       5
25.8866,      -6
25.8966,      -5
25.9066,       2
25.9166,       4
25.9266,       5
25.9366,       7
25.9466,     -11
25.9566,      -1
25.9666,      -7
25.9766,       5
25.9866,      -3
25.9966,      -3
26.0066,       3
26.0166,       7
26.0266,      -4
26.0366,      -3
26.0466,      -5
26.0566,      -4
26.0666,      -5
26.0766,       4
26.0866,     -13
26.0966,       4
26.1066,       2
26.1166,       6
26.1266,       2
26.1366,      -1
26.1466,      -4
26.1566,      -5
26.1666,     -10
26.1766,     -12
26.1866,      -2
26.1966,      -2
26.2066,      -1
26.2166,       1
26.2266,      -2
26.2366,      -2
26.2466,      -2
26.2566,       0
26.2666,       2
26.2766,       1
26.2866,       5
26.2966,       3
26.3066,       1
26.3166,       1
26.3266,      -1
26.3366,      -1
26.3466,       1
26.3566,      -6
26.3666,       0
26.3766,      -3
26.3866,       3
26.3966,      -1
26.4066,      -2
26.4166,      -8
26.4266,      -9
26.4366,      -6
26.4466,      -5
26.4566,       1
26.4666,       2
26.4766,      -3
26.4866,      -4
26.4966,       3
26.5067,       8
26.5167,      -2
26.5267,      -3
26.5367,      -6
26.5467,      -1
26.5567,      -2
26.5667,       1
26.5767,       2
26.5867,      -4
26.5967,      -8
26.6067,      -5
26.6167,      -6
26.6267,       1
26.6367,       2
26.6467,      -1
26.6567,      -3
26.6667,      -2
26.6767,       6
26.6867,      -2
26.6967,       0
26.7067,      -5
26.7167,       1
26.7267,      -4
26.7367,      -2
26.7467,       4
26.7567,      -9
26.7667,       1
26.7767,       0
26.7867,       6
26.7967,      -7
26.8067,      -3
26.8167,       3
26.8267,      -3
26.8367,      10
26.8467,      -4
26.8567,       2
26.8667,       6
26.8767,      -9
26.8867,      -6
26.8967,      -9
26.9067,      -8
26.9167,       3
26.9267,      -7
26.9367,       0
26.9467,      -8
26.9567,      -6
26.9667,      -5
26.9767,      -4
26.9867,       5
26.9967,      -2
27.0067,      -7
27.0167,      -1
27.0267,       5
27.0367,      -7
27.0467,       5
27.0567,       1
27.0667,       3
27.0767,     -12
27.0867,       1
27.0967,       0
27.1067,      -2
27.1167,      -1
27.1267,      -3
27.1367,       7
27.1467,      -2
27.1567,       5
27.1667,      -2
27.1767,      -5
27.1867,       3
27.1967,       1
27.2067,       0
27.2167,      -7
27.2267,       0
27.2367,       3
27.2467,      -6
27.2567,      -6
27.2667,      -9
27.2767,      -1
27.2867,      -4
27.2967,      -1
27.3067,       2
27.3167,      -4
27.3267,      -6
27.3367,       0
27.3467,      -5
27.3567,       0
27.3667,       2
27.3767,      -2
27.3867,       0
27.3967,      -2
27.4067,      -3
27.4167,      -1
27.4267,      -5
27.4367,       0
27.4467,      -3
27.4567,      -6
27.4667,      -1
27.4767,      -3
27.4867,      -4
27.4967,       3
27.5068,      -7
27.5168,       0
27.5268,      -3
27.5368,      -6
27.5468,      -9
27.5568,      -1
27.5668,       1
27.5768,      -2
27.5868,      -2
27.5968,      -6
27.6068,      -1
27.6168,      -1
27.6268,      -1
27.6368,      -3
27.6468,       0
27.6568,      -3
27.6668,       5
27.6768,      -4
27.6868,      -2
27.6968,       2
27.7068,      -4
27.7168,       3
27.7268,       0
27.7368,       4
27.7468,       2
27.7568,      -4
27.7668,      -5
27.7768,      -2
27.7868,       3
27.7968,       2
27.8068,      -1
27.8168,       0
27.8268,      -2
27.8368,      -3
27.8468,      -3
27.8568,       2
27.8668,       4
27.8768,      -2
27.8868,       0
27.8968,      -1
27.9068,       4
27.9168,      -6
27.9268,      -3
27.9368,      -1
27.9468,      -2
27.9568,      -1
27.9668,      -6
27.9768,      -1
27.9868,      -3
27.9968,       9
28.0068,       4
28.0168,      -7
28.0268,       2
28.0368,       4
28.0468,      -8
28.0568,       0
28.0668,      -5
28.0768,       0
28.0868,      -2
28.0968,      -2
28.1068,       1
28.1168,       0
28.1268,      -7
28.1368,      -2
28.1468,       7
28.1568,       5
28.1668,      -6
28.1768,      -7
28.1868,       1
28.1968,       0
28.2068,      -3
28.2168,       4
28.2268,      -5
28.2368,       6
28.2468,      -5
28.2568,      -2
28.2668,      -1
28.2768,       4
28.2868,       2
28.2968,       1
28.3068,       2
28.3168,      -3
28.3268,      -1
28.3368,      -4
28.3468,       3
28.3568,      -9
28.3668,      -3
28.3768,       2
28.3868,      -5
28.3968,      -3
28.4068,      -3
28.4168,       0
28.4268,      -5
28.4368,       3
28.4468,      -3
28.4568,      -5
28.4668,      -2
28.4768,       7
28.4868,      -4
28.4968,      -1
28.5069,      -3
28.5169,      -3
28.5269,      -2
28.5369,       0
28.5469,       3
28.5569,       0
28.5669,      -1
28.5769,      -4
28.5869,      -3
28.5969,       5
28.6069,      -7
28.6169,      -2
28.6269,       1
28.6369,       2
28.6469,       2
28.6569,       0
28.6669,       0
28.6769,       0
28.6869,      -4
28.6969,       2
28.7069,      -3
28.7169,       3
28.7269,     -10
28.7369,      -5
28.7469,      -2
28.7569,      -1
28.7669,      -1
28.7769,       3
28.7869,       0
28.7969,      -6
28.8069,       2
28.8169,       3
28.8269,       3
28.8369,       2
28.8469,      -7
28.8569,      -2
28.8669,      -1
28.8769,      -6
28.8869,       0
28.8969,      -2
28.9069,      -1
28.9169,       3
28.9269,      -1
28.9369,       2
28.9469,      -1
28.9569,       1
28.9669,      -1
28.9769,       0
28.9869,      -6
28.9969,       3
29.0069,       3
29.0169,      -7
29.0269,      -4
29.0369,       4
29.0469,       1
29.0569,       0
29.0669,      -3
29.0769,       0
29.0869,      -4
29.0969,      -1
29.1069,       3
29.1169,      -1
29.1269,      -8
29.1369,       3
29.1469,      -5
29.1569,      -2
29.1669,       4
29.1769,      -1
29.1869,      -2
29.1969,      -1
29.2069,      -3
29.2169,       2
29.2269,      -6
29.2369,      -3
29.2469,      -1
29.2569,      -2
29.2669,       0
29.2769,      -5
29.2869,       0
29.2969,      -1
29.3069,      -1
29.3169,       1
29.3269,      -2
29.3369,       2
29.3469,       0
29.3569,      -2
29.3669,       2
29.3769,      -4
29.3869,       0
29.3969,       0
29.4069,       2
29.4169,       3
29.4269,      -6
29.4369,      -3
29.4469,      -2
29.4569,       1
29.4669,       1
29.4769,      -7
29.4869,      -3
29.4969,      -1
29.5070,       0
29.5170,       1
29.5270,       0
29.5370,      -5
29.5470,       2
29.5570,      -3
29.5670,       2
29.5770,       0
29.5870,      -3
29.5970,      -3
29.6070,       1
29.6170,      -4
29.6270,      -4
29.6370,       2
29.6470,      -3
29.6570,      -3
29.6670,      -2
29.6770,      -1
29.6870,       3
29.6970,      -6
29.7070,       4
29.7170,       0
29.7270,       0
29.7370,      -2
29.7470,      -1
29.7570,       0
29.7670,      -2
29.7770,       0
29.7870,      -5
29.7970,      -2
29.8070,      -4
29.8170,       0
29.8270,       1
29.8370,       2
29.8470,       2
29.8570,      -1
29.8670,       2
29.8770,       0
29.8870,      -1
29.8970,      -1
29.9070,       5
29.9170,       0
29.9270,       1
29.9370,       2
29.9470,      -3
29.9570,       1
29.9670,       2
29.9770,      -1
29.9870,       4
29.9970,      -1
30.0070,      -3
30.0170,      -3
30.0270,       0
30.0370,       3
30.0470,      -4
30.0570,      -2
30.0670,      -4
30.0770,       3
30.0870,      -3
30.0970,       0
30.1070,       1
30.1170,      -2
30.1270,       1
30.1370,       0
30.1470,       0
30.1570,      -1
30.1670,       1
30.1770,      -3
30.1870,       0
30.1970,       2
30.2070,      -1
30.2170,      -4
30.2270,      -6
30.2370,       2
30.2470,      -2
30.2570,       0
30.2670,      -1
30.2770,      -3
30.2870,       0
30.2970,       0
30.3070,      -5
30.3170,       4
30.3270,       1
30.3370,       2
30.3470,       5
30.3570,      -1
30.3670,       0
30.3770,       1
30.3870,      -5
30.3970,      -6
30.4070,       1
30.4170,      -1
30.4270,      -3
30.4370,       1
30.4470,       0
30.4570,      -1
30.4670,      -1
30.4770,      -3
30.4870,       1
30.4970,      -3
30.5071,      -1
30.5171,      -3
30.5271,      -2
30.5371,      -1
30.5471,      -3
30.5571,       0
30.5671,      -7
30.5771,      -2
30.5871,      -2
30.5971,      -1
30.6071,      -3
30.6171,       2
30.6271,      -3
30.6371,      -1
30.6471,      -3
30.6571,      -2
30.6671,      -1
30.6771,       5
30.6871,      -2
30.6971,       2
30.7071,       2
30.7171,      -2
30.7271,      -1
30.7371,       0
30.7471,      -1
30.7571,       4
30.7671,      -2
30.7771,      -3
30.7871,       1
30.7971,       0
30.8071,       4
30.8171,      -1
30.8271,       4
30.8371,      -3
30.8471,      -5
30.8571,      -2
30.8671,       5
30.8771,       5
30.8871,       2
30.8971,      -2
30.9071,       0
30.9171,      -2
30.9271,       1
30.9371,      -3
30.9471,      -3
30.9571,       0
30.9671,       4
30.9771,       0
30.9871,       3
30.9971,      -6
31.0071,       0
31.0171,      -1
31.0271,       1
31.0371,       0
31.0471,      -3
31.0571,       0
31.0671,      -2
31.0771,      -1
31.0871,       2
31.0971,       0
31.1071,       0
31.1171,       1
31.1271,       0
31.1371,      -3
31.1471,       2
31.1571,      -2
31.1671,       0
31.1771,      -1
31.1871,       0
31.1971,      -1
31.2071,       4
31.2171,      -2
31.2271,       0
31.2371,      -5
31.2471,      -1
31.2571,      -2
31.2671,      -1
31.2771,      -3
31.2871,       5
31.2971,      -2
31.3071,      -2
31.3171,      -3
31.3271,       2
31.3371,       0
31.3471,      -1
31.3571,       2
31.3671,       1
31.3771,       1
31.3871,      -2
31.3971,       1
31.4071,      -1
31.4171,       3
31.4271,       0
31.4371,       0
31.4471,      -1
31.4571,       1
31.4671,      -2
31.4771,      -1
31.4871,      -1
31.4971,       2
31.5072,      -1
31.5172,      -1
31.5272,      -3
31.5372,       3
31.5472,      -1
31.5572,      -4
31.5672,      -3
31.5772,       0
31.5872,       2
31.5972,       0
31.6072,       0
31.6172,      -4
31.6272,      -5
31.6372,       1
31.6472,      -2
31.6572,      -1
31.6672,       0
31.6772,      -4
31.6872,      -3
31.6972,       3
31.7072,      -2
31.7172,      -1
31.7272,       0
31.7372,      -4
31.7472,      -3
31.7572,      -4
31.7672,      -3
31.7772,      -2
31.7872,       3
31.7972,       0
31.8072,       1
31.8172,       1
31.8272,      -1
31.8372,       0
31.8472,       3
31.8572,      -1
31.8672,      -3
31.8772,      -3
31.8872,       1
31.8972,      -1
31.9072,       3
31.9172,      -1
31.9272,      -4
31.9372,      -2
31.9472,      -1
31.9572,      -3
31.9672,       0
31.9772,      -2
31.9872,      -1
31.9972,       3
32.0072,       3
32.0172,      -2
32.0272,      -1
32.0372,       2
32.0472,       2
32.0572,      -4
32.0672,      -1
32.0772,      -1
32.0872,       0
32.0972,       1
32.1072,       1
32.1172,      -2
32.1272,      -3
32.1372,      -2
32.1472,       0
32.1572,      -1
32.1672,      -1
32.1772,      -1
32.1872,       2
32.1972,       3
32.2072,      -1
32.2172,       4
32.2272,       0
32.2372,      -2
32.2472,      -5
32.2572,       1
32.2672,      -2
32.2772,      -4
32.2872,      -1
32.2972,      -3
32.3072,       1
32.3172,       2
32.3272,      -3
32.3372,      -3
32.3472,       1
32.3572,       0
32.3672,      -6
32.3772,       1
32.3872,       2
32.3972,      -3
32.4072,      -4
32.4172,      -2
32.4272,       3
32.4372,       1
32.4472,      -2
32.4572,       0
32.4672,      -2
32.4772,       0
32.4872,      -1
32.4972,       0
32.5073,      -2
32.5173,       0
32.5273,       0
32.5373,       1
32.5473,       1
32.5573,      -2
32.5673,      -1
32.5773,      -1
32.5873,      -2
32.5973,      -1
32.6073,       0
32.6173,      -1
32.6273,       0
32.6373,       0
32.6473,      -1
32.6573,       0
32.6673,       1
32.6773,      -2
32.6873,      -2
32.6973,       1
32.7073,      -2
32.7173,       1
32.7273,       0
32.7373,       3
32.7473,       0
32.7573,      -1
32.7673,       1
32.7773,      -1
32.7873,       2
32.7973,      -1
32.8073,       0
32.8173,       0
32.8273,      -2
32.8373,      -2
32.8473,       0
32.8573,      -5
32.8673,      -2
32.8773,      -2
32.8873,      -1
32.8973,      -1
32.9073,       0
32.9173,       2
32.9273,       1
32.9373,      -1
32.9473,      -2
32.9573,      -2
32.9673,      -1
32.9773,       1
32.9873,       0
32.9973,       2
33.0073,      -5
33.0173,      -7
33.0273,       0
33.0373,      -2
33.0473,       0
33.0573,      -1
33.0673,       0
33.0773,       3
33.0873,       0
33.0973,       1
33.1073,       2
33.1173,       0
33.1273,       2
33.1373,       2
33.1473,      -1
33.1573,      -1
33.1673,       1
33.1773,      -2
33.1873,      -1
33.1973,      -2
33.2073,      -4
33.2173,       2
33.2273,      -2
33.2373,      -1
33.2473,       0
33.2573,       1
33.2673,      -3
33.2773,      -3
33.2873,       0
33.2973,       2
33.3073,       0
33.3173,      -2
33.3273,      -2
33.3373,       1
33.3473,      -1
33.3573,       0
33.3673,       0
33.3773,      -1
33.3873,      -1
33.3973,      -1
33.4073,      -1
33.4173,       1
33.4273,       1
33.4373,       0
33.4473,      -1
33.4573,       3
33.4673,      -2
33.4773,      -1
33.4873,       0
33.4973,      -1
33.5074,      -4
33.5174,      -2
33.5274,      -4
33.5374,      -1
33.5474,       2
33.5574,       0
33.5674,       0
33.5774,       1
33.5874,      -4
33.5974,       0
33.6074,       0
33.6174,       0
33.6274,      -2
33.6374,       4
33.6474,       0
33.6574,      -2
33.6674,      -2
33.6774,       2
33.6874,      -1
33.6974,       1
33.7074,       4
33.7174,       0
33.7274,      -1
33.7374,      -1
33.7474,       0
33.7574,       0
33.7674,       0
33.7774,       1
33.7874,       2
33.7974,      -3
33.8074,      -1
33.8174,      -1
33.8274,      -1
33.8374,      -2
33.8474,       1
33.8574,      -1
33.8674,      -2
33.8774,      -1
33.8874,      -1
33.8974,      -1
33.9074,      -2
33.9174,      -1
33.9274,      -1
33.9374,       1
33.9474,      -1
33.9574,       1
33.9674,       0
33.9774,       0
33.9874,      -1
33.9974,      -1
34.0074,       2
34.0174,       0
34.0274,      -1
34.0374,      -3
34.0474,      -1
34.0574,       0
34.0674,      -3
34.0774,      -4
34.0874,       1
34.0974,      -3
34.1074,      -1
34.1174,      -2
34.1274,       2
34.1374,       0
34.1474,      -1
34.1574,      -2
34.1674,       1
34.1774,       0
34.1874,       0
34.1974,       2
34.2074,       0
34.2174,      -2
34.2274,       0
34.2374,      -1
34.2474,       1
34.2574,       0
34.2674,      -1
34.2774,      -2
34.2874,      -2
34.2974,      -1
34.3074,       1
34.3174,      -1
34.3274,       1
34.3374,      -1
34.3474,      -1
34.3574,       2
34.3674,      -3
34.3774,      -1
34.3874,       0
34.3974,       3
34.4074,      -4
34.4174,      -2
34.4274,       0
34.4374,       0
34.4474,      -1
34.4574,       0
34.4674,       1
34.4774,      -1
34.4874,       3
34.4974,      -1
34.5075,      -1
34.5175,       2
34.5275,       1
34.5375,       3
34.5475,       0
34.5575,      -4
34.5675,       2
34.5775,       0
34.5875,      -3
34.5975,       1
34.6075,      -1
34.6175,      -1
34.6275,      -3
34.6375,       1
34.6475,       0
34.6575,       0
34.6675,      -1
34.6775,       1
34.6875,       1
34.6975,       0
34.7075,       0
34.7175,      -1
34.7275,       0
34.7375,      -1
34.7475,       1
34.7575,       0
34.7675,      -2
34.7775,      -1
34.7875,      -1
34.7975,       1
34.8075,       0
34.8175,       0
34.8275,       1
34.8375,       0
34.8475,      -2
34.8575,       0
34.8675,       1
34.8775,       0
34.8875,      -2
34.8975,       0
34.9075,       1
34.9175,       1
34.9275,       0
34.9375,       0
34.9475,       0
34.9575,       2
34.9675,       0
34.9775,       2
34.9875,       1
34.9975,      -2
35.0075,      -2
35.0175,      -1
35.0275,      -1
35.0375,       0
35.0475,       0
35.0575,      -1
35.0675,       2
35.0775,      -3
35.0875,       1
35.0975,       2
35.1075,       0
35.1175,      -1
35.1275,       2
35.1375,      -2
35.1475,       2
35.1575,      -1
35.1675,      -2
35.1775,      -1
35.1875,      -1
35.1975,       1
35.2075,      -1
35.2175,       3
35.2275,      -1
35.2375,       1
35.2475,       1
35.2575,      -1
35.2675,       0
35.2775,       0
35.2875,       0
35.2975,      -1
35.3075,      -1
35.3175,       0
35.3275,       0
35.3375,       0
35.3475,       1
35.3575,      -1
35.3675,       0
35.3775,      -1
35.3875,      -2
35.3975,       0
35.4075,       0
35.4175,      -1
35.4275,       0
35.4375,       2
35.4475,       0
35.4575,      -1
35.4675,       2
35.4775,       2
35.4875,       1
35.4975,      -1
35.5076,       0
35.5176,       0
35.5276,       0
35.5376,       0
35.5476,      -1
35.5576,      -3
35.5676,      -1
35.5776,      -1
35.5876,       0
35.5976,      -2
35.6076,      -1
35.6176,      -2
35.6276,       1
35.6376,      -1
35.6476,       0
35.6576,      -1
35.6676,       0
35.6776,       2
35.6876,      -3
35.6976,      -1
35.7076,       0
35.7176,       1
35.7276,      -1
35.7376,       0
35.7476,      -1
35.7576,       0
35.7676,      -1
35.7776,       1
35.7876,       0
35.7976,       2
35.8076,      -2
35.8176,       0
35.8276,       0
35.8376,      -1
35.8476,      -2
35.8576,       0
35.8676,       0
35.8776,      -1
35.8876,       0
35.8976,      -2
35.9076,      -1
35.9176,       0
35.9276,       2
35.9376,       0
35.9476,       0
35.9576,      -3
35.9676,      -4
35.9776,      -3
35.9876,       0
35.9976,       0
36.0076,      -1
36.0176,       2
36.0276,      -1
36.0376,       1
36.0476,      -1
36.0576,      -1
36.0676,       3
36.0776,       1
36.0876,      -1
36.0976,       1
36.1076,      -1
36.1176,       0
36.1276,       0
36.1376,       2
36.1476,      -2
36.1576,       0
36.1676,       1
36.1776,       1
36.1876,      -1
36.1976,       1
36.2076,      -2
36.2176,       0
36.2276,       1
36.2376,      -2
36.2476,      -1
36.2576,       0
36.2676,       1
36.2776,       0
36.2876,       2
36.2976,       0
36.3076,       1
36.3176,       1
36.3276,       1
36.3376,       1
36.3476,       0
36.3576,       1
36.3676,      -1
36.3776,       2
36.3876,      -2
36.3976,       0
36.4076,      -1
36.4176,      -2
36.4276,      -1
36.4376,      -1
36.4476,       1
36.4576,       0
36.4676,      -2
36.4776,       0
36.4876,      -1
36.4976,       0
36.5077,       1
36.5177,       0
36.5277,       0
36.5377,       0
36.5477,       0
36.5577,      -2
36.5677,       0
36.5777,      -3
36.5877,       0
36.5977,      -1
36.6077,      -1
36.6177,       1
36.6277,       2
36.6377,       1
36.6477,       0
36.6577,       1
36.6677,       0
36.6777,       2
36.6877,       0
36.6977,       0
36.7077,      -2
36.7177,       1
36.7277,      -1
36.7377,       0
36.7477,       2
36.7577,       0
36.7677,       1
36.7777,       0
36.7877,      -1
36.7977,       2
36.8077,      -1
36.8177,       0
36.8277,       0
36.8377,       0
36.8477,      -1
36.8577,      -1
36.8677,      -1
36.8777,       0
36.8877,       2
36.8977,       0
36.9077,       1
36.9177,      -1
36.9277,       2
36.9377,       1
36.9477,      -1
36.9577,      -2
36.9677,       1
36.9777,       0
36.9877,      -1
36.9977,       0
37.0077,      -2
37.0177,      -1
37.0277,      -1
37.0377,      -1
37.0477,       0
37.0577,       0
37.0677,       0
37.0777,       0
37.0877,       1
37.0977,       0
37.1077,       0
37.1177,       0
37.1277,       0
37.1377,       0
37.1477,       0
37.1577,      -1
37.1677,       1
37.1777,       0
37.1877,       0
37.1977,       0
37.2077,       2
37.2177,       0
37.2277,       0
37.2377,      -1
37.2477,       1
37.2577,       1
37.2677,       0
37.2777,       0
37.2877,       0
37.2977,      -2
37.3077,       0
37.3177,      -2
37.3277,       1
37.3377,       0
37.3477,       0
37.3577,       0
37.3677,      -3
37.3777,       0
37.3877,      -3
37.3977,      -1
37.4077,       0
37.4177,      -1
37.4277,      -1
37.4377,      -1
37.4477,      -2
37.4577,       0
37.4677,      -1
37.4777,       0
37.4877,       0
37.4977,       0
37.5078,      -1
37.5178,       0
37.5278,      -3
37.5378,      -3
37.5478,       1
37.5578,      -1
37.5678,       0
37.5778,      -2
37.5878,      -1
37.5978,      -2
37.6078,       2
37.6178,      -2
37.6278,       2
37.6378,      -1
37.6478,      -1
37.6578,       0
37.6678,       0
37.6778,       1
37.6878,      -2
37.6978,       0
37.7078,       1
37.7178,       2
37.7278,       0
37.7378,      -1
37.7478,       0
37.7578,       0
37.7678,       0
37.7778,       1
37.7878,       0
37.7978,      -1
37.8078,       1
37.8178,      -1
37.8278,       0
37.8378,       3
37.8478,      -1
37.8578,       1
37.8678,      -1
37.8778,       0
37.8878,       1
37.8978,      -2
37.9078,       1
37.9178,       1
37.9278,       0
37.9378,       0
37.9478,       0
37.9578,       1
37.9678,      -1
37.9778,       0
37.9878,       2
37.9978,       0
38.0078,       0
38.0178,      -2
38.0278,       0
38.0378,       0
38.0478,       1
38.0578,       0
38.0678,       1
38.0778,       0
38.0878,      -1
38.0978,       0
38.1078,      -2
38.1178,      -1
38.1278,       1
38.1378,       1
38.1478,       1
38.1578,      -1
38.1678,       0
38.1778,       1
38.1878,       1
38.1978,      -1
38.2078,      -1
38.2178,       0
38.2278,       0
38.2378,       0
38.2478,      -1
38.2578,      -1
38.2678,       0
38.2778,       1
38.2878,       3
38.2978,       0
38.3078,       0
38.3178,       0
38.3278,       0
38.3378,      -1
38.3478,      -1
38.3578,       1
38.3678,       2
38.3778,       0
38.3878,       0
38.3978,      -1
38.4078,       0
38.4178,       0
38.4278,       0
38.4378,      -1
38.4478,       0
38.4578,      -2
38.4678,       0
38.4778,      -1
38.4878,       0
38.4978,       0
38.5079,       1
38.5179,       0
38.5279,      -1
38.5379,       1
38.5479,       0
38.5579,       1
38.5679,       0
38.5779,      -1
38.5879,       0
38.5979,       0
38.6079,       0
38.6179,       2
38.6279,      -1
38.6379,       0
38.6479,       0
38.6579,       1
38.6679,       0
38.6779,       0
38.6879,      -1
38.6979,      -1
38.7079,       0
38.7179,       0
38.7279,       0
38.7379,       0
38.7479,       0
38.7579,       0
38.7679,       0
38.7779,       0
38.7879,       0
38.7979,       0
38.8079,      -1
38.8179,       0
38.8279,       0
38.8379,      -1
38.8479,      -2
38.8579,       0
38.8679,       0
38.8779,       0
38.8879,      -2
38.8979,      -2
38.9079,       0
38.9179,      -1
38.9279,       1
38.9379,       1
38.9479,       1
38.9579,       0
38.9679,       0
38.9779,       0
38.9879,       0
38.9979,       0
39.0079,       0
39.0179,       0
39.0279,       0
39.0379,       2
39.0479,      -1
39.0579,       1
39.0679,       0
39.0779,       1
39.0879,       0
39.0979,       0
39.1079,       0
39.1179,       0
39.1279,       1
39.1379,       0
39.1479,      -1
39.1579,       0
39.1679,       0
39.1779,       0
39.1879,      -1
39.1979,       0
39.2079,      -2
39.2179,       0
39.2279,      -1
39.2379,      -1
39.2479,      -1
39.2579,      -1
39.2679,       1
39.2779,       1
39.2879,       0
39.2979,       0
39.3079,       0
39.3179,       1
39.3279,       0
39.3379,       0
39.3479,       0
39.3579,      -1
39.3679,      -1
39.3779,       0
39.3879,       0
39.3979,       0
39.4079,       1
39.4179,       0
39.4279,       1
39.4379,      -1
39.4479,       0
39.4579,      -1
39.4679,       0
39.4779,       0
39.4879,      -1
39.4979,      -1
39.5080,       0
39.5180,       0
39.5280,       0
39.5380,       0
39.5480,       0
39.5580,       0
39.5680,       0
39.5780,       0
39.5880,       2
39.5980,       0
39.6080,       0
39.6180,       0
39.6280,       1
39.6380,      -1
39.6480,      -1
39.6580,       0
39.6680,       0
39.6780,       1
39.6880,      -1
39.6980,       0
39.7080,      -1
39.7180,       0
39.7280,       0
39.7380,      -1
39.7480,      -1
39.7580,      -1
39.7680,      -1
39.7780,       1
39.7880,       0
39.7980,       0
39.8080,      -1
39.8180,       0
39.8280,       0
39.8380,       0
39.8480,      -1
39.8580,       0
39.8680,       0
39.8780,       0
39.8880,       0
39.8980,       0
39.9080,      -1
39.9180,       0
39.9280,       0
39.9380,       0
39.9480,       0
39.9580,       0
39.9680,       0
39.9780,       1
39.9880,       0
39.9980,       0
