2501.49	78026.7
2500.78	77464.7
2500.07	71594.9
2499.36	71148
2498.64	70869.8
2497.93	70942.7
2497.22	71647.2
2496.51	71593.6
2495.79	71343.5
2495.08	72033.6
2494.37	72092.1
2493.66	71772
2492.94	71788.5
2492.23	72183.6
2491.52	71891.6
2490.8	71641.7
2490.09	71602.2
2489.38	71955
2488.66	72125.6
2487.95	72338.1
2487.23	72242.4
2486.52	71782.7
2485.81	72219.2
2485.09	71857.6
2484.38	72461.9
2483.66	72282.3
2482.95	71753
2482.23	72510.9
2481.52	72289.4
2480.8	73089
2480.09	72615.7
2479.37	72548.1
2478.66	72270.9
2477.94	73055.9
2477.23	72233.6
2476.51	72445.6
2475.79	73020.6
2475.08	72492.1
2474.36	72522.3
2473.65	73348.4
2472.93	73448.3
2472.21	73045.6
2471.5	72587.3
2470.78	73259.3
2470.06	73163.8
2469.35	73277.6
2468.63	73000.8
2467.91	73100.6
2467.2	73381.6
2466.48	73383.7
2465.76	73483.4
2465.04	74112.7
2464.33	73571.2
2463.61	74423.1
2462.89	74118.6
2462.17	73869.9
2461.45	73496
2460.74	74152.4
2460.02	73917.8
2459.3	73752.7
2458.58	74353.2
2457.86	74216
2457.14	74370.9
2456.42	74150.3
2455.7	73985.4
2454.99	73778.8
2454.27	74990.3
2453.55	74311
2452.83	74229.5
2452.11	74815.1
2451.39	74441.8
2450.67	75054.9
2449.95	74862.2
2449.23	74266.9
2448.51	74643.7
2447.79	75145.3
2447.07	75202.6
2446.35	74482.7
2445.63	74553.9
2444.9	75388.2
2444.18	75403.8
2443.46	75044.9
2442.74	74630.6
2442.02	75297.9
2441.3	75285.8
2440.58	74996.4
2439.86	75025.9
2439.13	75540.3
2438.41	75500.4
2437.69	75876
2436.97	76099.2
2436.25	75810
2435.52	76199.3
2434.8	76477.6
2434.08	76160.8
2433.36	75553.5
2432.63	75887.2
2431.91	75957.9
2431.19	75682.9
2430.46	75504.7
2429.74	76266.8
2429.02	76157.7
2428.29	76449.5
2427.57	77072.8
2426.85	77198.6
2426.12	76343.3
2425.4	76483
2424.68	76940.2
2423.95	76554.9
2423.23	76376.8
2422.5	76640.6
2421.78	76876.6
2421.05	76850.4
2420.33	76506.8
2419.6	77170.4
2418.88	77171.8
2418.15	76497.3
2417.43	77601.8
2416.7	76748.3
2415.98	76997.8
2415.25	76461.6
2414.53	77372.5
2413.8	77001.8
2413.07	78008.7
2412.35	77376.3
2411.62	77405.1
2410.9	77365
2410.17	77118.5
2409.44	77408.8
2408.72	77423.8
2407.99	77315
2407.26	77673.9
2406.54	77908.9
2405.81	77483.7
2405.08	77691.2
2404.35	78159.8
2403.63	77872.3
2402.9	78450.7
2402.17	77998.2
2401.44	78013.1
2400.71	78192.8
2399.99	77438.4
2399.26	78030.1
2398.53	78305.8
2397.8	78252
2397.07	78458.9
2396.34	78638.3
2395.62	77898.3
2394.89	78228.7
2394.16	78764.7
2393.43	78779.4
2392.7	78547.2
2391.97	79014.4
2391.24	78878.2
2390.51	79167
2389.78	78852.7
2389.05	78524.7
2388.32	78443.5
2387.59	78650
2386.86	79075.5
2386.13	78446.5
2385.4	79090.9
2384.67	79379.2
2383.94	78969.4
2383.21	78888.2
2382.48	78711.3
2381.75	79163.6
2381.02	79328.6
2380.28	79534.5
2379.55	78838
2378.82	79645.4
2378.09	78867.1
2377.36	79441.9
2376.63	79565.7
2375.89	79880.7
2375.16	79772.1
2374.43	80127.9
2373.7	79077.1
2372.97	79746.9
2372.23	79461
2371.5	79025
2370.77	78916.6
2370.03	80077.2
2369.3	79654.9
2368.57	79723.9
2367.84	79738.2
2367.1	79711.6
2366.37	80121.3
2365.63	80108.3
2364.9	79918.1
2364.17	80136.8
2363.43	80355.4
2362.7	80247
2361.96	81010.3
2361.23	80397.9
2360.5	80126.2
2359.76	80426.3
2359.03	80290.7
2358.29	79910.3
2357.56	80795.3
2356.82	80510.1
2356.09	80782.7
2355.35	80579.1
2354.62	80430.1
2353.88	81001.6
2353.14	80526.3
2352.41	80866.5
2351.67	80228.3
2350.94	80473.4
2350.2	80297.3
2349.46	80922.6
2348.73	81316.9
2347.99	80842
2347.25	80774.6
2346.52	79811.3
2345.78	81454
2345.04	81155.8
2344.31	81414
2343.57	80939.5
2342.83	82024.9
2342.1	81062.4
2341.36	81320.3
2340.62	82052.7
2339.88	81985.1
2339.14	81362
2338.41	81728.1
2337.67	81877.4
2336.93	82094.3
2336.19	81904.9
2335.45	81228.1
2334.71	82040.7
2333.98	81418.2
2333.24	82230.5
2332.5	82514.8
2331.76	82420.2
2331.02	82366.2
2330.28	81717.2
2329.54	81730.9
2328.8	81947.4
2328.06	81758.4
2327.32	82677.7
2326.58	82056.1
2325.84	81961.6
2325.1	83137.1
2324.36	81664.8
2323.62	82245.7
2322.88	82286.3
2322.14	82691.4
2321.4	83015.4
2320.66	82556.5
2319.92	82435.1
2319.17	82448.7
2318.43	83136.7
2317.69	82610.6
2316.95	83500.7
2316.21	83028.7
2315.47	83136.5
2314.72	83136.4
2313.98	83783.2
2313.24	83419.2
2312.5	83351.7
2311.76	82516.5
2311.01	82839.7
2310.27	82812.7
2309.53	83512.8
2308.79	83028
2308.04	83593.2
2307.3	84144.8
2306.56	84063.8
2305.81	83471.6
2305.07	83969.1
2304.33	83968.8
2303.58	83672.8
2302.84	83847.3
2302.09	83954.6
2301.35	84411.3
2300.61	83658.5
2299.86	83725.5
2299.12	83967
2298.37	84383.1
2297.63	84154.5
2296.88	84248.1
2296.14	83979.3
2295.39	83294.5
2294.65	84274
2293.9	84233.4
2293.16	83830.6
2292.41	84179.1
2291.67	84406.7
2290.92	84419.7
2290.17	84379.1
2289.43	84512.8
2288.68	84673.2
2287.94	84820.2
2287.19	84350.8
2286.44	84886.2
2285.7	84845.6
2284.95	84269.3
2284.2	84724.1
2283.45	84723.7
2282.71	84977.5
2281.96	83919.8
2281.21	84695.5
2280.47	84561.3
2279.72	84908.6
2278.97	84948.2
2278.22	85068.1
2277.47	84559.5
2276.73	84826.4
2275.98	85293.6
2275.23	85212.9
2274.48	85025.3
2273.73	85345.3
2272.98	84797.1
2272.23	84863.4
2271.49	84569.1
2270.74	84181.5
2269.99	85102
2269.24	84994.7
2268.49	85287.7
2267.74	85193.7
2266.99	85406.5
2266.24	84779.1
2265.49	85525.2
2264.74	85644.6
2263.99	85457.3
2263.24	85803.1
2262.49	85815.7
2261.74	85868.3
2260.99	85920.9
2260.24	85866.8
2259.49	85906
2258.73	85439.3
2257.98	86716.6
2257.23	86476.1
2256.48	85796.6
2255.73	86421.2
2254.98	85276.2
2254.23	85687.9
2253.47	86019.7
2252.72	85992.3
2251.97	85765.5
2251.22	86230
2250.46	85963.3
2249.71	85962.5
2248.96	85749.1
2248.21	85854.7
2247.45	85508.5
2246.7	85786.7
2245.95	85759.3
2245.19	85665.6
2244.44	86129.4
2243.69	86526.7
2242.93	85875.6
2242.18	86233
2241.43	86510.7
2240.67	87000.5
2239.92	86654.7
2239.16	86322.3
2238.41	86573.3
2237.65	86903.7
2236.9	87154.5
2236.15	86981.2
2235.39	86768.2
2234.64	86449.3
2233.88	86541.1
2233.13	86884.4
2232.37	86843.7
2231.61	87332.4
2230.86	86881.3
2230.1	87145
2229.35	88136.1
2228.59	87552.9
2227.83	87723.7
2227.08	87682.8
2226.32	86610.7
2225.57	86794.8
2224.81	86807
2224.05	86581.3
2223.3	86302.9
2222.54	87134.1
2221.78	86723.6
2221.02	87237.6
2220.27	87342.1
2219.51	87578.6
2218.75	87326.6
2217.99	87800.6
2217.24	87495.9
2216.48	87046.1
2215.72	87440.7
2214.96	88323.2
2214.2	87332.9
2213.45	88056.9
2212.69	88569.7
2211.93	88041.1
2211.17	88211.1
2210.41	87669.6
2209.65	87167.8
2208.89	87943.7
2208.13	88574.6
2207.37	88889.2
2206.61	88611.3
2205.85	88741.5
2205.09	88529.5
2204.33	88238.6
2203.57	88487.2
2202.81	87630.8
2202.05	87313.9
2201.29	88680.3
2200.53	87443
2199.77	88440.8
2199.01	89096.5
2198.25	89042.4
2197.49	88896.4
2196.73	89000
2195.97	88551.9
2195.2	88826.3
2194.44	89336.9
2193.68	88390.1
2192.92	88729.9
2192.16	88990.9
2191.39	88503.9
2190.63	88804.2
2189.87	89445.5
2189.11	88617.6
2188.34	88773.5
2187.58	89191.5
2186.82	88809.8
2186.06	88952.5
2185.29	89881.3
2184.53	89224.5
2183.77	89746.9
2183	89182
2182.24	89062.6
2181.48	89257.4
2180.71	88994
2179.95	88233.2
2179.18	88716
2178.42	89041.6
2177.66	89720.3
2176.89	89064.6
2176.13	89664.6
2175.36	89911.3
2174.6	88811.4
2173.83	89018.9
2173.07	88991.2
2172.3	89251
2171.54	89562.9
2170.77	89495.9
2170	89729.3
2169.24	89531.7
2168.47	89373.3
2167.71	89580.5
2166.94	89905.1
2166.17	90373.1
2165.41	89888.5
2164.64	89951.9
2163.87	89728.4
2163.11	90130.9
2162.34	89724.8
2161.57	89332
2160.81	90203.6
2160.04	89941.1
2159.27	89717.8
2158.5	90172
2157.74	89128
2156.97	88852.8
2156.2	88668.9
2155.43	89149
2154.67	90266.9
2153.9	90017.7
2153.13	90002.8
2152.36	89857.9
2151.59	89452.7
2150.82	90842.8
2150.05	90398.6
2149.28	90721.7
2148.52	90667.8
2147.75	90457.8
2146.98	91300.6
2146.21	90479.9
2145.44	89906.3
2144.67	89761.5
2143.9	90344.2
2143.13	89628
2142.36	90093.6
2141.59	89715.2
2140.82	89557.6
2140.05	90386.3
2139.28	90449.3
2138.5	90693.8
2137.73	91132.8
2136.96	90663.8
2136.19	90169.1
2135.42	90724.6
2134.65	90476.3
2133.88	90707.5
2133.1	90446.3
2132.33	91467.9
2131.56	91504.5
2130.79	91036.1
2130.02	90969.3
2129.24	91536.8
2128.47	91366.4
2127.7	91584.2
2126.93	91193.8
2126.15	91980.9
2125.38	91318.9
2124.61	91187.3
2123.83	91288.7
2123.06	90821
2122.29	91633.4
2121.51	91424.3
2120.74	91525.5
2119.97	91239
2119.19	91068.9
2118.42	91376.7
2117.64	91464.9
2116.87	91643.5
2116.09	91744.5
2115.32	91871.3
2114.54	91843.2
2113.77	91750.6
2113	91322.5
2112.22	92403.9
2111.44	92079
2110.67	92115.4
2109.89	91971.2
2109.12	92458.7
2108.34	91412.2
2107.57	92183.2
2106.79	91420.6
2106.01	91366.8
2105.24	92137.4
2104.46	92122.1
2103.68	92042.5
2102.91	93147.3
2102.13	92951.7
2101.35	91958.1
2100.58	92637.8
2099.8	92519.5
2099.02	92710
2098.24	92437.4
2097.47	92576.4
2096.69	92998.2
2095.91	92018.6
2095.13	92967.3
2094.36	92759.1
2093.58	92756.6
2092.8	93781.8
2092.02	92931.4
2091.24	92517.8
2090.46	92502.5
2089.68	92191.8
2088.9	92638.7
2088.13	92623.3
2087.35	92300
2086.57	92759.3
2085.79	92179.5
2085.01	92151.4
2084.23	92944
2083.45	92761.9
2082.67	92733.7
2081.89	93166.9
2081.11	93177
2080.33	92995
2079.55	92313.4
2078.77	92708
2077.98	92769.4
2077.2	92395.5
2076.42	92687.4
2075.64	92864
2074.86	93744.4
2074.08	92833.2
2073.3	92715.4
2072.51	93045.4
2071.73	93068.3
2070.95	93155.1
2070.17	93446.5
2069.39	93341.5
2068.6	93875.5
2067.82	93744.9
2067.04	93422.7
2066.26	93445.5
2065.47	93813.1
2064.69	93606
2063.91	93181.9
2063.12	92962.1
2062.34	93316.8
2061.56	93633.1
2060.77	93592
2059.99	93665.8
2059.2	92578.7
2058.42	92129.7
2057.64	93491.5
2056.85	93985.9
2056.07	93970.3
2055.28	93954.7
2054.5	93569.5
2053.71	94993.6
2052.93	93462
2052.14	93904.9
2051.36	94105.8
2050.57	93631.8
2049.79	93781.7
2049	92340.5
2048.22	92961.5
2047.43	92831.5
2046.64	92892.3
2045.86	92266.4
2045.07	93408.3
2044.28	92540.8
2043.5	93440.7
2042.71	93158.2
2041.92	93180.9
2041.14	93635.5
2040.35	93721.5
2039.56	93960
2038.78	94071.3
2037.99	93865.2
2037.2	93633.7
2036.41	92945.3
2035.62	92929.9
2034.84	93295.1
2034.05	93926.6
2033.26	93784.1
2032.47	93895.3
2031.68	93993.8
2030.89	94295.1
2030.11	93911.8
2029.32	94022.9
2028.53	93056.7
2027.74	93750.8
2026.95	93887.2
2026.16	94428.8
2025.37	93399.9
2024.58	93751.6
2023.79	94204.4
2023	94264.6
2022.21	94084.4
2021.42	94081.3
2020.63	94356.6
2019.84	94720.4
2019.05	94034.3
2018.26	94499.1
2017.47	94040.8
2016.68	93835.5
2015.88	93503.9
2015.09	93513.6
2014.3	94407.7
2013.51	93924.5
2012.72	94477.2
2011.93	94840.3
2011.13	94319.4
2010.34	94114.3
2009.55	94969.5
2008.76	94587.7
2007.96	94609.7
2007.17	94253.3
2006.38	93657.3
2005.59	94045.3
2004.79	94243.9
2004	94896.4
2003.21	94880.5
2002.41	94259.7
2001.62	94811.1
2000.83	94543.2
2000.03	94943.1
1999.24	94209.4
1998.44	94987
1997.65	94706.7
1996.86	95043.4
1996.06	94788.3
1995.27	95389.1
1994.47	95461.3
1993.68	95030.2
1992.88	94813
1992.09	95287.6
1991.29	94844.2
1990.5	95155.2
1989.7	94925.6
1988.9	95789.5
1988.11	95647.8
1987.31	96109.2
1986.52	95465.1
1985.72	95486.8
1984.92	94968.5
1984.13	95191.2
1983.33	95288.3
1982.53	95862.2
1981.74	96034.4
1980.94	95428.6
1980.14	95588.3
1979.35	95421.8
1978.55	95430.9
1977.75	96455.6
1976.95	96677.6
1976.16	95658.8
1975.36	96294.4
1974.56	96140.5
1973.76	95861.3
1972.96	96120.8
1972.16	96267.5
1971.37	95587.8
1970.57	96110.1
1969.77	95806.1
1968.97	96102.9
1968.17	95924.2
1967.37	96195.9
1966.57	95754.4
1965.77	96076.1
1964.97	96622.7
1964.17	96281.4
1963.37	95827.8
1962.57	96386.7
1961.77	95733.2
1960.97	96491.8
1960.17	95976
1959.37	95185.5
1958.57	96892.9
1957.77	96464.6
1956.97	95849.2
1956.17	95795.7
1955.36	95742.2
1954.56	95938.3
1953.76	95934.7
1952.96	96030.8
1952.16	96962.5
1951.36	96198.1
1950.55	95970.1
1949.75	96689.4
1948.95	96187.1
1948.15	96158.5
1947.34	96254.5
1946.54	96213.5
1945.74	96371.7
1944.94	97164.9
1944.13	96227.3
1943.33	96783.8
1942.53	96244.8
1941.72	96714
1940.92	96896.8
1940.11	96482.5
1939.31	96142.9
1938.51	95654.2
1937.7	96247.4
1936.9	95982.6
1936.09	96799.3
1935.29	96783
1934.48	96394
1933.68	95793.9
1932.87	96386.5
1932.07	96581.4
1931.26	95671.2
1930.46	96189
1929.65	96036.3
1928.85	96640.7
1928.04	96339
1927.23	96174
1926.43	95711.3
1925.62	96302.9
1924.81	95530.3
1924.01	95787
1923.2	95994
1922.39	96015.1
1921.59	96234.4
1920.78	96416.4
1919.97	95954.3
1919.17	95727.6
1918.36	96231.6
1917.55	95608.7
1916.74	96186.9
1915.93	95613.7
1915.13	95981.3
1914.32	96373.4
1913.51	96320.1
1912.7	96328.7
1911.89	96250.6
1911.08	96321
1910.28	95822.6
1909.47	96498.7
1908.66	96309.5
1907.85	96762.8
1907.04	96165.9
1906.23	96125
1905.42	95701.3
1904.61	97265.7
1903.8	96323.4
1902.99	96702.2
1902.18	96587.2
1901.37	96262.4
1900.56	96098.2
1899.75	96452
1898.94	96485.1
1898.13	96382.6
1897.31	97291
1896.5	96769.2
1895.69	96925.5
1894.88	97168
1894.07	96732.7
1893.26	97147.5
1892.45	97032.6
1891.63	96092.7
1890.82	96679.8
1890.01	96811.3
1889.2	96905.7
1888.38	97123.2
1887.57	96897.7
1886.76	96782.9
1885.95	96557.5
1885.13	96897.9
1884.32	96979.9
1883.51	97369.3
1882.69	96258.9
1881.88	96500.7
1881.06	97369.2
1880.25	97205.4
1879.44	97041.6
1878.62	97725.3
1877.81	96701.8
1876.99	97004.8
1876.18	97246.2
1875.36	97278.9
1874.55	96293
1873.73	97393.3
1872.92	97156
1872.1	97446.3
1871.29	96939.3
1870.47	97180.4
1869.66	97629.9
1868.84	96547.1
1868.02	97057.7
1867.21	97323.1
1866.39	97907
1865.58	96224.7
1864.76	97016.7
1863.94	96963.6
1863.13	97620.5
1862.31	98154.9
1861.49	97697.7
1860.67	98146.2
1859.86	96367.9
1859.04	97318
1858.22	96787.9
1857.4	97737.5
1856.59	97733.2
1855.77	97227.8
1854.95	97944.7
1854.13	97304.9
1853.31	97545
1852.49	97797.3
1851.68	97035.8
1850.86	97202.5
1850.04	97161.7
1849.22	97572.5
1848.4	97202.1
1847.58	97161.2
1846.76	97120.4
1845.94	96957.6
1845.12	96990
1844.3	97644.3
1843.48	96554.8
1842.66	96721.4
1841.84	97119.4
1841.02	97346.7
1840.2	97184.1
1839.38	97533.1
1838.56	97419.1
1837.74	96939.9
1836.91	97544.5
1836.09	97990.6
1835.27	97061.1
1834.45	97215.1
1833.63	97417.6
1832.81	96926.7
1831.98	97287.4
1831.16	97915.5
1830.34	96901.8
1829.52	97116.4
1828.69	97756.4
1827.87	96998.4
1827.05	97042.8
1826.22	96917
1825.4	97884.5
1824.58	97503.6
1823.75	97098.5
1822.93	96778.5
1822.11	97223.4
1821.28	97461.8
1820.46	97032.7
1819.64	96446
1818.81	96830
1817.99	97092.6
1817.16	96712.3
1816.34	96938.4
1815.51	97019
1814.69	97293.4
1813.86	96319.6
1813.04	96800
1812.21	97268.2
1811.39	96936.8
1810.56	97598.5
1809.73	96843.4
1808.91	96935.9
1808.08	96919.5
1807.26	97096.7
1806.43	96390.5
1805.6	97305.7
1804.78	97833.6
1803.95	97176
1803.12	96845.1
1802.29	97844.2
1801.47	97174.9
1800.64	97218.8
1799.81	96924.4
1798.98	97355
1798.16	97386.8
1797.33	97152.9
1796.5	97945.4
1795.67	97385.5
1794.84	97405.2
1794.02	97461.1
1793.19	97529
1792.36	97017.8
1791.53	96916.8
1790.7	96924.5
1789.87	97740.1
1789.04	97241.3
1788.21	97574.3
1787.38	97473.4
1786.55	98071.5
1785.72	97693.3
1784.89	97845.4
1784.06	97877
1783.23	97366.6
1782.4	97386.1
1781.57	97237.2
1780.74	97750.3
1779.91	97444.8
1779.08	97380.1
1778.25	97123
1777.42	97780.1
1776.58	96608.9
1775.75	98179.7
1774.92	97694.1
1774.09	97485.2
1773.26	98261.9
1772.42	98329.3
1771.59	97711.8
1770.76	97767.3
1769.93	97438.4
1769.09	97962.2
1768.26	97441.3
1767.43	97556.7
1766.6	98044.2
1765.76	97307.6
1764.93	98142.9
1764.09	97538.4
1763.26	98145.4
1762.43	97637.1
1761.59	98819.4
1760.76	97424
1759.92	97611.2
1759.09	97522.7
1758.26	97997.3
1757.42	98304.1
1756.59	98095.7
1755.75	98366.5
1754.92	97906.7
1754.08	98069.6
1753.24	97574.1
1752.41	98048.2
1751.57	98258.8
1750.74	98050.7
1749.9	98105.7
1749.07	98710.9
1748.23	97797.3
1747.39	97039.4
1746.56	97871.6
1745.72	97113.9
1744.88	98280.3
1744.05	97941
1743.21	97745.1
1742.37	97716.5
1741.53	97389.4
1740.7	97623.5
1739.86	97523.3
1739.02	96993.5
1738.18	97585.6
1737.34	97378
1736.51	97337.6
1735.67	97881.5
1734.83	97328.2
1733.99	97097
1733.15	97605
1732.31	97636
1731.47	97190.4
1730.63	97567
1729.79	97431.2
1728.95	97259.7
1728.11	97528.9
1727.27	97524.2
1726.43	97138.5
1725.59	97443.3
1724.75	97283.9
1723.91	96624.8
1723.07	96572.6
1722.23	97138.9
1721.39	96729.9
1720.55	96951.2
1719.71	96482.9
1718.87	96918.1
1718.03	96889.7
1717.18	96659.3
1716.34	96987.3
1715.5	96507.5
1714.66	97346
1713.82	96213.3
1712.97	96648
1712.13	96833.3
1711.29	96793
1710.45	96788.3
1709.6	97317.5
1708.76	96779
1707.92	96359.2
1707.07	96473.2
1706.23	96421.1
1705.39	96535
1704.54	97087.4
1703.7	96916.8
1702.85	96758
1702.01	97345.6
1701.17	96428.9
1700.32	96815
1699.48	97106.2
1698.63	96687.2
1697.79	97002
1696.94	96559.4
1696.1	97039.8
1695.25	96786.7
1694.41	96817.4
1693.56	96304.2
1692.71	96701.5
1691.87	96755.9
1691.02	96373
1690.18	96427.4
1689.33	97001.6
1688.48	95354.8
1687.64	96637.7
1686.79	96798.3
1685.94	96533.8
1685.1	96706.2
1684.25	96937.5
1683.4	96649.5
1682.55	97482.4
1681.71	96710.7
1680.86	96871.1
1680.01	96996
1679.16	97073.7
1678.31	96114
1677.47	96922.6
1676.62	96458.2
1675.77	97054.4
1674.92	96802.1
1674.07	96620.7
1673.22	97028.1
1672.37	96528.7
1671.52	97583.5
1670.67	96789.9
1669.82	96879.2
1668.97	96980.3
1668.12	96516.6
1667.27	96970.5
1666.42	96789.3
1665.57	96843.2
1664.72	96767.8
1663.87	96998.1
1663.02	97381.1
1662.17	97752.1
1661.32	97523.9
1660.47	97518.9
1659.62	97596.1
1658.76	96628.3
1657.91	97093
1657.06	97217.3
1656.21	96965.8
1655.36	96491.6
1654.5	97718.6
1653.65	97725.3
1652.8	96922.8
1651.95	97269.7
1651.09	97159.2
1650.24	97388.7
1649.39	97454
1648.53	97460.7
1647.68	97795.5
1646.83	97321.8
1645.97	97164.6
1645.12	96890.2
1644.26	96569.2
1643.41	97149.6
1642.56	97530.9
1641.7	96929
1640.85	96526.3
1639.99	96708.6
1639.14	96598.4
1638.28	97412.1
1637.43	97664.3
1636.57	96969.5
1635.72	97081.4
1634.86	97462
1634	97398.5
1633.15	97650.5
1632.29	96979.6
1631.43	96554.2
1630.58	97354.9
1629.72	97093
1628.87	96749.5
1628.01	96849.6
1627.15	96669.6
1626.29	96991.3
1625.44	96473.1
1624.58	96876.3
1623.72	97104.5
1622.86	96621.5
1622.01	96593.2
1621.15	96390.1
1620.29	96525
1619.43	96590
1618.57	96806.3
1617.71	97698
1616.86	96970.9
1616	97175.5
1615.14	96716.4
1614.28	95885.1
1613.42	95670.8
1612.56	97027.1
1611.7	97091.9
1610.84	95830.7
1609.98	97035.2
1609.12	96274.4
1608.26	97048.3
1607.4	96218
1606.54	97119.4
1605.68	95975.7
1604.82	95970.8
1603.96	96082.1
1603.09	96437.1
1602.23	96199.9
1601.37	96276.2
1600.51	95911.4
1599.65	96080.6
1598.79	96458.5
1597.92	96221.4
1597.06	95717.7
1596.2	96188.3
1595.34	96218.1
1594.47	96549.3
1593.61	96312.4
1592.75	95901.8
1591.89	95978
1591.02	96146.8
1590.16	96014.4
1589.29	95604.1
1588.43	95205.5
1587.57	96230.9
1586.7	96249.1
1585.84	95839
1584.97	96192.7
1584.11	95806
1583.25	95962.9
1582.38	95842.3
1581.52	95918.3
1580.65	96075.1
1579.79	96312.8
1578.92	96411.7
1578.06	96787.9
1577.19	96031.9
1576.32	96950.9
1575.46	96322.1
1574.59	95924.5
1573.73	96381.2
1572.86	96191.4
1571.99	95620.9
1571.13	95904.4
1570.26	95841.7
1569.39	95928.9
1568.52	96304.4
1567.66	96403.1
1566.79	96559.4
1565.92	96116.2
1565.05	95892.2
1564.19	95898.7
1563.32	95939.7
1562.45	96833.1
1561.58	96194.5
1560.71	96223.9
1559.84	95977
1558.98	96018
1558.11	96243.1
1557.24	96399
1556.37	96819.5
1555.5	95836.6
1554.63	95141.5
1553.76	96194.4
1552.89	96522.6
1552.02	96402.5
1551.15	96006.6
1550.28	96162.3
1549.41	96111.2
1548.54	96358.8
1547.67	95917.2
1546.8	95602.1
1545.93	95895.5
1545.06	95901.9
1544.18	96045.9
1543.31	95788.4
1542.44	96253.6
1541.57	96099.3
1540.7	95830.4
1539.82	95710.6
1538.95	95510.6
1538.08	96136
1537.21	95340
1536.33	95885
1535.46	95753.8
1534.59	95565.4
1533.72	95812.3
1532.84	95486.5
1531.97	95241
1531.1	95705.3
1530.22	94670.1
1529.35	94859.7
1528.47	95312.3
1527.6	95181.4
1526.72	95016.2
1525.85	94691
1524.98	95417.8
1524.1	94726.8
1523.23	95041.8
1522.35	95219.6
1521.48	95260.2
1520.6	94832.5
1519.72	94896
1518.85	95050.8
1517.97	94577.7
1517.1	94401.5
1516.22	94487.8
1515.34	95076.2
1514.47	94626.2
1513.59	94712.4
1512.71	95220.6
1511.84	94405.9
1510.96	94948.2
1510.08	94487.2
1509.21	94231.4
1508.33	94283.4
1507.45	94096.2
1506.57	94911.4
1505.69	93608
1504.82	93830.8
1503.94	93757.6
1503.06	94469.9
1502.18	94123.4
1501.3	94550.9
1500.42	94944.1
1499.54	93608
1498.66	94296.9
1497.79	93416.3
1496.91	93366
1496.03	93940.9
1495.15	93288.1
1494.27	93760.5
1493.39	93948.8
1492.51	94261.9
1491.63	93734.4
1490.74	94217.8
1489.86	94031.1
1488.98	94094.2
1488.1	93589.8
1487.22	93369.3
1486.34	93477.9
1485.46	93121.3
1484.58	93400
1483.69	93395.1
1482.81	94047.8
1481.93	94054.1
1481.05	93425.8
1480.17	93964.8
1479.28	93076
1478.4	93920.8
1477.52	93134.3
1476.63	93480.4
1475.75	92943.4
1474.87	93968.6
1473.98	93137.4
1473.1	93392.8
1472.22	93908.3
1471.33	93281.1
1470.45	93954.8
1469.56	93655.7
1468.68	93447.2
1467.79	93871.8
1466.91	93301.7
1466.02	93285.4
1465.14	94161.8
1464.25	93478.9
1463.37	93654.6
1462.48	94011
1461.6	93396.2
1460.71	93673.4
1459.83	93724.8
1458.94	93076.6
1458.05	93455.3
1457.17	93450.3
1456.28	93941.5
1455.39	93609.4
1454.51	93424
1453.62	93813.5
1452.73	93594.3
1451.85	93882.3
1450.96	94181.4
1450.07	93173.6
1449.18	93179.9
1448.29	93997
1447.41	93597.8
1446.52	93559
1445.63	94375.6
1444.74	93065
1443.85	93262.5
1442.96	94067.5
1442.07	93533.7
1441.18	93629.8
1440.3	93782.2
1439.41	94091.8
1438.52	93097.5
1437.63	93407.2
1436.74	93604.4
1435.85	93475.7
1434.96	93358.3
1434.06	93566.6
1433.17	93303.3
1432.28	93635
1431.39	93528.9
1430.5	93624.8
1429.61	93395.2
1428.72	93311.6
1427.83	92947.6
1426.94	93794.9
1426.04	93565.5
1425.15	93257.7
1424.26	92837.9
1423.37	93628.6
1422.47	92715.9
1421.58	93237.4
1420.69	93165.1
1419.8	93070.4
1418.9	93837.9
1418.01	93273
1417.12	93010.5
1416.22	93106.1
1415.33	93134.6
1414.43	92659.7
1413.54	93571.8
1412.65	92951.6
1411.75	92387.5
1410.86	92818.5
1409.96	92779.9
1409.07	92350.2
1408.17	92635.7
1407.28	92988.2
1406.38	92380
1405.49	93112
1404.59	92827.8
1403.7	91762.2
1402.8	92627.9
1401.9	91942.1
1401.01	92584.3
1400.11	92278.1
1399.21	92485
1398.32	92290.4
1397.42	92943.2
1396.52	91901.4
1395.63	92074.8
1394.73	92036.4
1393.83	91998
1392.93	91558.6
1392.04	92066
1391.14	91348.3
1390.24	91710.9
1389.34	91772.8
1388.44	91456.2
1387.54	91774
1386.65	91880.3
1385.75	91875.4
1384.85	91881.5
1383.95	91598.5
1383.05	91549.1
1382.15	91377.5
1381.25	91461.5
1380.35	91589.9
1379.45	92273.8
1378.55	90969.1
1377.65	91397.4
1376.75	91581.3
1375.85	91243.2
1374.95	90794.3
1374.05	91000.4
1373.15	91450.5
1372.24	91068.3
1371.34	91096.7
1370.44	91468.9
1369.54	91929.7
1368.64	90782.7
1367.73	90955.2
1366.83	91349.4
1365.93	90790.4
1365.03	90918.5
1364.13	91068.7
1363.22	90543.2
1362.32	90848.5
1361.42	91397.2
1360.51	91624.7
1359.61	90756.4
1358.71	91515.1
1357.8	91277.7
1356.9	91040.5
1355.99	91301
1355.09	91097
1354.18	91479
1353.28	90423.9
1352.38	91060.1
1351.47	91475.1
1350.57	90641.4
1349.66	90890.6
1348.75	90554.3
1347.85	90207.2
1346.94	90390.1
1346.04	90760.5
1345.13	90557
1344.22	90750.7
1343.32	90492
1342.41	90575.4
1341.51	90890.4
1340.6	90499.5
1339.69	90075.6
1338.78	90600
1337.88	91179.2
1336.97	90832.6
1336.06	90992.9
1335.15	90888.8
1334.25	90883.8
1333.34	90339.3
1332.43	91149.1
1331.52	90560.7
1330.61	91073
1329.7	90550.8
1328.79	90975
1327.89	90310
1326.98	90778
1326.07	90718
1325.16	91064.9
1324.25	90488.3
1323.34	90417.4
1322.43	90533.3
1321.52	90495.4
1320.61	90303.8
1319.7	90782.1
1318.79	90063.3
1317.88	89981.6
1316.96	90514.6
1316.05	90235.3
1315.14	89999.9
1314.23	89731.7
1313.32	90023.1
1312.41	90029.2
1311.49	89761.1
1310.58	89811.1
1309.67	89773.3
1308.76	89330.1
1307.85	89423.9
1306.93	90153.2
1306.02	89655.3
1305.11	90066.6
1304.19	89207.6
1303.28	89925.4
1302.37	89712.5
1301.45	90090.7
1300.54	89352.7
1299.62	89763.6
1298.71	89222.7
1297.8	89283.5
1296.88	89005.4
1295.97	89011.5
1295.05	88755.4
1294.14	89286.2
1293.22	88724.1
1292.31	88806.7
1291.39	88780.2
1290.47	88720.8
1289.56	88410.4
1288.64	88416.6
1287.73	88946.7
1286.81	88374.5
1285.89	88806.2
1284.98	89085.1
1284.06	88305.9
1283.14	88224.9
1282.23	89092.5
1281.31	87888.5
1280.39	87665.9
1279.47	88010
1278.56	88059.9
1277.64	87445.1
1276.72	87908.9
1275.8	87937
1274.88	88128.3
1273.96	87666.4
1273.05	87531.2
1272.13	87124
1271.21	87794.1
1270.29	87343.4
1269.37	87523.8
1268.45	87084.2
1267.53	87558.1
1266.61	87346.9
1265.69	86538.1
1264.77	87413.9
1263.85	87387.5
1262.93	87078.8
1262.01	86802.7
1261.09	86852.5
1260.17	87238.9
1259.25	86930.4
1258.32	86763.1
1257.4	86867.1
1256.48	86385.2
1255.56	87107.6
1254.64	86755.9
1253.71	87044.2
1252.79	86985.4
1251.87	87338.6
1250.95	86694.5
1250.02	86451.6
1249.1	86490.5
1248.18	86551
1247.25	86752.3
1246.33	86780.3
1245.41	87555.3
1244.48	86749.6
1243.56	87167.1
1242.64	87249.1
1241.71	86671.1
1240.79	87131.7
1239.86	86597.1
1238.94	86516.9
1238.01	85982.6
1237.09	86864.6
1236.16	86341.2
1235.24	86358.4
1234.31	87056.1
1233.39	86889.5
1232.46	86301.7
1231.53	86005.6
1230.61	86541
1229.68	86536.4
1228.75	86337.6
1227.83	86635.3
1226.9	85832.3
1225.97	86982.1
1225.05	86481.3
1224.12	86627.8
1223.19	86774.1
1222.26	86209
1221.34	86096.7
1220.41	86167.7
1219.48	86227.8
1218.55	86104.8
1217.62	85454.1
1216.69	86354.2
1215.76	85768.3
1214.84	85871.5
1213.91	85791.7
1212.98	85572
1212.05	86019.4
1211.12	85670.7
1210.19	86021.2
1209.26	85984.4
1208.33	85958.4
1207.4	86082.8
1206.47	85444.3
1205.54	85375.4
1204.6	84876.8
1203.67	85968
1202.74	85695
1201.81	85551
1200.88	84934.6
1199.95	85445.4
1199.02	85462.5
1198.08	85179.1
1197.15	85013.7
1196.22	84655.4
1195.29	85262.3
1194.35	85536.7
1193.42	85274.9
1192.49	84873.9
1191.56	84633.8
1190.62	84865.2
1189.69	84978.7
1188.75	84685.1
1187.82	84787.8
1186.89	84847.7
1185.95	85239.4
1185.02	85053
1184.08	84502.8
1183.15	84691.1
1182.21	84729.5
1181.28	84532.6
1180.34	84902.5
1179.41	84652.2
1178.47	84188.2
1177.54	84269.4
1176.6	84596.4
1175.67	84656.1
1174.73	84427.4
1173.79	84391
1172.86	84247.9
1171.92	84307.6
1170.98	84687.5
1170.05	84245.6
1169.11	84187.9
1168.17	84130.2
1167.23	84147.2
1166.3	84462.9
1165.36	84394.5
1164.42	84326.2
1163.48	84055.3
1162.54	84210.9
1161.61	83886.9
1160.67	84479.2
1159.73	83974.2
1158.79	84395.8
1157.85	84327.6
1156.91	83961.2
1155.97	83946.3
1155.03	84399.5
1154.09	84416.4
1153.15	84061
1152.21	83663.1
1151.27	84201.1
1150.33	83814
1149.39	84001
1148.45	84209.3
1147.51	84566.2
1146.57	84232.3
1145.62	84121.7
1144.68	83883.7
1143.74	84367.8
1142.8	84055.5
1141.86	84104.2
1140.92	84375.7
1139.97	84010.5
1139.03	84080.4
1138.09	83959.3
1137.14	84071.6
1136.2	84120.2
1135.26	84073.4
1134.31	84302.2
1133.37	83969.2
1132.43	84356.9
1131.48	83706.1
1130.54	84093.7
1129.6	84269.3
1128.65	84275.5
1127.71	83921.6
1126.76	84065.4
1125.82	83404.8
1124.87	83654.5
1123.93	83988.6
1122.98	83296.7
1122.04	84127.8
1121.09	83626.4
1120.14	83537.5
1119.2	83871.4
1118.25	84205.1
1117.31	83841.4
1116.36	83710.2
1115.41	83885.4
1114.46	83458.5
1113.52	83411.9
1112.57	84252.1
1111.62	83624.8
1110.68	83821
1109.73	83468.3
1108.78	83379.6
1107.83	83554.5
1106.88	84066.8
1105.93	83999.1
1104.99	83351.5
1104.04	83062.6
1103.09	82995.1
1102.14	83507
1101.19	83207.6
1100.24	83403.4
1099.29	83872.9
1098.34	83194.6
1097.39	83516.5
1096.44	83312.1
1095.49	83139.4
1094.54	82872
1093.59	83267.4
1092.64	83547
1091.69	83321.7
1090.74	83285.8
1089.78	82734.8
1088.83	83056.2
1087.88	83493.2
1086.93	82616.8
1085.98	83148.2
1085.03	83028.3
1084.07	83548.9
1083.12	82862
1082.17	82836.7
1081.21	82842.8
1080.26	82890.9
1079.31	83463.6
1078.36	82567.5
1077.4	83192.4
1076.45	82936.4
1075.49	83246.5
1074.54	83032.4
1073.59	82839.4
1072.63	82751.2
1071.68	82600.2
1070.72	82962.4
1069.77	82884.7
1068.81	82943.1
1067.86	83357.4
1066.9	82557.5
1065.95	83139.2
1064.99	82705.7
1064.03	82847.8
1063.08	82404.1
1062.12	82671.7
1061.16	82709.1
1060.21	82610.7
1059.25	82460
1058.29	82351.1
1057.34	82566.2
1056.38	82227.5
1055.42	82682.7
1054.46	82051.8
1053.51	81723.9
1052.55	81928.4
1051.59	82393.8
1050.63	82264.2
1049.67	82197.3
1048.71	82151.2
1047.76	82762.2
1046.8	81892.3
1045.84	81846.3
1044.88	82186
1043.92	82160.8
1042.96	81666.7
1042	81797.9
1041.04	82231.1
1040.08	82216.3
1039.12	82097.4
1038.16	81572.5
1037.2	82983.8
1036.24	82667.1
1035.27	82194.4
1034.31	82252.5
1033.35	81998.5
1032.39	82004.5
1031.43	82176.9
1030.47	81881.5
1029.5	82136.9
1028.54	82039
1027.58	81608.7
1026.62	82196.5
1025.65	82119.4
1024.69	81834.6
1023.73	82069.1
1022.76	82095.8
1021.8	82350.9
1020.84	82076.6
1019.87	81833.6
1018.91	81663.3
1017.94	81669.3
1016.98	82173.1
1016.02	82490
1015.05	81780.7
1014.09	82222
1013.12	82062.1
1012.16	82295.9
1011.19	82250
1010.22	82017.8
1009.26	81847.7
1008.29	81977.9
1007.33	82087.3
1006.36	82258.8
1005.39	82037
1004.43	82342.9
1003.46	82028.1
1002.49	82199.5
1001.53	81946.9
1000.56	82169.8
999.591	82620.1
998.623	82129.9
997.655	81340.2
996.687	82017.6
995.719	82033.8
994.75	82184.2
993.782	82066.2
992.813	81896.5
991.844	82366.8
990.875	82372.6
989.906	81666.5
988.936	81651.8
987.966	82008.3
986.997	82261.6
986.027	82452.9
985.056	82201
984.086	82711.7
983.115	82016.8
982.145	82249.2
981.174	82811.1
980.203	82137.1
979.232	81617.8
978.26	82158.9
977.289	82627.8
976.317	82046.9
975.345	82135
974.373	82233.3
973.4	82434.4
972.428	82327
971.455	82301.8
970.483	82060.8
969.51	82559.9
968.536	81435.2
967.563	82530
966.59	82525.4
965.616	82264
964.642	83009
963.668	82172.7
962.694	82383.6
961.719	82348.2
960.745	82641.1
959.77	82892.9
958.795	82088.1
957.82	82319.4
956.845	82366
955.869	82392.2
954.894	82459.2
953.918	82382.8
952.942	82193.8
951.966	82598.9
950.989	82450.8
950.013	82435.9
949.036	82359.5
948.059	81628
947.082	81684.9
946.105	82632
945.128	81911.1
944.15	82193
943.172	82229.2
942.194	81733.7
941.216	81943.8
940.238	82041.4
939.259	82353.6
938.281	81919.8
937.302	82088.8
936.323	81818.6
935.344	82130.6
934.364	81921.7
933.385	82366.2
932.405	82514.6
931.425	82642.6
930.445	81933.7
929.465	82092.3
928.485	81434.9
927.504	82174.7
926.523	81303.4
925.542	81676
924.561	81814.1
923.58	82054
922.598	81325.9
921.617	81545.5
920.635	82172.3
919.653	81750.1
918.671	81684.4
917.688	81649.2
916.706	81593.7
915.723	80520.6
914.74	81309.7
913.757	81335.7
912.774	81300.6
911.79	81377.3
910.807	81565.9
909.823	81601.9
908.839	81536.3
907.855	81897.4
906.87	81080
905.886	81461.4
904.901	81304.4
903.916	82000.4
902.931	81346
901.946	81625.6
900.961	81560
899.975	81626.3
898.989	81317.3
898.003	81525.7
897.017	81744.1
896.031	82084.1
895.044	81582.6
894.058	81973.2
893.071	81998.9
892.084	81710.4
891.097	81756.3
890.109	81133.8
889.122	81868.4
888.134	81630.8
887.146	81443.8
886.158	82086.9
885.17	81474.9
884.181	81864.8
883.193	81748.8
882.204	81824.9
881.215	81658.4
880.226	82058
879.236	82093.6
878.247	81906.9
877.257	81750.5
876.267	82089.2
875.277	82791.4
874.287	82352.2
873.296	82145.4
872.306	82069.8
871.315	82125.5
870.324	81969.3
869.333	82529.5
868.341	82030.3
867.35	81571.6
866.358	82282.7
865.366	82358.5
864.374	82333.4
863.382	82550.2
862.39	82666.2
861.397	82328.7
860.404	81931
859.411	82651.2
858.418	82565.7
857.425	82037.2
856.431	82122.9
855.438	82349.5
854.444	82213.7
853.45	82872.7
852.455	82666.5
851.461	82832.5
850.466	82294.6
849.472	82470.5
848.477	83078.6
847.481	82812.3
846.486	82726.9
845.491	82330
844.495	82415.5
843.499	82300
842.503	82807.1
841.507	82952.6
840.51	82656.4
839.514	82581.1
838.517	82987.4
837.52	83152.8
836.523	82696.4
835.526	82661.3
834.528	82796.5
833.53	82721.3
832.533	83247.3
831.534	82751.2
830.536	82555.8
829.538	83081.6
828.539	83196.6
827.54	82730.8
826.541	83036.1
825.542	82320.3
824.543	82605.5
823.543	82650.4
822.544	82705.3
821.544	82810.2
820.544	83055.1
819.544	82520
818.543	82944.8
817.543	82989.6
816.542	82614.7
815.541	83338.9
814.54	82754.3
813.538	82639.3
812.537	82973.7
811.535	82848.7
810.533	83142.9
809.531	82888.2
808.529	82653.6
807.526	82728.2
806.524	83251.7
805.521	83256.4
804.518	82942.1
803.515	83196.1
802.511	83519.7
801.508	83225.4
800.504	83389.5
799.5	83155.1
798.496	82960.6
797.492	83104.8
796.487	83089.5
795.483	83392.9
794.478	83745.8
793.473	83292.7
792.468	83715.1
791.462	83341.7
790.457	83386.2
789.451	83957.5
788.445	83683.7
787.439	84065.9
786.433	83056.8
785.426	84263.6
784.42	84148.9
783.413	83805.7
782.406	84167.7
781.399	84043
780.391	83779.5
779.384	84300.1
778.376	83927.4
777.368	84199.7
776.36	83966.1
775.351	84595.3
774.343	83895.6
773.334	83880.2
772.325	83854.9
771.316	84027.9
770.307	84666.4
769.297	84769.7
768.288	84575.9
767.278	84124.7
766.268	84911.2
765.258	83935.4
764.247	84899.9
763.237	84300.5
762.226	84116.8
761.215	84388.2
760.204	84471.6
759.193	84208.9
758.181	84173.7
757.17	84504.2
756.158	84044
755.146	84631.3
754.134	84803.4
753.121	84373
752.109	84545.2
751.096	84114.9
750.083	84889.2
749.07	84745.3
748.056	84512.7
747.043	84773.4
746.029	84264.6
745.015	84012.4
744.001	84282.9
742.987	84622.4
741.972	83769
740.958	84325.2
739.943	84595.5
738.928	84609.5
737.913	84623.5
736.897	84657.1
735.882	84858.2
734.866	84773.7
733.85	84915.6
732.834	85136.2
731.818	85346.8
730.801	84622.8
729.784	84774.5
728.767	85260.4
727.75	85175.9
726.733	85101.2
725.716	84918.5
724.698	85826.6
723.68	85240.9
722.662	84989.5
721.644	85219.4
720.626	85655.4
719.607	85600.4
718.588	85702.4
717.569	85500.1
716.55	85474.6
715.531	85380.4
714.511	85394.1
713.492	85770.6
712.472	85343
711.452	85464.5
710.432	85772.2
709.411	85266.5
708.39	86142.4
707.37	85313.4
706.349	85797.2
705.327	85859.7
704.306	86000.6
703.284	85671.5
702.263	85949.3
701.241	86227
700.219	85604.5
699.196	86019.1
698.174	85700.1
697.151	86065.7
696.128	86128
695.105	86249
694.082	86731.5
693.058	86285.5
692.035	86289.2
691.011	86429.5
689.987	86140.2
688.963	86358.6
687.938	86215.7
686.914	86609.8
685.889	86359.6
684.864	86977.8
683.839	86766.7
682.813	86643.4
681.788	87114.9
680.762	86465.1
679.736	86575.9
678.71	86598.9
677.684	87089.6
676.657	86800.7
675.631	86570.4
674.604	87021.9
673.577	86684.5
672.549	86590.6
671.522	87090.5
670.494	86957.6
669.466	86854
668.438	87149.2
667.41	86520.4
666.382	86718.3
665.353	86799.5
664.325	87211.2
663.296	86767.4
662.266	87198.4
661.237	87279.4
660.208	86661
659.178	86528.5
658.148	87415.5
657.118	87137.2
656.088	87218.1
655.057	87192.3
654.026	87079.2
652.996	87499.6
651.964	87473.7
650.933	87234.5
649.902	87451
648.87	87677.2
647.838	87709.4
646.806	87702.9
645.774	87822.3
644.742	87796.3
643.709	88477.4
642.676	87715.4
641.643	87989.6
640.61	87944.3
639.577	87773.2
638.543	87611.8
637.51	88398.5
636.476	87859.8
635.442	88036.9
634.407	88204.3
633.373	88110.7
632.338	87843.1
631.303	87933.1
630.268	88283.9
629.233	87900.5
628.197	88473.3
627.162	88263.8
626.126	88566
625.09	88588.2
624.054	88591.1
623.017	88381.7
621.981	88355.7
620.944	88484
619.907	89104
618.87	88779
617.832	88579.3
616.795	88746
615.757	89307.8
614.719	88896.2
613.681	88812.3
612.643	89046.2
611.604	89097.1
610.565	88772.5
609.526	89227.6
608.487	88922.4
607.448	88617.2
606.409	89216.4
605.369	89315.3
604.329	89568
603.289	89291.8
602.249	89457.8
601.208	89556.6
600.168	89857
599.127	89552.1
598.086	89612.3
597.044	89432.4
596.003	89607.9
594.961	89418.4
593.92	89449.8
592.878	89663.5
591.835	89762
590.793	89524.6
589.75	89412.1
588.708	90172.2
587.665	89158.3
586.621	89784
585.578	90160.3
584.535	90086.1
583.491	89734
582.447	89880.1
581.403	89470.8
580.358	90536.2
579.314	90145.9
578.269	89497.4
577.224	89892.3
576.179	90114.8
575.134	90308.5
574.088	90903.8
573.043	90026.2
571.997	89990.4
570.951	90155.3
569.904	89775.3
568.858	90484.8
567.811	89999.8
566.764	90317.4
565.717	90405.7
564.67	90360.2
563.623	90267
562.575	90717.9
561.527	90758.3
560.479	91113.5
559.431	91335
558.382	90240.2
557.334	90490.4
556.285	91064.7
555.236	90580.6
554.187	90277.8
553.137	91109.1
552.088	91139.7
551.038	91360.9
549.988	90962.9
548.938	91193.5
547.887	91157.5
546.837	90893
545.786	91247.2
544.735	90764
543.684	90775.6
542.633	91120.1
541.581	91217.2
540.529	91247.8
539.477	91639.5
538.425	91166.2
537.373	91054.2
536.32	91255.7
535.268	91742.1
534.215	90908.3
533.161	91518
532.108	91747.8
531.055	91654.7
530.001	91571.2
528.947	90975.3
527.893	91366.2
526.839	91150
525.784	91730.4
524.729	91286.6
523.674	90937.8
522.619	90977.7
521.564	91358.7
520.509	91095.3
519.453	90557.3
518.397	91137
517.341	91347.2
516.285	91529
515.228	91256.3
514.172	91333.9
513.115	91118.1
512.058	90874.1
511	90951.7
509.943	90868.5
508.885	91182.4
507.827	91250.4
506.769	91223.9
505.711	90724.9
504.653	90887.5
503.594	90747.7
502.535	90589.1
501.476	91129.2
500.417	90536.3
499.357	90557.1
498.298	90691.2
497.238	89957.1
496.178	90610.1
495.118	91083.6
494.057	90830.8
492.997	90785.5
491.936	90212.3
490.875	90449.9
489.813	90904.1
488.752	90387.8
487.69	90041.2
486.629	89911.3
485.567	90676
484.504	90169.5
483.442	90811.5
482.379	90738
481.316	90457.6
480.253	90741.6
479.19	90480.1
478.127	91083.8
477.063	90088.9
475.999	91012.1
474.935	90327.7
473.871	90968.6
472.807	90660.3
471.742	91263.2
470.677	91227.3
469.612	91398
468.547	91071.1
467.482	91748.6
466.416	91731.4
465.35	91245.1
464.284	91012.2
463.218	92111.2
462.152	90884.3
461.085	91570.4
460.018	91028.3
458.951	91545.4
457.884	92024.9
456.817	91136.3
455.749	91662.5
454.681	91935.6
453.613	91459.6
452.545	91639
451.477	92117.8
450.408	92381.3
449.339	91840
448.27	92271.8
447.201	92226.4
446.131	92442.8
445.062	91584.1
443.992	92800.7
442.922	92624.4
441.852	92616.3
440.781	91515.3
439.711	92207.9
438.64	91284.8
437.569	92649.5
436.498	92828.1
435.426	92614.7
434.355	92793.2
433.283	92272
432.211	92907.6
431.138	92423.8
430.066	92397.1
428.993	92463.6
427.921	92492.9
426.848	92717.8
425.774	92411.5
424.701	92748.1
423.627	92665.5
422.553	92834.3
421.479	92639.9
420.405	92473.5
419.331	92735.4
418.256	92866.8
417.181	91853.8
416.106	93110.9
415.031	92461
413.955	92322.7
412.88	92853.8
411.804	92185.7
410.728	92865.3
409.651	92531.9
408.575	92904.7
407.498	92376.3
406.421	92516.8
405.344	92759.3
404.267	92723.3
403.189	92984.3
402.112	92874
401.034	92262.7
399.956	92764.8
398.877	92320.7
397.799	92423.8
396.72	92703.1
395.641	92565.1
394.562	92427.2
393.483	92382
392.403	92679.5
391.324	92495.3
390.244	92829.8
389.164	92034.6
388.083	92600.4
387.003	92138.7
385.922	92454.4
384.841	92094.7
383.76	92086.6
382.678	92559.3
381.597	92671.3
380.515	92589.1
379.433	92396
378.351	92812.9
377.269	92204.1
376.186	92269.8
375.103	92649.5
374.02	93038.3
372.937	91839.1
371.854	92523.2
370.77	92431.9
369.686	92294.5
368.602	92120.3
367.518	92416.5
366.434	92435.9
365.349	92418.5
364.264	92530.1
363.179	92484.9
362.094	92089.7
361.008	92551.3
359.923	91972
358.837	92838.7
357.751	92176.6
356.664	92426.2
355.578	92408.7
354.491	91277.7
353.404	92171.3
352.317	92696.6
351.23	92210.1
350.142	92063.9
349.055	92423.4
347.967	92304.8
346.879	91772.7
345.79	92426.1
344.702	91738
343.613	92225.8
342.524	92566.5
341.435	91979.8
340.346	92008.3
339.256	92477.3
338.166	91909.2
337.076	92240.4
335.986	92213.8
334.896	91875.4
333.805	92362.3
332.714	92253.1
331.623	92299.8
330.532	92172.4
329.441	91880
328.349	91688.6
327.257	92275.7
326.165	91782.1
325.073	91792.1
323.981	91994.4
322.888	91876.3
321.795	91758.3
320.702	92033.7
319.609	91805.8
318.515	91724.4
317.421	91734.5
316.328	91863.3
315.233	91809.4
314.139	91517.8
313.045	91728.9
311.95	91419.2
310.855	91000
309.76	91229.3
308.664	91038.5
307.569	91368.1
306.473	91232.1
305.377	91214.8
304.281	91407.4
303.184	91463
302.088	91126.5
300.991	90872.1
299.894	90453.8
298.797	91193.1
297.699	90701.9
296.602	90985.4
295.504	90057.2
294.406	91269.6
293.307	90715
292.209	90670.5
291.11	90289.2
290.011	90526.9
288.912	90537
287.813	90683.5
286.713	90584.4
285.614	90749.1
284.514	90013.6
283.414	90296.5
282.313	90088.5
281.213	89889.6
280.112	91208
279.011	90255.1
277.91	90501.3
276.808	90801.9
275.707	90548.6
274.605	90241
273.503	90913.4
272.401	90841.7
271.298	89862.9
270.195	91269.7
269.093	90264
267.989	90346.5
266.886	90347.5
265.783	90149.1
264.679	90865.8
263.575	90803.2
262.471	90097.6
261.367	90424.6
260.262	90651.8
259.157	90571.2
258.052	89866.1
256.947	90889.6
255.842	89850
254.736	90276.1
253.63	90738.2
252.524	90051.9
251.418	90170.3
250.312	89900.1
249.205	89449.2
248.098	89441.2
246.991	90399.7
245.884	89515.5
244.776	89841.6
243.668	89734.2
242.56	89049.2
241.452	89050.3
240.344	89592.7
239.235	89395.2
238.127	88837
237.018	88964.3
235.908	89010.5
234.799	88894.4
233.689	88435.8
232.58	88373.9
231.47	88014.7
230.359	88421.3
229.249	88125.2
228.138	87730.3
227.027	88451.7
225.916	88182.8
224.805	88229
223.693	88041.2
222.582	87709.6
221.47	88097.5
220.357	88278.5
219.245	88144.8
218.133	87858.4
217.02	88039.3
215.907	87312.7
214.794	87430.8
213.68	88204.4
212.566	88528.8
211.453	87694.9
210.338	88091.1
209.224	87993.5
208.11	88210
206.995	88255.9
205.88	87369
204.765	87702.1
203.65	87739.1
202.534	87677.5
201.418	87992.4
200.302	87733.6
199.186	87376.4
198.07	87583.6
196.953	87898.2
195.836	87702.4
194.719	87157.4
193.602	87588.3
192.484	87616.3
191.367	86874.8
190.249	87278.6
189.131	86582.2
188.012	87602.9
186.894	86799.4
185.775	87247.6
184.656	86533.8
183.537	86838.9
182.417	86625.8
181.298	86823.6
180.178	86181.9
179.058	86593.9
177.938	86104.2
176.817	86426.9
175.696	86008.8
174.575	86500.9
173.454	86279.1
172.333	86262.6
171.211	85515
170.09	85480.8
168.968	85785.3
167.845	85670.8
166.723	85244.6
165.6	85254.9
164.478	85042.7
163.354	85213.4
162.231	84947.8
161.108	85243
159.984	84657.1
158.86	84721
157.736	84838.2
156.612	85044.3
155.487	84814.5
154.362	84513.8
153.237	84577.6
152.112	84579.1
150.987	84038.7
149.861	84786.5
148.735	83731.1
147.609	83581.8
146.483	84000.8
145.356	83993.6
144.229	83453.8
143.102	83588.7
141.975	83696.8
140.848	83157.4
139.72	83416.4
138.592	83418.1
137.464	82559.9
136.336	83519
135.208	82714.3
134.079	82264.3
132.95	82700.3
131.821	82321.3
130.692	82022.1
129.562	80970.5
128.432	81787
127.302	81275.7
126.172	81215.8
125.042	81872.6
123.911	81688.8
122.78	81292.8
121.649	80835.2
120.518	81641.7
119.386	81687.9
118.255	81301
117.123	81011.5
115.991	80863.5
114.858	80538.8
113.726	80558.7
112.593	80269.5
111.46	79256.7
110.327	78826.8
109.193	77717.6
108.06	76256
106.926	74601
105.791	72779.1
104.657	70182.1
103.523	66986.7
102.388	62215.1
101.253	55648
100.118	48414
98.9822	39914.5
97.8466	31823.3
96.7107	24536.4
95.5746	18977.5
94.4383	14494.4
93.3018	11473.6
92.165	9580.02
91.0281	8126.94
89.8909	7087.72
88.7535	6409.37
87.6159	5836.76
86.478	5387.42
85.34	5193.07
84.2017	5007.58
83.0632	4778.24
81.9245	4750.98
80.7856	4609.58
79.6464	4406.78
78.5071	4458.6
77.3675	4519.16
76.2277	4360.37
75.0876	4289.35
73.9474	4332.38
72.8069	4252.63
71.6662	4304.41
70.5253	4277.28
69.3842	4171.3
68.2428	4170.49
67.1012	4231.01
65.9594	4160.13
64.8174	4176.84
63.6752	4123.5
62.5327	4201.48
61.3901	4121.91
60.2472	4138.61
59.1041	4164.06
57.9607	4137.01
56.8172	4144.96
55.6734	4109.19
54.5294	4038.46
53.3852	4063.9
52.2407	4106.81
51.0961	4044.86
