-0.9561,       0
-0.9461,       0
-0.9361,       0
-0.9261,       0
-0.9161,       0
-0.9061,       0
-0.8961,       0
-0.8861,       0
-0.8761,       0
-0.8661,       0
-0.8561,       0
-0.8461,       0
-0.8361,       0
-0.8261,       0
-0.8161,       0
-0.8061,       0
-0.7961,       0
-0.7861,       0
-0.7761,       0
-0.7661,       0
-0.7561,       0
-0.7461,       0
-0.7361,       0
-0.7261,       0
-0.7161,       0
-0.7061,       0
-0.6961,       0
-0.6861,       0
-0.6761,       0
-0.6661,       0
-0.6561,       0
-0.6461,       0
-0.6361,       0
-0.6261,       0
-0.6161,       0
-0.6061,       0
-0.5961,       0
-0.5861,       0
-0.5761,       0
-0.5661,       0
-0.5561,       0
-0.5461,       0
-0.5361,       0
-0.5261,       0
-0.5161,       0
-0.5061,       0
-0.4960,       0
-0.4860,       0
-0.4760,       0
-0.4660,       0
-0.4560,       0
-0.4460,       0
-0.4360,       0
-0.4260,       0
-0.4160,       0
-0.4060,       0
-0.3960,       0
-0.3860,       0
-0.3760,       0
-0.3660,       0
-0.3560,       0
-0.3460,       0
-0.3360,       0
-0.3260,       0
-0.3160,       0
-0.3060,       0
-0.2960,       0
-0.2860,       0
-0.2760,       1
-0.2660,       0
-0.2560,      -1
-0.2460,      -1
-0.2360,      -1
-0.2260,      -1
-0.2160,       0
-0.2060,      -3
-0.1960,       0
-0.1860,       1
-0.1760,       2
-0.1660,      -4
-0.1560,       1
-0.1460,      -3
-0.1360,      -2
-0.1260,       7
-0.1160,     -10
-0.1060,      -8
-0.0960,      16
-0.0860,     -68
-0.0760,     118
-0.0660,     -15
-0.0560,       8
-0.0460,     369
-0.0360,      73
-0.0260,      35
-0.0160,     238
-0.0060,     123
 0.0040,    -329
 0.0140,    -171
 0.0240,     -90
 0.0340,     102
 0.0440,    -142
 0.0540,    -119
 0.0640,    -129
 0.0740,      57
 0.0840,     -54
 0.0940,     -48
 0.1040,      27
 0.1140,     -13
 0.1240,      -8
 0.1340,       2
 0.1440,      -3
 0.1540,      -1
 0.1640,       1
 0.1740,       0
 0.1840,       0
 0.1940,       0
 0.2040,       3
 0.2140,       0
 0.2240,       0
 0.2340,       0
 0.2440,       0
 0.2540,       0
 0.2640,       0
 0.2740,       0
 0.2840,       0
 0.2940,       0
 0.3040,      -4
 0.3140,      -5
 0.3240,     -20
 0.3340,      -2
 0.3440,       1
 0.3540,     -18
 0.3640,     -11
 0.3740,     -24
 0.3840,     -31
 0.3940,       2
 0.4040,      -3
 0.4140,      -4
 0.4240,      -2
 0.4340,     -18
 0.4440,       0
 0.4540,      -4
 0.4640,      -6
 0.4740,       8
 0.4840,     -11
 0.4940,     -16
 0.5041,     -14
 0.5141,      -8
 0.5241,     -16
 0.5341,      -5
 0.5441,     -13
 0.5541,      -7
 0.5641,      -9
 0.5741,       0
 0.5841,      -6
 0.5941,     -14
 0.6041,       0
 0.6141,     -12
 0.6241,      -1
 0.6341,     -10
 0.6441,     -17
 0.6541,      -6
 0.6641,      -1
 0.6741,     -16
 0.6841,     -13
 0.6941,     -20
 0.7041,      -5
 0.7141,     -10
 0.7241,       1
 0.7341,     -15
 0.7441,       9
 0.7541,     -13
 0.7641,      -7
 0.7741,      -8
 0.7841,      -4
 0.7941,     -17
 0.8041,      -8
 0.8141,     -15
 0.8241,     -19
 0.8341,      -3
 0.8441,     -10
 0.8541,      -7
 0.8641,      -9
 0.8741,       4
 0.8841,     -11
 0.8941,     -14
 0.9041,     -19
 0.9141,     -14
 0.9241,     -12
 0.9341,      -6
 0.9441,     -15
 0.9541,     -21
 0.9641,     -11
 0.9741,     -10
 0.9841,     -20
 0.9941,      -5
 1.0041,     -12
 1.0141,      -7
 1.0241,     -12
 1.0341,     -12
 1.0441,     -11
 1.0541,     -20
 1.0641,     -11
 1.0741,     -19
 1.0841,       1
 1.0941,     -20
 1.1041,      -7
 1.1141,     -10
 1.1241,      -6
 1.1341,     -17
 1.1441,       0
 1.1541,       1
 1.1641,     -11
 1.1741,      -3
 1.1841,      -1
 1.1941,       1
 1.2041,       4
 1.2141,     -14
 1.2241,       7
 1.2341,      -5
 1.2441,       0
 1.2541,     -18
 1.2641,       1
 1.2741,     -19
 1.2841,     -15
 1.2941,      -6
 1.3041,     -12
 1.3141,     -15
 1.3241,      -3
 1.3341,       4
 1.3441,       0
 1.3541,     -10
 1.3641,      -2
 1.3741,      -8
 1.3841,      -4
 1.3941,     -10
 1.4041,       7
 1.4141,       3
 1.4241,     -15
 1.4341,      -9
 1.4441,      -1
 1.4541,      -3
 1.4641,      -7
 1.4741,      -5
 1.4841,      -5
 1.4941,     -12
 1.5042,      -6
 1.5142,     -17
 1.5242,      -6
 1.5342,      -3
 1.5442,     -13
 1.5542,      -5
 1.5642,       1
 1.5742,      -4
 1.5842,       0
 1.5942,       4
 1.6042,      -2
 1.6142,      -6
 1.6242,     -13
 1.6342,     -10
 1.6442,      -2
 1.6542,      -9
 1.6642,      -4
 1.6742,     -10
 1.6842,      -1
 1.6942,      -6
 1.7042,       3
 1.7142,      -3
 1.7242,       5
 1.7342,      -2
 1.7442,       7
 1.7542,      -8
 1.7642,       6
 1.7742,     -12
 1.7842,       5
 1.7942,     -11
 1.8042,      -2
 1.8142,      -2
 1.8242,       1
 1.8342,     -13
 1.8442,      -4
 1.8542,     -10
 1.8642,     -16
 1.8742,     -18
 1.8842,     -21
 1.8942,     -26
 1.9042,     -30
 1.9142,     -46
 1.9242,     -50
 1.9342,     -56
 1.9442,     -57
 1.9542,     -74
 1.9642,     -63
 1.9742,     -41
 1.9842,     -54
 1.9942,     -31
 2.0042,     -35
 2.0142,     -11
 2.0242,     -15
 2.0342,      -7
 2.0442,       4
 2.0542,      -1
 2.0642,       4
 2.0742,     -16
 2.0842,      10
 2.0942,       3
 2.1042,      -1
 2.1142,       7
 2.1242,      -2
 2.1342,      -4
 2.1442,      -7
 2.1542,       7
 2.1642,      -7
 2.1742,      -3
 2.1842,       0
 2.1942,      -7
 2.2042,     -11
 2.2142,      -7
 2.2242,      -5
 2.2342,       3
 2.2442,      -2
 2.2542,       7
 2.2642,       0
 2.2742,      19
 2.2842,       7
 2.2942,      29
 2.3042,      31
 2.3142,      24
 2.3242,      36
 2.3342,      40
 2.3442,      38
 2.3542,      15
 2.3642,       7
 2.3742,      19
 2.3842,      23
 2.3942,      16
 2.4042,      11
 2.4142,       9
 2.4242,      11
 2.4342,       4
 2.4442,      -2
 2.4542,     -14
 2.4642,      -4
 2.4742,       1
 2.4842,       7
 2.4942,       3
 2.5043,      -6
 2.5143,      -3
 2.5243,       1
 2.5343,      -3
 2.5443,      -2
 2.5543,      -4
 2.5643,      -5
 2.5743,      -9
 2.5843,      -5
 2.5943,       5
 2.6043,       2
 2.6143,       4
 2.6243,       1
 2.6343,      -5
 2.6443,      -4
 2.6543,       3
 2.6643,       0
 2.6743,     -22
 2.6843,     -34
 2.6943,     -18
 2.7043,     -30
 2.7143,     -22
 2.7243,     -33
 2.7343,     -27
 2.7443,     -51
 2.7543,     -55
 2.7643,     -38
 2.7743,     -41
 2.7843,     -68
 2.7943,     -56
 2.8043,     -59
 2.8143,     -43
 2.8243,     -35
 2.8343,     -47
 2.8443,     -39
 2.8543,      -7
 2.8643,     -24
 2.8743,     -24
 2.8843,      -8
 2.8943,     -36
 2.9043,      -4
 2.9143,      40
 2.9243,      27
 2.9343,      15
 2.9443,      36
 2.9543,      -1
 2.9643,      40
 2.9743,      29
 2.9843,      28
 2.9943,      32
 3.0043,      59
 3.0143,      34
 3.0243,      33
 3.0343,      35
 3.0443,      32
 3.0543,     -13
 3.0643,      -1
 3.0743,      16
 3.0843,      11
 3.0943,       4
 3.1043,      -1
 3.1143,      -7
 3.1243,      -2
 3.1343,      13
 3.1443,     -17
 3.1543,      -9
 3.1643,      10
 3.1743,      -5
 3.1843,       5
 3.1943,       7
 3.2043,      12
 3.2143,     -11
 3.2243,      -6
 3.2343,      17
 3.2443,     -11
 3.2543,     -23
 3.2643,      17
 3.2743,       4
 3.2843,      32
 3.2943,      27
 3.3043,      41
 3.3143,      58
 3.3243,      68
 3.3343,      59
 3.3443,      47
 3.3543,      60
 3.3643,      78
 3.3743,      89
 3.3843,     140
 3.3943,     153
 3.4043,     170
 3.4143,     204
 3.4243,     278
 3.4343,     303
 3.4443,     323
 3.4543,     348
 3.4643,     341
 3.4743,     354
 3.4843,     307
 3.4943,     255
 3.5044,     232
 3.5144,     154
 3.5244,     130
 3.5344,     114
 3.5444,      40
 3.5544,     -29
 3.5644,    -126
 3.5744,    -194
 3.5844,    -306
 3.5944,    -514
 3.6044,    -796
 3.6144,   -1128
 3.6244,   -1574
 3.6344,   -1994
 3.6444,   -2513
 3.6544,   -3358
 3.6644,   -3942
 3.6744,   -4708
 3.6844,   -5300
 3.6944,   -5492
 3.7044,   -6048
 3.7144,   -5656
 3.7244,   -5666
 3.7344,   -5169
 3.7444,   -4832
 3.7544,   -3917
 3.7644,   -3429
 3.7744,   -2762
 3.7844,   -2110
 3.7944,   -1613
 3.8044,   -1077
 3.8144,    -730
 3.8244,    -483
 3.8344,    -317
 3.8444,    -184
 3.8544,    -109
 3.8644,     -31
 3.8744,     -29
 3.8844,     -38
 3.8944,     -46
 3.9044,     -68
 3.9144,     -27
 3.9244,    -106
 3.9344,    -182
 3.9444,    -247
 3.9544,    -274
 3.9644,    -411
 3.9744,    -473
 3.9844,    -584
 3.9944,    -750
 4.0044,    -811
 4.0144,    -831
 4.0244,    -898
 4.0344,    -884
 4.0444,    -922
 4.0544,    -799
 4.0644,    -603
 4.0744,    -693
 4.0844,    -560
 4.0944,    -429
 4.1044,    -312
 4.1144,    -264
 4.1244,    -229
 4.1344,    -143
 4.1444,     -79
 4.1544,     -64
 4.1644,     -26
 4.1744,     -19
 4.1844,       1
 4.1944,      10
 4.2044,      10
 4.2144,      12
 4.2244,      11
 4.2344,      -3
 4.2444,      -9
 4.2544,       0
 4.2644,       1
 4.2744,       2
 4.2844,      -2
 4.2944,       4
 4.3044,     -23
 4.3144,     -12
 4.3244,     -14
 4.3344,       8
 4.3444,     -54
 4.3544,     -74
 4.3644,    -111
 4.3744,    -147
 4.3844,    -241
 4.3944,    -373
 4.4044,    -538
 4.4144,    -746
 4.4244,   -1096
 4.4344,   -1373
 4.4444,   -1866
 4.4544,   -2619
 4.4644,   -3134
 4.4744,   -3906
 4.4844,   -4321
 4.4944,   -5113
 4.5045,   -5588
 4.5145,   -5845
 4.5245,   -5967
 4.5345,   -5681
 4.5445,   -5654
 4.5545,   -5395
 4.5645,   -4798
 4.5745,   -4060
 4.5845,   -3381
 4.5945,   -2805
 4.6045,   -2239
 4.6145,   -1782
 4.6245,   -1217
 4.6345,    -972
 4.6445,    -682
 4.6545,    -393
 4.6645,    -297
 4.6745,    -174
 4.6845,    -119
 4.6945,     -97
 4.7045,     -45
 4.7145,     -42
 4.7245,     -29
 4.7345,     -41
 4.7445,     -28
 4.7545,     -26
 4.7645,     -18
 4.7745,     -33
 4.7845,     -25
 4.7945,     -69
 4.8045,     -74
 4.8145,     -94
 4.8245,    -143
 4.8345,    -154
 4.8445,    -179
 4.8545,    -281
 4.8645,    -333
 4.8745,    -394
 4.8845,    -423
 4.8945,    -565
 4.9045,    -636
 4.9145,    -734
 4.9245,    -797
 4.9345,    -835
 4.9445,    -871
 4.9545,    -803
 4.9645,    -841
 4.9745,    -801
 4.9845,    -672
 4.9945,    -620
 5.0045,    -500
 5.0145,    -451
 5.0245,    -407
 5.0345,    -322
 5.0445,    -226
 5.0545,    -172
 5.0645,    -122
 5.0745,     -73
 5.0845,     -58
 5.0945,     -50
 5.1045,     -21
 5.1145,     -26
 5.1245,     -14
 5.1345,      -7
 5.1445,      -7
 5.1545,       2
 5.1645,       0
 5.1745,       3
 5.1845,       4
 5.1945,       3
 5.2045,      -4
 5.2145,      -8
 5.2245,      -9
 5.2345,       7
 5.2445,      -3
 5.2545,      -4
 5.2645,       6
 5.2745,      -6
 5.2845,      -7
 5.2945,      -5
 5.3045,      -6
 5.3145,      -1
 5.3245,       4
 5.3345,      -3
 5.3445,       9
 5.3545,       9
 5.3645,       7
 5.3745,      10
 5.3845,       9
 5.3945,       5
 5.4045,      -8
 5.4145,       4
 5.4245,       6
 5.4345,       5
 5.4445,       3
 5.4545,      13
 5.4645,      -1
 5.4745,       0
 5.4845,     -15
 5.4945,      -9
 5.5046,      -8
 5.5146,     -12
 5.5246,       0
 5.5346,      -2
 5.5446,       1
 5.5546,       2
 5.5646,       2
 5.5746,      -1
 5.5846,       0
 5.5946,      -4
 5.6046,       5
 5.6146,      -3
 5.6246,      -4
 5.6346,     -10
 5.6446,     -11
 5.6546,      -9
 5.6646,       8
 5.6746,      -9
 5.6846,     -16
 5.6946,     -10
 5.7046,       3
 5.7146,       2
 5.7246,      -2
 5.7346,     -13
 5.7446,      -9
 5.7546,      -9
 5.7646,       7
 5.7746,      -5
 5.7846,       1
 5.7946,     -16
 5.8046,      -3
 5.8146,     -13
 5.8246,     -12
 5.8346,       0
 5.8446,      -6
 5.8546,     -20
 5.8646,     -10
 5.8746,     -27
 5.8846,     -24
 5.8946,     -24
 5.9046,     -29
 5.9146,      -8
 5.9246,     -23
 5.9346,       6
 5.9446,       5
 5.9546,     -24
 5.9646,     -13
 5.9746,     -11
 5.9846,     -13
 5.9946,      -9
 6.0046,     -19
 6.0146,     -10
 6.0246,     -25
 6.0346,       2
 6.0446,      -1
 6.0546,      -9
 6.0646,       2
 6.0746,     -15
 6.0846,      -2
 6.0946,       4
 6.1046,      -6
 6.1146,     -33
 6.1246,      -1
 6.1346,      -2
 6.1446,       2
 6.1546,     -21
 6.1646,       7
 6.1746,     -26
 6.1846,     -11
 6.1946,     -17
 6.2046,     -12
 6.2146,     -29
 6.2246,     -19
 6.2346,     -24
 6.2446,     -38
 6.2546,     -32
 6.2646,     -20
 6.2746,     -14
 6.2846,     -34
 6.2946,     -25
 6.3046,     -50
 6.3146,     -63
 6.3246,     -51
 6.3346,     -91
 6.3446,     -83
 6.3546,    -103
 6.3646,    -114
 6.3746,    -118
 6.3846,    -149
 6.3946,    -178
 6.4046,    -170
 6.4146,    -140
 6.4246,    -159
 6.4346,    -181
 6.4446,    -137
 6.4546,    -186
 6.4646,    -110
 6.4746,    -119
 6.4846,     -72
 6.4946,     -51
 6.5047,     -51
 6.5147,     -74
 6.5247,     -54
 6.5347,     -55
 6.5447,     -27
 6.5547,     -52
 6.5647,     -30
 6.5747,       0
 6.5847,     -24
 6.5947,     -14
 6.6047,       0
 6.6147,      -9
 6.6247,     -36
 6.6347,     -36
 6.6447,     -17
 6.6547,     -14
 6.6647,      -7
 6.6747,     -35
 6.6847,     -15
 6.6947,     -18
 6.7047,     -24
 6.7147,      -3
 6.7247,      -7
 6.7347,     -12
 6.7447,      -6
 6.7547,       6
 6.7647,     -25
 6.7747,     -45
 6.7847,      -8
 6.7947,     -38
 6.8047,     -12
 6.8147,     -24
 6.8247,     -21
 6.8347,     -11
 6.8447,     -12
 6.8547,     -25
 6.8647,     -26
 6.8747,     -22
 6.8847,     -23
 6.8947,     -12
 6.9047,     -42
 6.9147,     -24
 6.9247,     -37
 6.9347,      -8
 6.9447,     -18
 6.9547,     -33
 6.9647,     -27
 6.9747,      -1
 6.9847,     -34
 6.9947,     -44
 7.0047,     -50
 7.0147,     -42
 7.0247,     -35
 7.0347,     -14
 7.0447,     -70
 7.0547,     -71
 7.0647,       4
 7.0747,     -60
 7.0847,     -36
 7.0947,     -67
 7.1047,     -24
 7.1147,     -22
 7.1247,     -52
 7.1347,     -26
 7.1447,     -12
 7.1547,     -33
 7.1647,     -22
 7.1747,     -43
 7.1847,     -30
 7.1947,      -3
 7.2047,     -37
 7.2147,     -20
 7.2247,     -55
 7.2347,     -44
 7.2447,     -21
 7.2547,     -31
 7.2647,     -56
 7.2747,     -53
 7.2847,     -38
 7.2947,     -58
 7.3047,     -26
 7.3147,     -23
 7.3247,     -25
 7.3347,      -6
 7.3447,     -17
 7.3547,     -26
 7.3647,     -32
 7.3747,     -82
 7.3847,      -6
 7.3947,     -32
 7.4047,     -13
 7.4147,     -20
 7.4247,     -15
 7.4347,     -42
 7.4447,     -38
 7.4547,     -35
 7.4647,     -51
 7.4747,     -34
 7.4847,     -17
 7.4947,     -49
 7.5048,     -25
 7.5148,     -63
 7.5248,     -35
 7.5348,     -37
 7.5448,     -48
 7.5548,     -28
 7.5648,       0
 7.5748,     -27
 7.5848,     -62
 7.5948,     -33
 7.6048,     -50
 7.6148,     -28
 7.6248,     -74
 7.6348,     -40
 7.6448,     -46
 7.6548,     -38
 7.6648,     -28
 7.6748,     -38
 7.6848,     -55
 7.6948,     -71
 7.7048,     -72
 7.7148,     -41
 7.7248,     -55
 7.7348,     -55
 7.7448,     -54
 7.7548,     -78
 7.7648,     -48
 7.7748,     -36
 7.7848,     -76
 7.7948,     -78
 7.8048,     -75
 7.8148,     -66
 7.8248,     -29
 7.8348,     -54
 7.8448,     -99
 7.8548,     -44
 7.8648,     -49
 7.8748,     -30
 7.8848,     -60
 7.8948,     -39
 7.9048,     -53
 7.9148,     -67
 7.9248,     -24
 7.9348,     -55
 7.9448,    -104
 7.9548,     -68
 7.9648,     -74
 7.9748,     -46
 7.9848,     -64
 7.9948,     -42
 8.0048,     -23
 8.0148,     -36
 8.0248,     -48
 8.0348,     -68
 8.0448,     -64
 8.0548,     -72
 8.0648,     -55
 8.0748,     -59
 8.0848,     -44
 8.0948,     -35
 8.1048,    -107
 8.1148,     -60
 8.1248,     -66
 8.1348,     -37
 8.1448,     -78
 8.1548,     -80
 8.1648,    -104
 8.1748,    -105
 8.1848,     -74
 8.1948,     -64
 8.2048,     -44
 8.2148,     -37
 8.2248,    -100
 8.2348,     -69
 8.2448,     -97
 8.2548,     -56
 8.2648,     -88
 8.2748,     -59
 8.2848,     -98
 8.2948,     -79
 8.3048,    -100
 8.3148,     -70
 8.3248,     -93
 8.3348,     -74
 8.3448,    -101
 8.3548,     -87
 8.3648,     -89
 8.3748,    -115
 8.3848,     -98
 8.3948,     -85
 8.4048,     -77
 8.4148,     -65
 8.4248,     -77
 8.4348,    -108
 8.4448,     -94
 8.4548,    -113
 8.4648,    -121
 8.4748,    -103
 8.4848,     -74
 8.4948,     -92
 8.5049,    -112
 8.5149,     -95
 8.5249,    -121
 8.5349,     -86
 8.5449,     -85
 8.5549,     -73
 8.5649,    -126
 8.5749,     -66
 8.5849,    -129
 8.5949,     -89
 8.6049,    -117
 8.6149,    -126
 8.6249,     -76
 8.6349,     -71
 8.6449,    -103
 8.6549,     -84
 8.6649,    -109
 8.6749,     -57
 8.6849,    -107
 8.6949,     -65
 8.7049,    -100
 8.7149,     -85
 8.7249,     -30
 8.7349,     -74
 8.7449,     -77
 8.7549,     -78
 8.7649,     -66
 8.7749,     -97
 8.7849,     -63
 8.7949,    -128
 8.8049,     -82
 8.8149,     -85
 8.8249,     -99
 8.8349,    -125
 8.8449,    -112
 8.8549,     -94
 8.8649,    -121
 8.8749,    -117
 8.8849,     -81
 8.8949,    -101
 8.9049,     -90
 8.9149,    -103
 8.9249,    -121
 8.9349,    -126
 8.9449,    -127
 8.9549,    -141
 8.9649,     -91
 8.9749,     -99
 8.9849,     -71
 8.9949,     -94
 9.0049,    -132
 9.0149,    -115
 9.0249,     -57
 9.0349,     -96
 9.0449,    -127
 9.0549,    -107
 9.0649,    -164
 9.0749,     -90
 9.0849,    -117
 9.0949,    -122
 9.1049,    -168
 9.1149,     -96
 9.1249,    -119
 9.1349,     -75
 9.1449,     -90
 9.1549,    -175
 9.1649,    -115
 9.1749,    -168
 9.1849,    -130
 9.1949,    -102
 9.2049,    -132
 9.2149,     -96
 9.2249,    -113
 9.2349,    -144
 9.2449,     -72
 9.2549,    -136
 9.2649,    -139
 9.2749,    -136
 9.2849,    -126
 9.2949,    -101
 9.3049,    -124
 9.3149,    -127
 9.3249,    -178
 9.3349,    -125
 9.3449,     -88
 9.3549,    -103
 9.3649,    -116
 9.3749,    -162
 9.3849,    -114
 9.3949,    -151
 9.4049,    -145
 9.4149,    -111
 9.4249,    -115
 9.4349,     -89
 9.4449,    -199
 9.4549,    -144
 9.4649,    -122
 9.4749,    -173
 9.4849,     -98
 9.4949,     -94
 9.5050,    -164
 9.5150,    -133
 9.5250,     -86
 9.5350,    -147
 9.5450,    -169
 9.5550,    -153
 9.5650,    -134
 9.5750,    -104
 9.5850,    -169
 9.5950,    -151
 9.6050,    -134
 9.6150,    -159
 9.6250,    -175
 9.6350,    -144
 9.6450,    -124
 9.6550,    -171
 9.6650,    -136
 9.6750,    -166
 9.6850,    -150
 9.6950,    -134
 9.7050,    -163
 9.7150,    -112
 9.7250,    -164
 9.7350,    -176
 9.7450,    -171
 9.7550,    -118
 9.7650,    -148
 9.7750,    -128
 9.7850,    -146
 9.7950,    -119
 9.8050,     -96
 9.8150,    -134
 9.8250,    -148
 9.8350,    -129
 9.8450,    -210
 9.8550,    -148
 9.8650,    -132
 9.8750,    -165
 9.8850,    -184
 9.8950,    -199
 9.9050,    -170
 9.9150,    -171
 9.9250,    -149
 9.9350,    -166
 9.9450,    -116
 9.9550,    -162
 9.9650,    -146
 9.9750,    -114
 9.9850,    -187
 9.9950,    -154
10.0050,    -187
10.0150,    -189
10.0250,    -172
10.0350,    -187
10.0450,    -171
10.0550,    -138
10.0650,    -151
10.0750,    -161
10.0850,    -167
10.0950,    -150
10.1050,     -88
10.1150,    -236
10.1250,    -242
10.1350,    -136
10.1450,    -138
10.1550,    -139
10.1650,    -173
10.1750,    -133
10.1850,    -157
10.1950,    -134
10.2050,    -199
10.2150,    -177
10.2250,    -143
10.2350,    -138
10.2450,    -120
10.2550,    -180
10.2650,    -187
10.2750,    -131
10.2850,     -96
10.2950,    -214
10.3050,    -114
10.3150,    -196
10.3250,    -184
10.3350,    -172
10.3450,    -163
10.3550,    -154
10.3650,    -165
10.3750,    -155
10.3850,    -162
10.3950,    -148
10.4050,    -138
10.4150,    -220
10.4250,     -83
10.4350,    -186
10.4450,    -106
10.4550,    -189
10.4650,    -138
10.4750,    -193
10.4850,    -160
10.4950,    -109
10.5051,    -205
10.5151,    -147
10.5251,    -171
10.5351,    -230
10.5451,    -214
10.5551,    -172
10.5651,    -194
10.5751,    -173
10.5851,    -171
10.5951,    -142
10.6051,    -154
10.6151,    -190
10.6251,     -91
10.6351,    -168
10.6451,    -128
10.6551,    -184
10.6651,    -158
10.6751,    -108
10.6851,    -178
10.6951,    -202
10.7051,    -150
10.7151,    -208
10.7251,    -163
10.7351,    -231
10.7451,    -178
10.7551,    -138
10.7651,    -244
10.7751,    -215
10.7851,    -138
10.7951,    -165
10.8051,    -191
10.8151,    -204
10.8251,    -180
10.8351,    -176
10.8451,    -155
10.8551,    -148
10.8651,    -235
10.8751,    -184
10.8851,    -229
10.8951,    -171
10.9051,    -196
10.9151,    -177
10.9251,    -160
10.9351,    -239
10.9451,    -230
10.9551,    -154
10.9651,    -169
10.9751,    -186
10.9851,    -158
10.9951,    -187
11.0051,    -208
11.0151,    -154
11.0251,    -180
11.0351,    -183
11.0451,    -243
11.0551,    -160
11.0651,    -115
11.0751,    -272
11.0851,    -149
11.0951,    -207
11.1051,    -162
11.1151,    -138
11.1251,    -185
11.1351,    -183
11.1451,    -157
11.1551,    -177
11.1651,    -117
11.1751,    -195
11.1851,    -212
11.1951,    -198
11.2051,    -143
11.2151,    -157
11.2251,    -132
11.2351,    -154
11.2451,    -163
11.2551,    -188
11.2651,    -188
11.2751,    -216
11.2851,    -199
11.2951,     -90
11.3051,    -194
11.3151,    -225
11.3251,    -224
11.3351,    -200
11.3451,    -220
11.3551,    -250
11.3651,    -153
11.3751,    -196
11.3851,    -213
11.3951,    -185
11.4051,    -231
11.4151,    -163
11.4251,    -215
11.4351,    -180
11.4451,    -198
11.4551,    -173
11.4651,    -145
11.4751,    -237
11.4851,    -211
11.4951,    -224
11.5052,    -152
11.5152,    -197
11.5252,    -178
11.5352,    -220
11.5452,    -176
11.5552,    -191
11.5652,    -231
11.5752,    -232
11.5852,    -147
11.5952,    -213
11.6052,    -184
11.6152,    -186
11.6252,    -169
11.6352,    -187
11.6452,    -235
11.6552,    -228
11.6652,    -223
11.6752,    -222
11.6852,    -199
11.6952,    -193
11.7052,    -214
11.7152,    -218
11.7252,    -178
11.7352,    -191
11.7452,    -177
11.7552,    -190
11.7652,    -155
11.7752,    -182
11.7852,    -222
11.7952,    -173
11.8052,    -161
11.8152,    -249
11.8252,    -203
11.8352,    -238
11.8452,    -174
11.8552,    -177
11.8652,    -223
11.8752,    -148
11.8852,    -189
11.8952,    -200
11.9052,    -177
11.9152,    -193
11.9252,    -160
11.9352,    -200
11.9452,    -160
11.9552,    -199
11.9652,    -175
11.9752,    -221
11.9852,    -202
11.9952,    -159
12.0052,    -159
12.0152,    -199
12.0252,    -183
12.0352,    -226
12.0452,    -189
12.0552,    -193
12.0652,    -127
12.0752,    -131
12.0852,    -137
12.0952,    -169
12.1052,    -203
12.1152,    -118
12.1252,    -203
12.1352,    -181
12.1452,    -197
12.1552,    -242
12.1652,    -226
12.1752,    -127
12.1852,    -196
12.1952,    -173
12.2052,    -151
12.2152,    -232
12.2252,    -165
12.2352,    -142
12.2452,    -199
12.2552,    -188
12.2652,    -155
12.2752,    -224
12.2852,    -211
12.2952,    -171
12.3052,    -175
12.3152,    -120
12.3252,    -235
12.3352,    -179
12.3452,    -168
12.3552,    -207
12.3652,    -188
12.3752,    -222
12.3852,    -210
12.3952,    -219
12.4052,    -216
12.4152,    -195
12.4252,    -202
12.4352,    -220
12.4452,    -170
12.4552,    -141
12.4652,    -191
12.4752,    -228
12.4852,    -258
12.4952,    -166
12.5053,    -234
12.5153,    -179
12.5253,    -200
12.5353,    -145
12.5453,    -282
12.5553,    -107
12.5653,    -238
12.5753,    -178
12.5853,    -172
12.5953,    -227
12.6053,    -166
12.6153,    -221
12.6253,    -143
12.6353,     -73
12.6453,    -223
12.6553,    -231
12.6653,    -200
12.6753,    -153
12.6853,    -144
12.6953,    -174
12.7053,    -180
12.7153,    -223
12.7253,    -162
12.7353,    -214
12.7453,    -226
12.7553,    -150
12.7653,    -236
12.7753,    -179
12.7853,    -173
12.7953,    -116
12.8053,    -160
12.8153,    -166
12.8253,    -161
12.8353,    -113
12.8453,    -178
12.8553,    -138
12.8653,    -198
12.8753,    -235
12.8853,    -195
12.8953,    -185
12.9053,    -150
12.9153,    -197
12.9253,    -136
12.9353,    -145
12.9453,    -152
12.9553,    -230
12.9653,    -196
12.9753,    -227
12.9853,    -187
12.9953,    -202
13.0053,    -146
13.0153,    -147
13.0253,    -129
13.0353,    -181
13.0453,    -169
13.0553,    -202
13.0653,    -166
13.0753,    -138
13.0853,    -181
13.0953,    -199
13.1053,    -160
13.1153,    -183
13.1253,    -158
13.1353,    -153
13.1453,    -197
13.1553,    -196
13.1653,    -187
13.1753,    -141
13.1853,    -175
13.1953,    -154
13.2053,    -136
13.2153,    -165
13.2253,    -177
13.2353,    -127
13.2453,    -171
13.2553,    -154
13.2653,    -159
13.2753,    -171
13.2853,    -171
13.2953,    -155
13.3053,    -124
13.3153,    -197
13.3253,    -153
13.3353,    -226
13.3453,    -188
13.3553,    -208
13.3653,    -118
13.3753,    -168
13.3853,    -175
13.3953,    -205
13.4053,    -126
13.4153,    -180
13.4253,    -194
13.4353,    -182
13.4453,    -158
13.4553,    -179
13.4653,    -129
13.4753,    -125
13.4853,    -154
13.4953,    -196
13.5054,    -170
13.5154,    -155
13.5254,    -182
13.5354,     -91
13.5454,    -192
13.5554,    -150
13.5654,    -183
13.5754,    -201
13.5854,    -145
13.5954,    -152
13.6054,    -182
13.6154,    -138
13.6254,    -193
13.6354,    -188
13.6454,    -177
13.6554,    -161
13.6654,    -123
13.6754,    -182
13.6854,    -146
13.6954,    -192
13.7054,    -178
13.7154,    -155
13.7254,    -181
13.7354,    -125
13.7454,    -129
13.7554,    -145
13.7654,    -219
13.7754,    -177
13.7854,    -181
13.7954,    -152
13.8054,    -191
13.8154,     -81
13.8254,    -156
13.8354,    -148
13.8454,    -169
13.8554,    -170
13.8654,    -175
13.8754,    -141
13.8854,     -99
13.8954,    -110
13.9054,    -186
13.9154,    -157
13.9254,    -204
13.9354,    -144
13.9454,    -150
13.9554,    -157
13.9654,    -161
13.9754,    -198
13.9854,    -130
13.9954,    -160
14.0054,    -123
14.0154,    -138
14.0254,    -107
14.0354,    -110
14.0454,    -108
14.0554,    -209
14.0654,    -150
14.0754,    -185
14.0854,    -125
14.0954,    -198
14.1054,    -118
14.1154,    -155
14.1254,    -226
14.1354,     -91
14.1454,     -77
14.1554,    -166
14.1654,    -108
14.1754,    -142
14.1854,    -247
14.1954,    -141
14.2054,    -106
14.2154,    -205
14.2254,    -102
14.2354,    -133
14.2454,    -155
14.2554,    -134
14.2654,    -153
14.2754,    -131
14.2854,    -172
14.2954,    -125
14.3054,    -145
14.3154,    -130
14.3254,     -88
14.3354,    -154
14.3454,    -104
14.3554,    -179
14.3654,    -109
14.3754,     -84
14.3854,    -120
14.3954,    -169
14.4054,    -139
14.4154,    -167
14.4254,    -166
14.4354,    -137
14.4454,    -152
14.4554,    -162
14.4654,    -133
14.4754,    -145
14.4854,    -141
14.4954,    -128
14.5055,    -121
14.5155,    -135
14.5255,    -118
14.5355,    -116
14.5455,    -116
14.5555,    -158
14.5655,    -168
14.5755,    -147
14.5855,    -151
14.5955,    -101
14.6055,    -134
14.6155,    -132
14.6255,    -147
14.6355,    -143
14.6455,     -88
14.6555,    -155
14.6655,    -171
14.6755,     -83
14.6855,    -155
14.6955,    -142
14.7055,    -145
14.7155,     -80
14.7255,     -97
14.7355,    -116
14.7455,    -175
14.7555,    -125
14.7655,    -116
14.7755,    -118
14.7855,     -93
14.7955,    -136
14.8055,    -140
14.8155,    -120
14.8255,     -78
14.8355,    -128
14.8455,    -124
14.8555,    -141
14.8655,     -95
14.8755,    -154
14.8855,    -150
14.8955,    -128
14.9055,    -104
14.9155,    -137
14.9255,    -136
14.9355,    -115
14.9455,    -164
14.9555,    -141
14.9655,    -150
14.9755,    -101
14.9855,    -125
14.9955,    -195
15.0055,    -159
15.0155,    -126
15.0255,    -140
15.0355,    -133
15.0455,     -79
15.0555,    -117
15.0655,     -84
15.0755,    -127
15.0855,     -91
15.0955,     -42
15.1055,    -125
15.1155,    -124
15.1255,    -157
15.1355,    -127
15.1455,     -96
15.1555,    -112
15.1655,     -97
15.1755,    -117
15.1855,    -121
15.1955,     -86
15.2055,    -174
15.2155,     -93
15.2255,    -145
15.2355,    -104
15.2455,    -152
15.2555,    -130
15.2655,     -97
15.2755,    -142
15.2855,     -63
15.2955,     -51
15.3055,    -102
15.3155,     -59
15.3255,    -155
15.3355,     -98
15.3455,    -121
15.3555,    -109
15.3655,    -102
15.3755,    -100
15.3855,    -125
15.3955,    -139
15.4055,    -173
15.4155,     -60
15.4255,     -65
15.4355,    -128
15.4455,     -77
15.4555,    -138
15.4655,    -137
15.4755,    -113
15.4855,     -84
15.4955,    -109
15.5056,    -101
15.5156,    -125
15.5256,    -148
15.5356,     -80
15.5456,    -103
15.5556,     -78
15.5656,    -107
15.5756,    -139
15.5856,    -101
15.5956,     -66
15.6056,     -72
15.6156,    -106
15.6256,    -129
15.6356,    -159
15.6456,     -86
15.6556,     -99
15.6656,    -159
15.6756,    -121
15.6856,    -138
15.6956,     -92
15.7056,    -133
15.7156,     -51
15.7256,     -97
15.7356,     -79
15.7456,    -102
15.7556,    -138
15.7656,     -59
15.7756,     -47
15.7856,     -78
15.7956,     -97
15.8056,     -96
15.8156,    -101
15.8256,     -45
15.8356,     -80
15.8456,    -110
15.8556,     -85
15.8656,     -68
15.8756,    -145
15.8856,    -109
15.8956,     -80
15.9056,     -96
15.9156,    -122
15.9256,    -122
15.9356,     -87
15.9456,     -78
15.9556,    -149
15.9656,    -109
15.9756,     -42
15.9856,    -105
15.9956,    -102
16.0056,    -100
16.0156,     -89
16.0256,    -139
16.0356,     -63
16.0456,     -58
16.0556,     -96
16.0656,     -98
16.0756,     -77
16.0856,    -129
16.0956,    -109
16.1056,     -66
16.1156,    -129
16.1256,    -108
16.1356,    -100
16.1456,    -107
16.1556,     -77
16.1656,     -87
16.1756,    -167
16.1856,     -56
16.1956,     -79
16.2056,    -101
16.2156,     -94
16.2256,     -64
16.2356,     -76
16.2456,     -99
16.2556,     -97
16.2656,     -38
16.2756,    -114
16.2856,     -99
16.2956,     -88
16.3056,     -53
16.3156,    -107
16.3256,     -89
16.3356,     -36
16.3456,     -46
16.3556,     -98
16.3656,     -71
16.3756,     -72
16.3856,     -65
16.3956,    -103
16.4056,     -86
16.4156,     -92
16.4256,     -85
16.4356,    -121
16.4456,    -103
16.4556,     -33
16.4656,     -53
16.4756,     -70
16.4856,    -110
16.4956,    -132
16.5057,     -62
16.5157,    -107
16.5257,     -63
16.5357,     -85
16.5457,     -91
16.5557,    -101
16.5657,    -112
16.5757,     -57
16.5857,     -87
16.5957,     -75
16.6057,    -126
16.6157,    -103
16.6257,     -79
16.6357,    -102
16.6457,     -81
16.6557,     -50
16.6657,    -140
16.6757,     -77
16.6857,    -101
16.6957,     -30
16.7057,     -92
16.7157,    -112
16.7257,     -43
16.7357,     -69
16.7457,     -72
16.7557,     -96
16.7657,     -93
16.7757,     -41
16.7857,    -107
16.7957,     -54
16.8057,     -83
16.8157,     -76
16.8257,    -110
16.8357,     -49
16.8457,     -72
16.8557,     -47
16.8657,     -75
16.8757,    -108
16.8857,     -98
16.8957,     -98
16.9057,     -64
16.9157,     -83
16.9257,     -80
16.9357,     -38
16.9457,     -95
16.9557,     -53
16.9657,     -67
16.9757,     -81
16.9857,     -38
16.9957,     -87
17.0057,    -101
17.0157,     -75
17.0257,    -101
17.0357,     -36
17.0457,     -87
17.0557,     -58
17.0657,     -71
17.0757,     -97
17.0857,     -84
17.0957,     -60
17.1057,    -118
17.1157,     -72
17.1257,     -86
17.1357,     -95
17.1457,    -115
17.1557,     -92
17.1657,     -76
17.1757,     -70
17.1857,     -78
17.1957,     -48
17.2057,     -79
17.2157,    -100
17.2257,     -32
17.2357,     -53
17.2457,     -77
17.2557,     -85
17.2657,     -94
17.2757,     -94
17.2857,    -102
17.2957,     -37
17.3057,     -74
17.3157,    -109
17.3257,     -55
17.3357,     -45
17.3457,     -86
17.3557,    -109
17.3657,     -93
17.3757,     -73
17.3857,     -67
17.3957,     -92
17.4057,     -54
17.4157,     -42
17.4257,     -73
17.4357,     -57
17.4457,     -63
17.4557,     -64
17.4657,     -74
17.4757,     -87
17.4857,    -113
17.4957,     -92
17.5058,     -72
17.5158,    -108
17.5258,     -47
17.5358,     -85
17.5458,    -101
17.5558,     -76
17.5658,     -30
17.5758,    -108
17.5858,    -113
17.5958,     -36
17.6058,     -72
17.6158,     -92
17.6258,     -73
17.6358,     -29
17.6458,     -59
17.6558,     -37
17.6658,     -83
17.6758,     -38
17.6858,     -83
17.6958,    -104
17.7058,    -109
17.7158,     -97
17.7258,     -71
17.7358,    -118
17.7458,       1
17.7558,    -102
17.7658,     -92
17.7758,     -63
17.7858,     -95
17.7958,     -94
17.8058,     -49
17.8158,     -70
17.8258,     -66
17.8358,     -40
17.8458,    -112
17.8558,     -58
17.8658,     -28
17.8758,     -67
17.8858,     -82
17.8958,    -123
17.9058,     -74
17.9158,    -101
17.9258,     -52
17.9358,    -123
17.9458,     -56
17.9558,     -60
17.9658,    -106
17.9758,    -101
17.9858,     -91
17.9958,     -62
18.0058,     -90
18.0158,     -47
18.0258,    -118
18.0358,     -50
18.0458,    -106
18.0558,     -66
18.0658,     -69
18.0758,     -73
18.0858,     -62
18.0958,     -63
18.1058,     -56
18.1158,     -52
18.1258,    -116
18.1358,     -56
18.1458,     -78
18.1558,     -51
18.1658,     -90
18.1758,     -84
18.1858,     -78
18.1958,     -65
18.2058,     -79
18.2158,     -50
18.2258,     -71
18.2358,     -85
18.2458,    -100
18.2558,     -87
18.2658,    -117
18.2758,     -85
18.2858,     -76
18.2958,    -124
18.3058,    -128
18.3158,     -87
18.3258,     -96
18.3358,     -92
18.3458,     -66
18.3558,     -55
18.3658,    -100
18.3758,     -73
18.3858,    -116
18.3958,    -124
18.4058,    -140
18.4158,     -76
18.4258,    -109
18.4358,    -110
18.4458,     -84
18.4558,    -132
18.4658,    -124
18.4758,    -151
18.4858,    -186
18.4958,    -216
18.5059,    -140
18.5159,    -176
18.5259,    -191
18.5359,    -181
18.5459,    -206
18.5559,    -127
18.5659,    -305
18.5759,    -193
18.5859,    -224
18.5959,    -168
18.6059,    -230
18.6159,    -307
18.6259,    -306
18.6359,    -240
18.6459,    -304
18.6559,    -245
18.6659,    -321
18.6759,    -358
18.6859,    -278
18.6959,    -326
18.7059,    -441
18.7159,    -316
18.7259,    -253
18.7359,    -310
18.7459,    -325
18.7559,    -438
18.7659,    -371
18.7759,    -358
18.7859,    -367
18.7959,    -399
18.8059,    -444
18.8159,    -350
18.8259,    -352
18.8359,    -381
18.8459,    -391
18.8559,    -545
18.8659,    -391
18.8759,    -407
18.8859,    -404
18.8959,    -456
18.9059,    -254
18.9159,    -413
18.9259,    -355
18.9359,    -341
18.9459,    -393
18.9559,    -292
18.9659,    -361
18.9759,    -319
18.9859,    -372
18.9959,    -276
19.0059,    -365
19.0159,    -256
19.0259,    -347
19.0359,    -282
19.0459,    -323
19.0559,    -260
19.0659,    -246
19.0759,    -237
19.0859,    -289
19.0959,    -276
19.1059,    -207
19.1159,    -243
19.1259,    -267
19.1359,    -312
19.1459,    -191
19.1559,    -208
19.1659,    -184
19.1759,    -237
19.1859,    -201
19.1959,    -231
19.2059,    -167
19.2159,    -153
19.2259,    -115
19.2359,    -158
19.2459,    -126
19.2559,    -142
19.2659,    -158
19.2759,    -164
19.2859,     -99
19.2959,    -102
19.3059,    -147
19.3159,    -165
19.3259,    -124
19.3359,     -63
19.3459,     -97
19.3559,    -140
19.3659,     -77
19.3759,     -81
19.3859,     -89
19.3959,     -69
19.4059,    -118
19.4159,     -91
19.4259,    -109
19.4359,     -82
19.4459,     -69
19.4559,     -41
19.4659,     -85
19.4759,     -72
19.4859,     -68
19.4959,     -67
19.5060,     -49
19.5160,     -73
19.5260,     -41
19.5360,     -78
19.5460,     -80
19.5560,     -42
19.5660,     -53
19.5760,     -89
19.5860,     -64
19.5960,     -65
19.6060,     -52
19.6160,     -65
19.6260,     -67
19.6360,     -38
19.6460,     -75
19.6560,     -42
19.6660,     -76
19.6760,     -32
19.6860,     -73
19.6960,    -103
19.7060,     -47
19.7160,     -41
19.7260,     -33
19.7360,     -57
19.7460,     -72
19.7560,     -33
19.7660,     -51
19.7760,     -14
19.7860,     -29
19.7960,     -58
19.8060,     -73
19.8160,     -17
19.8260,     -45
19.8360,     -64
19.8460,     -36
19.8560,     -13
19.8660,     -44
19.8760,     -51
19.8860,     -51
19.8960,     -39
19.9060,     -52
19.9160,     -15
19.9260,     -47
19.9360,     -24
19.9460,     -48
19.9560,     -62
19.9660,     -61
19.9760,     -63
19.9860,     -45
19.9960,     -50
20.0060,     -65
20.0160,     -58
20.0260,     -97
20.0360,     -99
20.0460,     -50
20.0560,     -29
20.0660,     -44
20.0760,     -75
20.0860,     -52
20.0960,     -53
20.1060,     -70
20.1160,     -82
20.1260,     -99
20.1360,     -90
20.1460,     -82
20.1560,     -68
20.1660,     -84
20.1760,     -52
20.1860,     -62
20.1960,     -95
20.2060,    -100
20.2160,     -75
20.2260,     -86
20.2360,    -109
20.2460,     -51
20.2560,     -77
20.2660,    -107
20.2760,     -68
20.2860,     -77
20.2960,     -85
20.3060,     -50
20.3160,     -75
20.3260,    -103
20.3360,     -49
20.3460,     -57
20.3560,     -59
20.3660,     -57
20.3760,     -60
20.3860,     -34
20.3960,     -50
20.4060,     -21
20.4160,     -62
20.4260,     -55
20.4360,     -31
20.4460,     -50
20.4560,     -29
20.4660,     -39
20.4760,     -49
20.4860,     -27
20.4960,     -19
20.5061,     -29
20.5161,     -32
20.5261,     -30
20.5361,     -19
20.5461,      -1
20.5561,     -18
20.5661,     -40
20.5761,     -33
20.5861,     -29
20.5961,     -15
20.6061,     -16
20.6161,      -2
20.6261,      -7
20.6361,     -38
20.6461,     -45
20.6561,      -8
20.6661,     -36
20.6761,     -34
20.6861,     -52
20.6961,     -32
20.7061,     -37
20.7161,     -43
20.7261,     -27
20.7361,      -9
20.7461,     -41
20.7561,      -4
20.7661,      -9
20.7761,     -30
20.7861,     -36
20.7961,     -40
20.8061,     -51
20.8161,     -35
20.8261,     -16
20.8361,     -40
20.8461,      -9
20.8561,     -73
20.8661,     -18
20.8761,     -33
20.8861,     -61
20.8961,     -42
20.9061,     -50
20.9161,     -44
20.9261,     -64
20.9361,     -20
20.9461,     -20
20.9561,     -29
20.9661,     -17
20.9761,     -37
20.9861,     -62
20.9961,     -73
21.0061,     -59
21.0161,     -89
21.0261,     -74
21.0361,     -53
21.0461,     -64
21.0561,     -39
21.0661,     -96
21.0761,     -76
21.0861,     -36
21.0961,     -59
21.1061,     -71
21.1161,     -37
21.1261,     -71
21.1361,     -76
21.1461,     -58
21.1561,     -68
21.1661,     -76
21.1761,     -59
21.1861,     -57
21.1961,     -28
21.2061,     -43
21.2161,     -43
21.2261,     -48
21.2361,     -49
21.2461,     -19
21.2561,     -17
21.2661,     -35
21.2761,     -30
21.2861,     -23
21.2961,     -37
21.3061,     -40
21.3161,     -32
21.3261,     -33
21.3361,     -39
21.3461,     -60
21.3561,     -47
21.3661,     -45
21.3761,     -39
21.3861,     -15
21.3961,     -18
21.4061,     -34
21.4161,     -26
21.4261,     -43
21.4361,     -36
21.4461,      -6
21.4561,      -9
21.4661,     -33
21.4761,     -50
21.4861,     -47
21.4961,     -40
21.5062,     -20
21.5162,     -17
21.5262,     -31
21.5362,     -34
21.5462,     -23
21.5562,     -23
21.5662,     -19
21.5762,     -15
21.5862,      -8
21.5962,     -13
21.6062,     -18
21.6162,     -20
21.6262,      -9
21.6362,      -8
21.6462,     -23
21.6562,      16
21.6662,     -38
21.6762,     -19
21.6862,     -21
21.6962,     -12
21.7062,     -11
21.7162,     -21
21.7262,     -15
21.7362,     -27
21.7462,     -16
21.7562,      -8
21.7662,     -25
21.7762,      -5
21.7862,     -25
21.7962,     -36
21.8062,     -13
21.8162,     -14
21.8262,     -22
21.8362,     -18
21.8462,       2
21.8562,       2
21.8662,      -7
21.8762,     -10
21.8862,     -26
21.8962,      -4
21.9062,     -15
21.9162,      -4
21.9262,     -22
21.9362,     -16
21.9462,      -2
21.9562,      -9
21.9662,      -1
21.9762,     -23
21.9862,     -14
21.9962,     -13
22.0062,       2
22.0162,      -1
22.0262,     -16
22.0362,      -6
22.0462,      -1
22.0562,     -23
22.0662,     -13
22.0762,     -25
22.0862,      -9
22.0962,     -17
22.1062,      -5
22.1162,       2
22.1262,     -14
22.1362,     -12
22.1462,     -17
22.1562,      -2
22.1662,       2
22.1762,     -13
22.1862,     -21
22.1962,      -9
22.2062,      -4
22.2162,      -8
22.2262,     -28
22.2362,       1
22.2462,     -10
22.2562,     -15
22.2662,     -16
22.2762,     -20
22.2862,      -3
22.2962,     -18
22.3062,     -16
22.3162,     -14
22.3262,       2
22.3362,     -25
22.3462,     -11
22.3562,      -7
22.3662,     -25
22.3762,      -8
22.3862,      -4
22.3962,     -23
22.4062,      -8
22.4162,      -4
22.4262,     -20
22.4362,      -3
22.4462,       0
22.4562,      -9
22.4662,     -22
22.4762,     -17
22.4862,     -10
22.4962,     -23
22.5063,     -18
22.5163,     -16
22.5263,      -9
22.5363,     -10
22.5463,      -4
22.5563,     -16
22.5663,     -11
22.5763,     -27
22.5863,     -22
22.5963,     -18
22.6063,     -14
22.6163,     -12
22.6263,     -26
22.6363,     -14
22.6463,      -9
22.6563,     -10
22.6663,     -12
22.6763,     -15
22.6863,     -14
22.6963,     -14
22.7063,     -12
22.7163,      -5
22.7263,       3
22.7363,      -9
22.7463,     -17
22.7563,     -15
22.7663,     -19
22.7763,     -19
22.7863,      -8
22.7963,       2
22.8063,     -10
22.8163,      -5
22.8263,      -6
22.8363,      -4
22.8463,     -17
22.8563,     -17
22.8663,      -7
22.8763,     -20
22.8863,      -7
22.8963,       3
22.9063,     -11
22.9163,     -17
22.9263,     -13
22.9363,     -21
22.9463,      -3
22.9563,       8
22.9663,      -5
22.9763,       3
22.9863,     -14
22.9963,       0
23.0063,      -3
23.0163,      -2
23.0263,     -11
23.0363,      -5
23.0463,     -11
23.0563,      -9
23.0663,      -6
23.0763,     -16
23.0863,      -6
23.0963,     -18
23.1063,       4
23.1163,     -10
23.1263,       0
23.1363,     -10
23.1463,      -5
23.1563,       0
23.1663,      -8
23.1763,     -20
23.1863,       1
23.1963,     -23
23.2063,      -1
23.2163,       2
23.2263,       1
23.2363,       6
23.2463,      -1
23.2563,     -17
23.2663,       0
23.2763,     -12
23.2863,      -8
23.2963,     -25
23.3063,      -1
23.3163,       4
23.3263,      -4
23.3363,     -19
23.3463,      -4
23.3563,     -13
23.3663,      -5
23.3763,       3
23.3863,       3
23.3963,      -6
23.4063,     -13
23.4163,     -13
23.4263,      -5
23.4363,      -2
23.4463,     -13
23.4563,       9
23.4663,     -10
23.4763,     -11
23.4863,     -10
23.4963,      -5
23.5064,     -15
23.5164,     -10
23.5264,     -13
23.5364,     -13
23.5464,       2
23.5564,      -7
23.5664,       3
23.5764,      -1
23.5864,       0
23.5964,       0
23.6064,      -9
23.6164,     -14
23.6264,      -2
23.6364,     -12
23.6464,       3
23.6564,     -14
23.6664,       1
23.6764,       0
23.6864,       2
23.6964,      -1
23.7064,      -9
23.7164,      -2
23.7264,      -4
23.7364,     -15
23.7464,      -7
23.7564,      -7
23.7664,       0
23.7764,     -14
23.7864,     -12
23.7964,      -8
23.8064,      -1
23.8164,      -5
23.8264,       1
23.8364,       9
23.8464,     -10
23.8564,      -6
23.8664,     -12
23.8764,       0
23.8864,       4
23.8964,      -8
23.9064,      -8
23.9164,      -2
23.9264,      -3
23.9364,       3
23.9464,      -8
23.9564,       1
23.9664,       6
23.9764,      -3
23.9864,      -2
23.9964,     -11
24.0064,      -4
24.0164,      -5
24.0264,      -7
24.0364,      -6
24.0464,     -10
24.0564,     -11
24.0664,      -5
24.0764,      -4
24.0864,     -17
24.0964,     -11
24.1064,       7
24.1164,      -8
24.1264,      -6
24.1364,     -12
24.1464,       8
24.1564,     -10
24.1664,       7
24.1764,       5
24.1864,     -11
24.1964,     -13
24.2064,      -6
24.2164,       1
24.2264,      -6
24.2364,       2
24.2464,      -4
24.2564,      -7
24.2664,       1
24.2764,      -8
24.2864,       2
24.2964,      -4
24.3064,      -6
24.3164,       1
24.3264,     -15
24.3364,      -3
24.3464,      -9
24.3564,      -2
24.3664,       6
24.3764,      -5
24.3864,      -1
24.3964,      -2
24.4064,     -11
24.4164,     -16
24.4264,       7
24.4364,     -13
24.4464,     -11
24.4564,      -8
24.4664,      -6
24.4764,      -4
24.4864,      -3
24.4964,       0
24.5065,       0
24.5165,     -10
24.5265,      -6
24.5365,      -2
24.5465,     -11
24.5565,       4
24.5665,      -1
24.5765,       0
24.5865,      -2
24.5965,       4
24.6065,      -5
24.6165,     -10
24.6265,      -4
24.6365,      -8
24.6465,       3
24.6565,      -3
24.6665,       9
24.6765,      -1
24.6865,      -7
24.6965,      -5
24.7065,      -6
24.7165,      -3
24.7265,      -5
24.7365,       0
24.7465,      -5
24.7565,       0
24.7665,      -5
24.7765,      -8
24.7865,      -1
24.7965,      -2
24.8065,     -12
24.8165,      -6
24.8265,       5
24.8365,      -7
24.8465,     -16
24.8565,       0
24.8665,      -7
24.8765,      -7
24.8865,       4
24.8965,       7
24.9065,      -8
24.9165,      -9
24.9265,      -1
24.9365,       9
24.9465,      -1
24.9565,      -1
24.9665,       0
24.9765,       3
24.9865,      11
24.9965,      -4
25.0065,      -6
25.0165,     -12
25.0265,       6
25.0365,       7
25.0465,      -2
25.0565,      -8
25.0665,       0
25.0765,       1
25.0865,       3
25.0965,       7
25.1065,       1
25.1165,       4
25.1265,       7
25.1365,     -11
25.1465,      -6
25.1565,       0
25.1665,       9
25.1765,       8
25.1865,      18
25.1965,       7
25.2065,       4
25.2165,      -4
25.2265,      -4
25.2365,      -1
25.2465,       5
25.2565,      -7
25.2665,       5
25.2765,      22
25.2865,       3
25.2965,      -5
25.3065,       0
25.3165,       3
25.3265,       6
25.3365,      11
25.3465,       2
25.3565,      -5
25.3665,      -1
25.3765,      -4
25.3865,       2
25.3965,       0
25.4065,       3
25.4165,      -4
25.4265,      -2
25.4365,      -4
25.4465,      11
25.4565,      12
25.4665,       1
25.4765,      -5
25.4865,       3
25.4965,      -4
25.5066,      -3
25.5166,     -14
25.5266,      -8
25.5366,       0
25.5466,      -2
25.5566,      -8
25.5666,       2
25.5766,      -9
25.5866,      -8
25.5966,      -1
25.6066,       1
25.6166,       2
25.6266,      -8
25.6366,      -3
25.6466,       3
25.6566,       3
25.6666,      -1
25.6766,      -1
25.6866,      -4
25.6966,      -4
25.7066,      -6
25.7166,      -1
25.7266,      -7
25.7366,       6
25.7466,      -3
25.7566,       0
25.7666,       0
25.7766,      -2
25.7866,     -15
25.7966,      -4
25.8066,      -4
25.8166,       8
25.8266,      -6
25.8366,      -3
25.8466,      -1
25.8566,       2
25.8666,       0
25.8766,       3
25.8866,      -9
25.8966,      -5
25.9066,       0
25.9166,      -2
25.9266,      -1
25.9366,       5
25.9466,      -6
25.9566,       3
25.9666,      -1
25.9766,      -5
25.9866,     -12
25.9966,       0
26.0066,      -2
26.0166,       2
26.0266,      -6
26.0366,      -3
26.0466,      -6
26.0566,       2
26.0666,      -6
26.0766,       8
26.0866,      -7
26.0966,      -6
26.1066,      -1
26.1166,       1
26.1266,      -3
26.1366,      -8
26.1466,      -2
26.1566,      -2
26.1666,      -3
26.1766,     -12
26.1866,      -2
26.1966,      -4
26.2066,      -3
26.2166,       2
26.2266,       2
26.2366,       4
26.2466,      -8
26.2566,       4
26.2666,      -4
26.2766,      -6
26.2866,      -1
26.2966,      -2
26.3066,       6
26.3166,       0
26.3266,      -6
26.3366,      -6
26.3466,       8
26.3566,      -8
26.3666,      -6
26.3766,       0
26.3866,      -1
26.3966,      -5
26.4066,      -9
26.4166,      -6
26.4266,      -7
26.4366,      -4
26.4466,      -3
26.4566,      -9
26.4666,       4
26.4766,       1
26.4866,      -5
26.4966,      -1
26.5067,       1
26.5167,       6
26.5267,      -8
26.5367,      -8
26.5467,      -2
26.5567,      -2
26.5667,       5
26.5767,       2
26.5867,      -3
26.5967,      -5
26.6067,      -3
26.6167,      -6
26.6267,       3
26.6367,       3
26.6467,       0
26.6567,      -2
26.6667,      -9
26.6767,      -1
26.6867,       2
26.6967,      -6
26.7067,      -3
26.7167,      -4
26.7267,      -2
26.7367,      -8
26.7467,      -1
26.7567,      -6
26.7667,       5
26.7767,      -7
26.7867,      -1
26.7967,      -5
26.8067,       2
26.8167,      -3
26.8267,       3
26.8367,      -1
26.8467,      -4
26.8567,       0
26.8667,       3
26.8767,      -5
26.8867,      -7
26.8967,      -8
26.9067,      -8
26.9167,       7
26.9267,      -6
26.9367,       0
26.9467,      -7
26.9567,      -1
26.9667,       0
26.9767,      -7
26.9867,      -3
26.9967,      -4
27.0067,      -6
27.0167,      -2
27.0267,      -5
27.0367,      -5
27.0467,      -3
27.0567,       0
27.0667,      -4
27.0767,      -9
27.0867,      -2
27.0967,      -8
27.1067,      -3
27.1167,      -4
27.1267,      -3
27.1367,       5
27.1467,      -5
27.1567,       3
27.1667,      -6
27.1767,      -7
27.1867,      -6
27.1967,      -6
27.2067,      -4
27.2167,      -5
27.2267,       4
27.2367,      -2
27.2467,       2
27.2567,      -4
27.2667,      -2
27.2767,      -2
27.2867,      -3
27.2967,      -2
27.3067,       2
27.3167,       0
27.3267,      -5
27.3367,       0
27.3467,      -4
27.3567,      -5
27.3667,       3
27.3767,      -9
27.3867,      -8
27.3967,      -2
27.4067,      -2
27.4167,       3
27.4267,      -9
27.4367,      -3
27.4467,      -2
27.4567,       0
27.4667,      -6
27.4767,       5
27.4867,       3
27.4967,       3
27.5068,      -4
27.5168,      -1
27.5268,      -1
27.5368,      -4
27.5468,      -4
27.5568,      -2
27.5668,      -4
27.5768,      -4
27.5868,      -2
27.5968,      -1
27.6068,       3
27.6168,      -4
27.6268,       0
27.6368,       2
27.6468,      -5
27.6568,      -6
27.6668,       1
27.6768,      -4
27.6868,      -1
27.6968,      -5
27.7068,      -2
27.7168,       3
27.7268,       0
27.7368,       0
27.7468,       1
27.7568,      -6
27.7668,      -2
27.7768,       2
27.7868,      -2
27.7968,       0
27.8068,       1
27.8168,      -1
27.8268,      -4
27.8368,       2
27.8468,      -2
27.8568,       2
27.8668,      -3
27.8768,      -5
27.8868,      -8
27.8968,      -2
27.9068,      -1
27.9168,     -11
27.9268,      -4
27.9368,       4
27.9468,       1
27.9568,       3
27.9668,      -7
27.9768,      -8
27.9868,      -4
27.9968,       0
28.0068,       2
28.0168,      -7
28.0268,       0
28.0368,       0
28.0468,      -6
28.0568,       0
28.0668,      -4
28.0768,       4
28.0868,      -3
28.0968,       1
28.1068,      -1
28.1168,      -2
28.1268,      -6
28.1368,       1
28.1468,       1
28.1568,       2
28.1668,      -7
28.1768,      -8
28.1868,      -2
28.1968,       1
28.2068,       0
28.2168,       6
28.2268,      -3
28.2368,       0
28.2468,      -5
28.2568,      -2
28.2668,      -4
28.2768,      -2
28.2868,      -2
28.2968,       5
28.3068,       2
28.3168,      -3
28.3268,       3
28.3368,       2
28.3468,       1
28.3568,      -8
28.3668,      -4
28.3768,      -3
28.3868,      -2
28.3968,      -5
28.4068,      -2
28.4168,       2
28.4268,       2
28.4368,       1
28.4468,       3
28.4568,      -6
28.4668,       2
28.4768,       1
28.4868,      -4
28.4968,      -4
28.5069,      -4
28.5169,      -6
28.5269,       6
28.5369,      -3
28.5469,       6
28.5569,       2
28.5669,       5
28.5769,       2
28.5869,      -3
28.5969,       4
28.6069,      -4
28.6169,       5
28.6269,       1
28.6369,       3
28.6469,       2
28.6569,      -2
28.6669,       4
28.6769,       7
28.6869,      -3
28.6969,       3
28.7069,       3
28.7169,       3
28.7269,      -3
28.7369,      -6
28.7469,      -3
28.7569,       2
28.7669,      -1
28.7769,       0
28.7869,      -3
28.7969,      -7
28.8069,      -2
28.8169,       0
28.8269,       4
28.8369,       6
28.8469,      -7
28.8569,      -1
28.8669,      -1
28.8769,      -9
28.8869,       2
28.8969,      -3
28.9069,       2
28.9169,       0
28.9269,       2
28.9369,      -2
28.9469,       1
28.9569,       2
28.9669,       3
28.9769,      -1
28.9869,      -3
28.9969,      -2
29.0069,       5
29.0169,      -8
29.0269,      -4
29.0369,       5
29.0469,      -1
29.0569,      -2
29.0669,      -4
29.0769,       0
29.0869,      -3
29.0969,       1
29.1069,      -4
29.1169,       3
29.1269,      -6
29.1369,       1
29.1469,      -1
29.1569,      -1
29.1669,       0
29.1769,      -2
29.1869,       0
29.1969,      -2
29.2069,      -1
29.2169,       4
29.2269,      -2
29.2369,      -4
29.2469,      -4
29.2569,      -5
29.2669,      -5
29.2769,      -4
29.2869,       0
29.2969,      -1
29.3069,      -1
29.3169,      -2
29.3269,      -4
29.3369,       2
29.3469,      -1
29.3569,      -1
29.3669,      -3
29.3769,      -3
29.3869,       3
29.3969,       5
29.4069,      -1
29.4169,       0
29.4269,      -7
29.4369,      -3
29.4469,       0
29.4569,       2
29.4669,      -1
29.4769,       2
29.4869,      -2
29.4969,      -1
29.5070,       0
29.5170,      -2
29.5270,       2
29.5370,      -6
29.5470,       4
29.5570,      -5
29.5670,       1
29.5770,       1
29.5870,      -2
29.5970,      -3
29.6070,       1
29.6170,      -4
29.6270,      -6
29.6370,       5
29.6470,      -3
29.6570,      -3
29.6670,      -2
29.6770,       0
29.6870,      -1
29.6970,      -5
29.7070,       4
29.7170,       1
29.7270,       3
29.7370,      -3
29.7470,      -1
29.7570,      -1
29.7670,      -3
29.7770,      -2
29.7870,      -3
29.7970,      -3
29.8070,       0
29.8170,      -1
29.8270,       0
29.8370,       2
29.8470,       2
29.8570,       2
29.8670,       1
29.8770,      -1
29.8870,       2
29.8970,       1
29.9070,       1
29.9170,      -1
29.9270,       2
29.9370,       2
29.9470,       0
29.9570,       3
29.9670,       2
29.9770,      -1
29.9870,      -2
29.9970,      -4
30.0070,      -2
30.0170,      -3
30.0270,       1
30.0370,       1
30.0470,      -3
30.0570,      -4
30.0670,      -7
30.0770,       0
30.0870,      -1
30.0970,       2
30.1070,       1
30.1170,      -4
30.1270,      -3
30.1370,      -2
30.1470,      -2
30.1570,       0
30.1670,       2
30.1770,      -2
30.1870,      -2
30.1970,       2
30.2070,      -1
30.2170,       1
30.2270,      -5
30.2370,      -1
30.2470,       1
30.2570,       0
30.2670,      -1
30.2770,      -4
30.2870,      -1
30.2970,       2
30.3070,      -5
30.3170,       1
30.3270,       3
30.3370,      -1
30.3470,       2
30.3570,       0
30.3670,      -7
30.3770,       2
30.3870,      -4
30.3970,      -7
30.4070,      -1
30.4170,      -1
30.4270,       0
30.4370,      -3
30.4470,      -3
30.4570,      -5
30.4670,      -1
30.4770,       0
30.4870,      -1
30.4970,      -4
30.5071,       0
30.5171,      -3
30.5271,      -1
30.5371,       0
30.5471,      -5
30.5571,      -1
30.5671,      -5
30.5771,       1
30.5871,      -3
30.5971,       0
30.6071,      -1
30.6171,       0
30.6271,      -4
30.6371,       0
30.6471,      -5
30.6571,       1
30.6671,      -2
30.6771,       4
30.6871,      -4
30.6971,       2
30.7071,       7
30.7171,       1
30.7271,      -2
30.7371,       0
30.7471,       2
30.7571,       2
30.7671,      -5
30.7771,      -1
30.7871,       0
30.7971,       0
30.8071,       2
30.8171,       0
30.8271,       2
30.8371,      -2
30.8471,      -1
30.8571,      -4
30.8671,       1
30.8771,      -1
30.8871,      -1
30.8971,      -3
30.9071,       3
30.9171,      -1
30.9271,       2
30.9371,      -1
30.9471,       1
30.9571,       1
30.9671,      -2
30.9771,       0
30.9871,       0
30.9971,      -5
31.0071,      -2
31.0171,       0
31.0271,      -2
31.0371,       0
31.0471,      -3
31.0571,       2
31.0671,      -3
31.0771,       0
31.0871,      -2
31.0971,      -2
31.1071,       2
31.1171,       1
31.1271,      -1
31.1371,       2
31.1471,       1
31.1571,      -2
31.1671,      -2
31.1771,       0
31.1871,       0
31.1971,      -3
31.2071,       3
31.2171,      -4
31.2271,      -4
31.2371,      -5
31.2471,       2
31.2571,      -2
31.2671,      -2
31.2771,      -3
31.2871,       1
31.2971,      -1
31.3071,      -4
31.3171,       1
31.3271,       4
31.3371,       2
31.3471,       0
31.3571,       3
31.3671,      -1
31.3771,       1
31.3871,      -2
31.3971,       1
31.4071,       0
31.4171,       0
31.4271,      -1
31.4371,      -1
31.4471,      -2
31.4571,       0
31.4671,      -2
31.4771,      -1
31.4871,       1
31.4971,       4
31.5072,      -2
31.5172,      -4
31.5272,      -6
31.5372,       2
31.5472,      -2
31.5572,      -1
31.5672,      -3
31.5772,       1
31.5872,       2
31.5972,       0
31.6072,      -2
31.6172,      -4
31.6272,      -6
31.6372,       2
31.6472,      -2
31.6572,      -1
31.6672,       1
31.6772,      -3
31.6872,      -2
31.6972,       1
31.7072,       1
31.7172,       1
31.7272,       0
31.7372,      -4
31.7472,       0
31.7572,      -1
31.7672,       0
31.7772,      -1
31.7872,       4
31.7972,      -2
31.8072,       2
31.8172,       3
31.8272,      -2
31.8372,       1
31.8472,       0
31.8572,       2
31.8672,      -2
31.8772,      -4
31.8872,      -1
31.8972,       0
31.9072,       1
31.9172,       1
31.9272,      -2
31.9372,      -2
31.9472,       3
31.9572,      -3
31.9672,      -2
31.9772,      -4
31.9872,      -2
31.9972,      -1
32.0072,       3
32.0172,      -2
32.0272,      -1
32.0372,       3
32.0472,      -1
32.0572,      -1
32.0672,      -2
32.0772,       0
32.0872,      -1
32.0972,       2
32.1072,      -2
32.1172,      -1
32.1272,      -5
32.1372,      -2
32.1472,       0
32.1572,       1
32.1672,       1
32.1772,      -4
32.1872,      -1
32.1972,      -1
32.2072,       0
32.2172,       0
32.2272,       3
32.2372,       0
32.2472,      -5
32.2572,       3
32.2672,      -3
32.2772,      -1
32.2872,      -1
32.2972,      -3
32.3072,       2
32.3172,       4
32.3272,       0
32.3372,      -2
32.3472,       1
32.3572,      -2
32.3672,      -2
32.3772,       1
32.3872,      -1
32.3972,      -1
32.4072,      -2
32.4172,      -2
32.4272,       2
32.4372,       0
32.4472,      -3
32.4572,      -1
32.4672,      -2
32.4772,      -2
32.4872,      -3
32.4972,      -1
32.5073,      -1
32.5173,      -1
32.5273,      -2
32.5373,       0
32.5473,       1
32.5573,       0
32.5673,      -3
32.5773,      -1
32.5873,       0
32.5973,      -5
32.6073,       1
32.6173,      -1
32.6273,      -1
32.6373,       0
32.6473,       1
32.6573,      -1
32.6673,      -1
32.6773,       0
32.6873,       0
32.6973,      -2
32.7073,      -3
32.7173,       0
32.7273,       2
32.7373,       3
32.7473,      -3
32.7573,      -3
32.7673,      -1
32.7773,       4
32.7873,       4
32.7973,       0
32.8073,       1
32.8173,      -2
32.8273,      -3
32.8373,      -2
32.8473,       2
32.8573,      -3
32.8673,      -1
32.8773,      -2
32.8873,      -1
32.8973,       0
32.9073,      -1
32.9173,       0
32.9273,       1
32.9373,       1
32.9473,       2
32.9573,      -1
32.9673,      -2
32.9773,       2
32.9873,       1
32.9973,      -2
33.0073,      -5
33.0173,      -6
33.0273,       0
33.0373,      -3
33.0473,      -2
33.0573,       0
33.0673,       4
33.0773,       1
33.0873,      -1
33.0973,       0
33.1073,       2
33.1173,       1
33.1273,       2
33.1373,       1
33.1473,       2
33.1573,      -2
33.1673,       1
33.1773,      -3
33.1873,      -3
33.1973,      -3
33.2073,      -4
33.2173,       0
33.2273,      -2
33.2373,      -2
33.2473,       1
33.2573,       0
33.2673,      -3
33.2773,      -4
33.2873,      -2
33.2973,       0
33.3073,      -1
33.3173,      -2
33.3273,      -3
33.3373,      -2
33.3473,       0
33.3573,      -3
33.3673,       0
33.3773,      -1
33.3873,      -1
33.3973,       1
33.4073,       0
33.4173,       3
33.4273,       3
33.4373,       0
33.4473,      -2
33.4573,       1
33.4673,      -2
33.4773,      -1
33.4873,      -1
33.4973,       2
33.5074,      -4
33.5174,      -2
33.5274,      -4
33.5374,       1
33.5474,      -1
33.5574,       2
33.5674,       2
33.5774,       1
33.5874,      -2
33.5974,      -1
33.6074,       0
33.6174,       0
33.6274,      -5
33.6374,       0
33.6474,      -1
33.6574,       0
33.6674,      -2
33.6774,       2
33.6874,       1
33.6974,       0
33.7074,       1
33.7174,       0
33.7274,      -1
33.7374,      -1
33.7474,      -1
33.7574,       0
33.7674,      -1
33.7774,       1
33.7874,       0
33.7974,      -1
33.8074,       0
33.8174,      -1
33.8274,      -2
33.8374,      -1
33.8474,      -1
33.8574,       1
33.8674,      -3
33.8774,      -1
33.8874,      -1
33.8974,       2
33.9074,      -3
33.9174,       1
33.9274,      -1
33.9374,      -1
33.9474,       1
33.9574,       0
33.9674,       2
33.9774,       1
33.9874,      -1
33.9974,       0
34.0074,       1
34.0174,       0
34.0274,       1
34.0374,       0
34.0474,       1
34.0574,       0
34.0674,      -2
34.0774,      -3
34.0874,       0
34.0974,      -3
34.1074,      -1
34.1174,       0
34.1274,       0
34.1374,       2
34.1474,      -2
34.1574,      -3
34.1674,       0
34.1774,       0
34.1874,       1
34.1974,       0
34.2074,       0
34.2174,       1
34.2274,       0
34.2374,       1
34.2474,       0
34.2574,       1
34.2674,       0
34.2774,      -2
34.2874,       0
34.2974,      -1
34.3074,       2
34.3174,      -1
34.3274,       1
34.3374,       0
34.3474,      -1
34.3574,       0
34.3674,      -3
34.3774,      -1
34.3874,       0
34.3974,       0
34.4074,      -5
34.4174,      -2
34.4274,       0
34.4374,       0
34.4474,      -2
34.4574,       2
34.4674,      -1
34.4774,       0
34.4874,      -1
34.4974,       0
34.5075,      -1
34.5175,       0
34.5275,      -1
34.5375,       0
34.5475,      -1
34.5575,      -4
34.5675,       2
34.5775,       0
34.5875,      -3
34.5975,       0
34.6075,       1
34.6175,      -1
34.6275,      -2
34.6375,       1
34.6475,       1
34.6575,       2
34.6675,       0
34.6775,       0
34.6875,       1
34.6975,       1
34.7075,       1
34.7175,      -2
34.7275,      -1
34.7375,       0
34.7475,       1
34.7575,       0
34.7675,      -3
34.7775,      -2
34.7875,      -1
34.7975,       0
34.8075,       0
34.8175,       1
34.8275,       1
34.8375,       1
34.8475,      -2
34.8575,       2
34.8675,       1
34.8775,       0
34.8875,       1
34.8975,       0
34.9075,      -2
34.9175,       1
34.9275,       1
34.9375,      -1
34.9475,      -1
34.9575,       0
34.9675,       1
34.9775,       2
34.9875,      -1
34.9975,      -2
35.0075,      -2
35.0175,       0
35.0275,      -1
35.0375,       0
35.0475,       1
35.0575,      -1
35.0675,       0
35.0775,      -2
35.0875,       0
35.0975,      -1
35.1075,       0
35.1175,       0
35.1275,       0
35.1375,      -2
35.1475,       0
35.1575,      -1
35.1675,      -1
35.1775,      -1
35.1875,      -2
35.1975,       2
35.2075,       0
35.2175,       1
35.2275,      -2
35.2375,       1
35.2475,       0
35.2575,      -2
35.2675,      -1
35.2775,       0
35.2875,       1
35.2975,      -1
35.3075,      -1
35.3175,       1
35.3275,       0
35.3375,      -1
35.3475,       1
35.3575,       0
35.3675,      -2
35.3775,       0
35.3875,      -2
35.3975,       1
35.4075,       0
35.4175,       1
35.4275,      -1
35.4375,       1
35.4475,      -1
35.4575,       0
35.4675,       1
35.4775,       1
35.4875,       0
35.4975,      -1
35.5076,      -1
35.5176,       1
35.5276,      -1
35.5376,       1
35.5476,       0
35.5576,      -4
35.5676,      -2
35.5776,      -1
35.5876,       3
35.5976,      -1
35.6076,       0
35.6176,      -2
35.6276,       0
35.6376,       0
35.6476,      -1
35.6576,      -1
35.6676,      -1
35.6776,       0
35.6876,      -1
35.6976,      -2
35.7076,       1
35.7176,       1
35.7276,      -1
35.7376,      -1
35.7476,       0
35.7576,      -1
35.7676,       1
35.7776,       0
35.7876,       0
35.7976,       0
35.8076,      -2
35.8176,       0
35.8276,       0
35.8376,      -1
35.8476,      -2
35.8576,       1
35.8676,       3
35.8776,       0
35.8876,       0
35.8976,      -2
35.9076,       0
35.9176,      -1
35.9276,       0
35.9376,       0
35.9476,       0
35.9576,      -5
35.9676,      -4
35.9776,      -3
35.9876,       1
35.9976,      -1
36.0076,      -1
36.0176,      -1
36.0276,      -1
36.0376,       0
36.0476,      -1
36.0576,      -2
36.0676,       0
36.0776,       0
36.0876,      -1
36.0976,       1
36.1076,      -1
36.1176,       0
36.1276,       0
36.1376,       0
36.1476,       0
36.1576,       1
36.1676,       2
36.1776,       1
36.1876,      -1
36.1976,      -1
36.2076,      -2
36.2176,       1
36.2276,       0
36.2376,      -3
36.2476,      -2
36.2576,       0
36.2676,      -1
36.2776,       0
36.2876,       0
36.2976,       0
36.3076,       0
36.3176,       1
36.3276,       0
36.3376,       3
36.3476,       0
36.3576,       0
36.3676,      -1
36.3776,       0
36.3876,      -2
36.3976,      -1
36.4076,       0
36.4176,       1
36.4276,      -1
36.4376,      -1
36.4476,       0
36.4576,       3
36.4676,      -1
36.4776,       1
36.4876,       0
36.4976,       0
36.5077,      -1
36.5177,       2
36.5277,       0
36.5377,      -1
36.5477,       1
36.5577,      -2
36.5677,       1
36.5777,      -2
36.5877,       2
36.5977,      -1
36.6077,      -2
36.6177,      -1
36.6277,       0
36.6377,       0
36.6477,      -1
36.6577,       0
36.6677,       0
36.6777,       0
36.6877,       2
36.6977,       0
36.7077,      -2
36.7177,       0
36.7277,      -1
36.7377,       0
36.7477,       0
36.7577,       0
36.7677,       0
36.7777,       0
36.7877,      -1
36.7977,       0
36.8077,       0
36.8177,       0
36.8277,       0
36.8377,       0
36.8477,      -1
36.8577,      -1
36.8677,       0
36.8777,      -1
36.8877,       0
36.8977,       1
36.9077,       0
36.9177,       0
36.9277,       0
36.9377,       0
36.9477,      -1
36.9577,      -2
36.9677,       2
36.9777,      -1
36.9877,      -1
36.9977,       0
37.0077,      -1
37.0177,       0
37.0277,       0
37.0377,      -1
37.0477,       0
37.0577,       0
37.0677,       0
37.0777,       0
37.0877,       0
37.0977,       0
37.1077,       0
37.1177,       1
37.1277,       0
37.1377,      -1
37.1477,       0
37.1577,       0
37.1677,       1
37.1777,       0
37.1877,      -1
37.1977,       3
37.2077,       2
37.2177,       0
37.2277,       1
37.2377,       0
37.2477,       1
37.2577,       0
37.2677,       0
37.2777,       0
37.2877,      -1
37.2977,      -2
37.3077,       1
37.3177,      -1
37.3277,       0
37.3377,       0
37.3477,      -1
37.3577,       0
37.3677,      -3
37.3777,       0
37.3877,      -3
37.3977,       0
37.4077,      -1
37.4177,      -1
37.4277,      -1
37.4377,      -1
37.4477,      -2
37.4577,       1
37.4677,      -2
37.4777,       1
37.4877,      -1
37.4977,       1
37.5078,      -1
37.5178,       0
37.5278,      -3
37.5378,      -1
37.5478,       1
37.5578,       0
37.5678,       0
37.5778,      -1
37.5878,       0
37.5978,      -1
37.6078,      -1
37.6178,      -2
37.6278,       1
37.6378,      -1
37.6478,      -1
37.6578,       0
37.6678,       0
37.6778,       0
37.6878,      -2
37.6978,       0
37.7078,       0
37.7178,       2
37.7278,       0
37.7378,      -1
37.7478,       1
37.7578,       0
37.7678,       0
37.7778,       0
37.7878,      -1
37.7978,       0
37.8078,       0
37.8178,      -1
37.8278,       0
37.8378,       0
37.8478,       0
37.8578,       0
37.8678,       0
37.8778,       2
37.8878,       1
37.8978,       0
37.9078,       0
37.9178,       0
37.9278,       1
37.9378,       0
37.9478,       0
37.9578,       0
37.9678,      -1
37.9778,       0
37.9878,       0
37.9978,       0
38.0078,       1
38.0178,      -2
38.0278,      -1
38.0378,       0
38.0478,       0
38.0578,       0
38.0678,       1
38.0778,       0
38.0878,       0
38.0978,       0
38.1078,      -2
38.1178,      -1
38.1278,       1
38.1378,       0
38.1478,       0
38.1578,       0
38.1678,       0
38.1778,       0
38.1878,       0
38.1978,      -1
38.2078,      -1
38.2178,       0
38.2278,       0
38.2378,       0
38.2478,       0
38.2578,      -1
38.2678,      -1
38.2778,       0
38.2878,       0
38.2978,       0
38.3078,       0
38.3178,       0
38.3278,       0
38.3378,      -1
38.3478,       0
38.3578,       0
38.3678,       0
38.3778,       0
38.3878,       0
38.3978,      -1
38.4078,       0
38.4178,      -1
38.4278,       0
38.4378,      -1
38.4478,      -1
38.4578,      -1
38.4678,       0
38.4778,       0
38.4878,       0
38.4978,       0
38.5079,       0
38.5179,       0
38.5279,      -2
38.5379,       0
38.5479,       0
38.5579,       0
38.5679,       0
38.5779,      -1
38.5879,       0
38.5979,       0
38.6079,       0
38.6179,       0
38.6279,       0
38.6379,       0
38.6479,       0
38.6579,       0
38.6679,       0
38.6779,       0
38.6879,      -1
38.6979,      -1
38.7079,       1
38.7179,       0
38.7279,       1
38.7379,       1
38.7479,       0
38.7579,       0
38.7679,       0
38.7779,       0
38.7879,       0
38.7979,      -1
38.8079,       0
38.8179,       0
38.8279,      -1
38.8379,      -1
38.8479,      -2
38.8579,       0
38.8679,       0
38.8779,       1
38.8879,      -1
38.8979,      -2
38.9079,      -1
38.9179,      -1
38.9279,       0
38.9379,       0
38.9479,       0
38.9579,       1
38.9679,       0
38.9779,       0
38.9879,       0
38.9979,       0
39.0079,       0
39.0179,       0
39.0279,       0
39.0379,       0
39.0479,      -1
39.0579,       0
39.0679,       1
39.0779,       0
39.0879,       0
39.0979,       0
39.1079,       0
39.1179,       0
39.1279,       0
39.1379,       0
39.1479,      -1
39.1579,       1
39.1679,       0
39.1779,       0
39.1879,      -1
39.1979,       0
39.2079,      -2
39.2179,       0
39.2279,      -1
39.2379,      -1
39.2479,      -1
39.2579,      -1
39.2679,       0
39.2779,       0
39.2879,       0
39.2979,       0
39.3079,       0
39.3179,       0
39.3279,       0
39.3379,       1
39.3479,       1
39.3579,      -1
39.3679,      -1
39.3779,       0
39.3879,       0
39.3979,       2
39.4079,       0
39.4179,       0
39.4279,       0
39.4379,       0
39.4479,       0
39.4579,      -1
39.4679,       0
39.4779,       0
39.4879,      -1
39.4979,      -1
39.5080,       0
39.5180,       0
39.5280,       0
39.5380,       0
39.5480,       0
39.5580,       0
39.5680,       0
39.5780,      -1
39.5880,       0
39.5980,       0
39.6080,       0
39.6180,       0
39.6280,       1
39.6380,      -1
39.6480,      -1
39.6580,       0
39.6680,       0
39.6780,       1
39.6880,      -1
39.6980,       1
39.7080,      -1
39.7180,       0
39.7280,       0
39.7380,       0
39.7480,      -1
39.7580,      -1
39.7680,      -1
39.7780,       0
39.7880,       1
39.7980,       0
39.8080,       0
39.8180,       0
39.8280,      -1
39.8380,      -1
39.8480,      -1
39.8580,       0
39.8680,       0
39.8780,       0
39.8880,       0
39.8980,       0
39.9080,      -1
39.9180,       0
39.9280,       0
39.9380,       0
39.9480,       0
39.9580,       0
39.9680,       0
39.9780,       0
39.9880,       1
39.9980,       0
