2501.49	9595.29
2500.78	9609.34
2500.07	9102.12
2499.36	9184.92
2498.64	9281.74
2497.93	9406.61
2497.22	9166.46
2496.51	9431.66
2495.79	9359.98
2495.08	9344.44
2494.37	9244.74
2493.66	9383.52
2492.94	9241.77
2492.23	9184.2
2491.52	9491.15
2490.8	9279.36
2490.09	9277.87
2489.38	9500.58
2488.66	9288.9
2487.95	9427.49
2487.23	9453.98
2486.52	9340.43
2485.81	9226.92
2485.09	9309.43
2484.38	9377.92
2483.66	9390.4
2482.95	9472.85
2482.23	9359.4
2481.52	9581.7
2480.8	9440.31
2480.09	9550.65
2479.37	9549.12
2478.66	9547.58
2477.94	9504.12
2477.23	9460.66
2476.51	9333.39
2475.79	9457.62
2475.08	9470.06
2474.36	9566.3
2473.65	9425.13
2472.93	9786.59
2472.21	9575.64
2471.5	9588.05
2470.78	9433.01
2470.06	9571.01
2469.35	9555.52
2468.63	9540.03
2467.91	9677.95
2467.2	9606.68
2466.48	9660.89
2465.76	9547.83
2465.04	9490.55
2464.33	9502.95
2463.61	9752.19
2462.89	9778.48
2462.17	9651.56
2461.45	9663.93
2460.74	9690.22
2460.02	9758.26
2459.3	9589.67
2458.58	9796.86
2457.86	9725.71
2457.14	9877.17
2456.42	9708.67
2455.7	9762.73
2454.99	9747.25
2454.27	9926.41
2453.55	9910.91
2452.83	9895.42
2452.11	9810.45
2451.39	10031.2
2450.67	9723.94
2449.95	9861.26
2449.23	9762.46
2448.51	9719.23
2447.79	9856.49
2447.07	9799.38
2446.35	9978.21
2445.63	9934.97
2444.9	9974.99
2444.18	9904.02
2443.46	9846.95
2442.74	9803.76
2442.02	9968.55
2441.3	9814.46
2440.58	9729.72
2439.86	9880.58
2439.13	9948.26
2438.41	10015.9
2437.69	9861.95
2436.97	9832.66
2436.25	9858.76
2435.52	10023.3
2434.8	9938.63
2434.08	9937.03
2433.36	10004.6
2432.63	9850.81
2431.91	9904.55
2431.19	10124.2
2430.46	10039.6
2429.74	10121
2429.02	9911.97
2428.29	10159.2
2427.57	10019.3
2426.85	10003.9
2426.12	10181.9
2425.4	10276.9
2424.68	10068.1
2423.95	9956
2423.23	10230.5
2422.5	10063.2
2421.78	10075.4
2421.05	10046.2
2420.33	10044.5
2419.6	10180.9
2418.88	10317.2
2418.15	10122.4
2417.43	10120.8
2416.7	9995.07
2415.98	10255.3
2415.25	10253.7
2414.53	10169.4
2413.8	10277.9
2413.07	10358.9
2412.35	10192
2411.62	10135.2
2410.9	10505.3
2410.17	10310.9
2409.44	10171.6
2408.72	10266.3
2407.99	10182.1
2407.26	10373
2406.54	10233.8
2405.81	10342.2
2405.08	10478
2404.35	10283.8
2403.63	10323.4
2402.9	10417.9
2402.17	10347.5
2401.44	10552
2400.71	10426.6
2399.99	10370
2399.26	10464.4
2398.53	10421.6
2397.8	10310
2397.07	10555.4
2396.34	10430.2
2395.62	10387.4
2394.89	10372
2394.16	10699.5
2393.43	10505.7
2392.7	10421.8
2391.97	10474.9
2391.24	10500.6
2390.51	10444.1
2389.78	10415
2389.05	10481.8
2388.32	10548.6
2387.59	10546.9
2386.86	10627.4
2386.13	10338.1
2385.4	10569.2
2384.67	10594.8
2383.94	10524.7
2383.21	10304
2382.48	10644.4
2381.75	10505.9
2381.02	10613.6
2380.28	10817
2379.55	10828.9
2378.82	10622.1
2378.09	10579.4
2377.36	10605
2376.63	10739.9
2375.89	10792.8
2375.16	10804.7
2374.43	10666.4
2373.7	10828.6
2372.97	10717.6
2372.23	10674.9
2371.5	10659.5
2370.77	10630.5
2370.03	10683.3
2369.3	10722.5
2368.57	10802.6
2367.84	10514.5
2367.1	10758.2
2366.37	10756.5
2365.63	10822.9
2364.9	10971
2364.17	10792.1
2363.43	10967.5
2362.7	10883.9
2361.96	10868.6
2361.23	10880.4
2360.5	10933.1
2359.76	10904.1
2359.03	10956.8
2358.29	10887
2357.56	11048.5
2356.82	10883.4
2356.09	10990.5
2355.35	10866.3
2354.62	10796.5
2353.88	11039.5
2353.14	10942.5
2352.41	10927.2
2351.67	11115.6
2350.94	10882.9
2350.2	11112
2349.46	11083.1
2348.73	10891.1
2347.99	11296.7
2347.25	11023.4
2346.52	11089.4
2345.78	10992.6
2345.04	11167.2
2344.31	11287.5
2343.57	11000.8
2342.83	10999
2342.1	11132.9
2341.36	11280.2
2340.62	11251.2
2339.88	11222.3
2339.14	11166.3
2338.41	11029
2337.67	11162.6
2336.93	11431.7
2336.19	11335.1
2335.45	11400.9
2334.71	10992.9
2333.98	11207.7
2333.24	11287.1
2332.5	11204
2331.76	11337.5
2331.02	11227.5
2330.28	11225.6
2329.54	11142.7
2328.8	11289.6
2328.06	11436.4
2327.32	11421.1
2326.58	11230
2325.84	11498.4
2325.1	11429
2324.36	11346.1
2323.62	11573.8
2322.88	11355.9
2322.14	11273
2321.4	11325.2
2320.66	11242.4
2319.92	11375.5
2319.17	11481.6
2318.43	11412.2
2317.69	11491.3
2316.95	11516.4
2316.21	11514.5
2315.47	11445.2
2314.72	11766.9
2313.98	11549.3
2313.24	11399.2
2312.5	11330
2311.76	11314.7
2311.01	11622.6
2310.27	11782.3
2309.53	11403.4
2308.79	11590
2308.04	11628.5
2307.3	11370.9
2306.56	11449.8
2305.81	11717
2305.07	11594
2304.33	11726.6
2303.58	11603.7
2302.84	11669
2302.09	11505.8
2301.35	11786.1
2300.61	11784.2
2299.86	11755.4
2299.12	11659.5
2298.37	12047.1
2297.63	11709.4
2296.88	11814.9
2296.14	11531
2295.39	11972.1
2294.65	11581
2293.9	11579.1
2293.16	11657.7
2292.41	11910.6
2291.67	11814.8
2290.92	11759.2
2290.17	11851.2
2289.43	11916.2
2288.68	11941.1
2287.94	11885.5
2287.19	11749.6
2286.44	11774.5
2285.7	12174.4
2284.95	11958.1
2284.2	11916
2283.45	12021.2
2282.71	12046
2281.96	11910.2
2281.21	11774.4
2280.47	11692.2
2279.72	12024.7
2278.97	11915.8
2278.22	11847
2277.47	11978.7
2276.73	12030.2
2275.98	11801
2275.23	12026.3
2274.48	11957.5
2273.73	12009
2272.98	12153.9
2272.23	12178.7
2271.49	11976.4
2270.74	12041.2
2269.99	12065.9
2269.24	11970.5
2268.49	12275.4
2267.74	12126.7
2266.99	12138
2266.24	12189.4
2265.49	12334.1
2264.74	12145.4
2263.99	11983.5
2263.24	12074.8
2262.49	12139.5
2261.74	12230.7
2260.99	12002.3
2260.24	12120.2
2259.49	12291.3
2258.73	12236
2257.98	12220.7
2257.23	12218.7
2256.48	12389.7
2255.73	12161.5
2254.98	12239.3
2254.23	12410.2
2253.47	12261.9
2252.72	12100.4
2251.97	12231.3
2251.22	12136.3
2250.46	12267.2
2249.71	12305
2248.96	12289.7
2248.21	12128.3
2247.45	12405.2
2246.7	12482.9
2245.95	12255.1
2245.19	12292.9
2244.44	12290.9
2243.69	12222.6
2242.93	12101.1
2242.18	12550.2
2241.43	12468.6
2240.67	12453.3
2239.92	12464.5
2239.16	12661.3
2238.41	12593
2237.65	12458.4
2236.9	12562.3
2236.15	12520.5
2235.39	12425.7
2234.64	12317.7
2233.88	12607.1
2233.13	12591.8
2232.37	12708.8
2231.61	12600.9
2230.86	12638.5
2230.1	12795.2
2229.35	12541.7
2228.59	12619
2227.83	12550.8
2227.08	12456.2
2226.32	12705.4
2225.57	12663.6
2224.81	12740.9
2224.05	12540.5
2223.3	12670.6
2222.54	12628.9
2221.78	12679.7
2221.02	12770
2220.27	12728.3
2219.51	12620.6
2218.75	12710.9
2217.99	12761.6
2217.24	12851.9
2216.48	12665.1
2215.72	12768.5
2214.96	12608.2
2214.2	12764.3
2213.45	12933.6
2212.69	12760.1
2211.93	12929.4
2211.17	12861.4
2210.41	12819.7
2209.65	12909.8
2208.89	12934.1
2208.13	12918.8
2207.37	12929.8
2206.61	12861.9
2205.85	13149.3
2205.09	13120.8
2204.33	12829.2
2203.57	12919.2
2202.81	12903.9
2202.05	12888.6
2201.29	13083.8
2200.53	12963.3
2199.77	12803.4
2199.01	13090.4
2198.25	12956.9
2197.49	13204.4
2196.73	13149.7
2195.97	13108.1
2195.2	13119.1
2194.44	13090.7
2193.68	13075.4
2192.92	13230.7
2192.16	13149.8
2191.39	13436.3
2190.63	13316
2189.87	13300.7
2189.11	13311.7
2188.34	13086.5
2187.58	13254.8
2186.82	13200.2
2186.06	13263.6
2185.29	13064.8
2184.53	13259.2
2183.77	13414.2
2183	13608.5
2182.24	13488.4
2181.48	13486.2
2180.71	13483.9
2179.95	13285.4
2179.18	13636.5
2178.42	13228.7
2177.66	13370.4
2176.89	13420.5
2176.13	13614.5
2175.36	13193.8
2174.6	13361.6
2173.83	13280.9
2173.07	13605.5
2172.3	13407.2
2171.54	13522.6
2170.77	13455.1
2170	13387.6
2169.24	13333.1
2168.47	13735.7
2167.71	13524.5
2166.94	13665.9
2166.17	13624.5
2165.41	13504.8
2164.64	13802.6
2163.87	13539.5
2163.11	13511.2
2162.34	13613.2
2161.57	13532.8
2160.81	13608.8
2160.04	13489.2
2159.27	13721.5
2158.5	13510.8
2157.74	13508.6
2156.97	13441.2
2156.2	13269.7
2155.43	13645.1
2154.67	13577.8
2153.9	13705.7
2153.13	13742.5
2152.36	13675.2
2151.59	13920.1
2150.82	13865.7
2150.05	13603.4
2149.28	13861.2
2148.52	13910.9
2147.75	13843.6
2146.98	13568.4
2146.21	13670.1
2145.44	13732.8
2144.67	13782.5
2143.9	13897.1
2143.13	13829.9
2142.36	13879.5
2141.59	13773.4
2140.82	13706.2
2140.05	13768.8
2139.28	13961.2
2138.5	14010.8
2137.73	14060.3
2136.96	14135.8
2136.19	13913.1
2135.42	14079.3
2134.65	13999.2
2133.88	14113.5
2133.1	14098.2
2132.33	14044.1
2131.56	14158.3
2130.79	14065.3
2130.02	14088.9
2129.24	14112.5
2128.47	14058.4
2127.7	14250.2
2126.93	14390.2
2126.15	14142
2125.38	14269
2124.61	14098.5
2123.83	14212.5
2123.06	14145.5
2122.29	14207.8
2121.51	14438.1
2120.74	14306.5
2119.97	14368.8
2119.19	14405.1
2118.42	14544.8
2117.64	14167.9
2116.87	14307.6
2116.09	14279.4
2115.32	14522.3
2114.54	14377.9
2113.77	14414.3
2113	14528
2112.22	14370.8
2111.44	14420
2110.67	14495
2109.89	14479.7
2109.12	14348.4
2108.34	14449.1
2107.57	14420.9
2106.79	14405.7
2106.01	14648.1
2105.24	14491.1
2104.46	14565.9
2103.68	14537.8
2102.91	14651.2
2102.13	14558.7
2101.35	14685
2100.58	14605.3
2099.8	14538.6
2099.02	14909.2
2098.24	14752.4
2097.47	14711.4
2096.69	14696.1
2095.91	14783.7
2095.13	14524.1
2094.36	14778.7
2093.58	14583.6
2092.8	14619.7
2092.02	14630.1
2091.24	14460.7
2090.46	14715.1
2089.68	14635.7
2088.9	14504.9
2088.13	14797.7
2087.35	14705.4
2086.57	14626
2085.79	14841.6
2085.01	15031.5
2084.23	14695.6
2083.45	15039.3
2082.67	15011.2
2081.89	15124.1
2081.11	14980.6
2080.33	14914.1
2079.55	15129.4
2078.77	14832.2
2077.98	15034.7
2077.2	14878.5
2076.42	14760.9
2075.64	14745.6
2074.86	14807.1
2074.08	15175.8
2073.3	15173.2
2072.51	14876.5
2071.73	14899.6
2070.95	15050.6
2070.17	15163.2
2069.39	15224.6
2068.6	15273.1
2067.82	15078.9
2067.04	15012.5
2066.26	14946.2
2065.47	15058.6
2064.69	15196.6
2063.91	15015.3
2063.12	15000.1
2062.34	15189
2061.56	15212
2060.77	15349.9
2059.99	15117.7
2059.2	15127.9
2058.42	15074.4
2057.64	15339.6
2056.85	14967.4
2056.07	15117.8
2055.28	15383
2054.5	15405.9
2053.71	15225
2052.93	15362.6
2052.14	15398.2
2051.36	15319.2
2050.57	15240.3
2049.79	15225
2049	15349.8
2048.22	15398.1
2047.43	15128.4
2046.64	15405.7
2045.86	15441.3
2045.07	15311.6
2044.28	15309
2043.5	15433.6
2042.71	15278.5
2041.92	15314.1
2041.14	15413.2
2040.35	15461.4
2039.56	15700.2
2038.78	15430.9
2037.99	15479.1
2037.2	15311.5
2036.41	15499.4
2035.62	15306.4
2034.84	15468.8
2034.05	15808.8
2033.26	15577.8
2032.47	15372.3
2031.68	15610.7
2030.89	15823.6
2030.11	15706.9
2029.32	15678.9
2028.53	15663.6
2027.74	15382.3
2026.95	15785.1
2026.16	15744.5
2025.37	15602.5
2024.58	15574.6
2023.79	15635.3
2023	15658
2022.21	15718.7
2021.42	15564.2
2020.63	15359.2
2019.84	15660.2
2019.05	15784.1
2018.26	15553.8
2017.47	15778.8
2016.68	15649.8
2015.88	16026.3
2015.09	15973.1
2014.3	15679.9
2013.51	15917.3
2012.72	15965.1
2011.93	15848.8
2011.13	15909.3
2010.34	15843.5
2009.55	16219.5
2008.76	15686.8
2007.96	15911.3
2007.17	15984.3
2006.38	15868.1
2005.59	15991.6
2004.79	16215.9
2004	15860.2
2003.21	16059.2
2002.41	15943.1
2001.62	15978.3
2000.83	16026
2000.03	16136.7
1999.24	16222.1
1998.44	15879.4
1997.65	16292.3
1996.86	16050.4
1996.06	16324.6
1995.27	16019.8
1994.47	16268.8
1993.68	16165.4
1992.88	16213.1
1992.09	16147.5
1991.29	16257.9
1990.5	16355.8
1989.7	16415.9
1988.9	15960.7
1988.11	16347.6
1987.31	16231.8
1986.52	16417.5
1985.72	16100.8
1984.92	16499.9
1984.13	16434.4
1983.33	16356.3
1982.53	16303.4
1981.74	16626.9
1980.94	16461
1980.14	16295.2
1979.35	16631.1
1978.55	16628.3
1977.75	16274.5
1976.95	16647.8
1976.16	16406.9
1975.36	16579.6
1974.56	16764.7
1973.76	16574
1972.96	16408.4
1972.16	16330.5
1971.37	16503.1
1970.57	16462.8
1969.77	16535.1
1968.97	16557.4
1968.17	16854.9
1967.37	16439.2
1966.57	16474
1965.77	16596.3
1964.97	16556
1964.17	16490.7
1963.37	16363
1962.57	16735.2
1961.77	16594.9
1960.97	16929.5
1960.17	16701.8
1959.37	16724
1958.57	16633.8
1957.77	16780.8
1956.97	17002.7
1956.17	16687.8
1955.36	16922.1
1954.56	17031.6
1953.76	16679.4
1952.96	16726.5
1952.16	16773.6
1951.36	16720.9
1950.55	16693.2
1949.75	17201.4
1948.95	16949.3
1948.15	16747.1
1947.34	17093.1
1946.54	17189.9
1945.74	16962.8
1944.94	16972.4
1944.13	17069.2
1943.33	16705.3
1942.53	17113.2
1941.72	17085.5
1940.92	16696.9
1940.11	17241.5
1939.31	17027.1
1938.51	17297.8
1937.7	17096
1936.9	17043.4
1936.09	17239.4
1935.29	17162
1934.48	17171.5
1933.68	17392.2
1932.87	17029.1
1932.07	16976.6
1931.26	17110.3
1930.46	17020.5
1929.65	17265.9
1928.85	17052
1928.04	17198.1
1927.23	17244.8
1926.43	17303.9
1925.62	17226.6
1924.81	17310.5
1924.01	17295.2
1923.2	17131.2
1922.39	17239.8
1921.59	17410.4
1920.78	17357.9
1919.97	17355
1919.17	17092
1918.36	17485.4
1917.55	17333.9
1916.74	17442.4
1915.93	17352.8
1915.13	17238.5
1914.32	17532.6
1913.51	17529.6
1912.7	17365.9
1911.89	17363
1911.08	17298.2
1910.28	17554.9
1909.47	17465.4
1908.66	17623.2
1907.85	17298.9
1907.04	17333.1
1906.23	17466
1905.42	17450.8
1904.61	17398.4
1903.8	17543.6
1902.99	17417.3
1902.18	17587.1
1901.37	17670.5
1900.56	17482.5
1899.75	17590.6
1898.94	17538.3
1898.13	17732.6
1897.31	17766.6
1896.5	17443.1
1895.69	17526.5
1894.88	17622.1
1894.07	17877.9
1893.26	17714.7
1892.45	17637.8
1891.63	17721.1
1890.82	17767.3
1890.01	17949
1889.2	17687.5
1888.38	17955.2
1887.57	17656.9
1886.76	17653.9
1885.95	17909.3
1885.13	17930.8
1884.32	17903.2
1883.51	17875.6
1882.69	17897.2
1881.88	17918.8
1881.06	17780.6
1880.25	17851.3
1879.44	17922
1878.62	18140
1877.81	17670.3
1876.99	17912.9
1876.18	18069.5
1875.36	17735
1874.55	17707.5
1873.73	17876.3
1872.92	18290.4
1872.1	17894.8
1871.29	18014.4
1870.47	18293.4
1869.66	18179.9
1868.84	17980.8
1868.02	18198.3
1867.21	17913.4
1866.39	18265.7
1865.58	17980.9
1864.76	18124.8
1863.94	18036
1863.13	18179.9
1862.31	18127.9
1861.49	18332.9
1860.67	18060.6
1859.86	18204.3
1859.04	18299.1
1858.22	18161.5
1857.4	18256.2
1856.59	18399.9
1855.77	18286.7
1854.95	18027
1854.13	18573.8
1853.31	18350.8
1852.49	18274.4
1851.68	18381.2
1850.86	18353.7
1850.04	18460.5
1849.22	18262
1848.4	18454.2
1847.58	18207.1
1846.76	18618.8
1845.94	18176.5
1845.12	18441.8
1844.3	18377.7
1843.48	18289.2
1842.66	18627.5
1841.84	18709.6
1841.02	18401.8
1840.2	18410.9
1839.38	18505.2
1838.56	18550.8
1837.74	18450.2
1836.91	18349.7
1836.09	18663.1
1835.27	18660
1834.45	18498.6
1833.63	18690.2
1832.81	18455.9
1831.98	18550
1831.16	18559.1
1830.34	18859.9
1829.52	18601.4
1828.69	18586.1
1827.87	18692.3
1827.05	18664.9
1826.22	18588.8
1825.4	18804.3
1824.58	18728.3
1823.75	18603.7
1822.93	18600.5
1822.11	18755.2
1821.28	18533.5
1820.46	18785.2
1819.64	19133.9
1818.81	19057.9
1817.99	19006.1
1817.16	18699.7
1816.34	18854.2
1815.51	18596.4
1814.69	18884.2
1813.86	18626.5
1813.04	18647.5
1812.21	18741.3
1811.39	18665.5
1810.56	18952.9
1809.73	19010.3
1808.91	18958.6
1808.08	18846.5
1807.26	18722.2
1806.43	19033.7
1805.6	18897.4
1804.78	18845.8
1803.95	19072.4
1803.12	18694.3
1802.29	19174.7
1801.47	18941.8
1800.64	18684.8
1799.81	18874.9
1798.98	18992.6
1798.16	18953.1
1797.33	18925.7
1796.5	19151.9
1795.67	19088.3
1794.84	19012.7
1794.02	19142.2
1793.19	18970
1792.36	19171.9
1791.53	19229
1790.7	19201.6
1789.87	19174.2
1789.04	19303.6
1788.21	19047.1
1787.38	19128.3
1786.55	19293.7
1785.72	19182
1784.89	19202.9
1784.06	19392.3
1783.23	19461.3
1782.4	19313.5
1781.57	19225.9
1780.74	19270.8
1779.91	19436
1779.08	19240.2
1778.25	19429.4
1777.42	19642.6
1776.58	19374.7
1775.75	19635.9
1774.92	19548.4
1774.09	19629.3
1773.26	19650
1772.42	22734.8
1771.59	24112.6
1770.76	19639.9
1769.93	19528.5
1769.09	19213
1768.26	19533.9
1767.43	19458.5
1766.6	19563.2
1765.76	19667.9
1764.93	19592.6
1764.09	19649.2
1763.26	19669.9
1762.43	19738.5
1761.59	19819
1760.76	19779.7
1759.92	19848.3
1759.09	19844.9
1758.26	19781.6
1757.42	19694.4
1756.59	19786.8
1755.75	19723.6
1754.92	19744.2
1754.08	19932.4
1753.24	19641.7
1752.41	19841.8
1751.57	19742.7
1750.74	19966.6
1749.9	19532.6
1749.07	19888.1
1748.23	19753.2
1747.39	19702
1746.56	19961.6
1745.72	19814.8
1744.88	19608.3
1744.05	20011.1
1743.21	19828.5
1742.37	19849
1741.53	20060.6
1740.7	19961.7
1739.86	19934.4
1739.02	20098.1
1738.18	20011.1
1737.34	20103.2
1736.51	19980.4
1735.67	19929.3
1734.83	20033.3
1733.99	20149.1
1733.15	20348.3
1732.31	20106.4
1731.47	20103
1730.63	20135.3
1729.79	19893.6
1728.95	20033.2
1728.11	19910.7
1727.27	20145.4
1726.43	20308.6
1725.59	20186.1
1724.75	20182.7
1723.91	20286.3
1723.07	20092.5
1722.23	20255.6
1721.39	20204.6
1720.55	20141.7
1719.71	20031.3
1718.87	20336.9
1718.03	20167
1717.18	20246.8
1716.34	20041.3
1715.5	20382.4
1714.66	20367
1713.82	20339.8
1712.97	20360.1
1712.13	20415.9
1711.29	20566.7
1710.45	20219.1
1709.6	20144.5
1708.76	20532.5
1707.92	20208.7
1707.07	20561
1706.23	20427.1
1705.39	20672.5
1704.54	20609.7
1703.7	20689.2
1702.85	20993.7
1702.01	20516.3
1701.17	20631.2
1700.32	20592.1
1699.48	20683.3
1698.63	20265.5
1697.79	20522.4
1696.94	20637.2
1696.1	20645.5
1695.25	20642
1694.41	20330.9
1693.56	20457.5
1692.71	20454
1691.87	20568.8
1691.02	20671.6
1690.18	20467.2
1689.33	20747.2
1688.48	20637.4
1687.64	20669.3
1686.79	20665.7
1685.94	20626.8
1685.1	20635.1
1684.25	20572.5
1683.4	20521.8
1682.55	20801.4
1681.71	20691.7
1680.86	20664.6
1680.01	20531.3
1679.16	20539.6
1678.31	20689.3
1677.47	20956.9
1676.62	20670.5
1675.77	20773
1674.92	20592.7
1674.07	20730.5
1673.22	20832.9
1672.37	20982.4
1671.52	21014.2
1670.67	20528
1669.82	20948.1
1668.97	20826.9
1668.12	20940.9
1667.27	20890.3
1666.42	20886.7
1665.57	20871.4
1664.72	20667.9
1663.87	21134.6
1663.02	20731.4
1662.17	20962.8
1661.32	20924
1660.47	20920.4
1659.62	21245.7
1658.76	21136.3
1657.91	20804
1657.06	21046.9
1656.21	21066.8
1655.36	20934.1
1654.5	20930.5
1653.65	21149.8
1652.8	21216.5
1651.95	21423.9
1651.09	21033.4
1650.24	21299.4
1649.39	20979.3
1648.53	21303.8
1647.68	21487.6
1646.83	21284.8
1645.97	21105.4
1645.12	21453.1
1644.26	21589.9
1643.41	21258.4
1642.56	21395.2
1641.7	21602.2
1640.85	21586.8
1639.99	21489.5
1639.14	21801.6
1638.28	21774.5
1637.43	21700.6
1636.57	22187.8
1635.72	21845.1
1634.86	22554.2
1634	22164.7
1633.15	22044.1
1632.29	21935.2
1631.43	22456.9
1630.58	22336.3
1629.72	22344.1
1628.87	22562.1
1628.01	22651.5
1627.15	22087.6
1626.29	22305.4
1625.44	22371.6
1624.58	22251.1
1623.72	22352.2
1622.86	22511.6
1622.01	22251.3
1621.15	22329
1620.29	22127.1
1619.43	22263.1
1618.57	21991.4
1617.71	22208.9
1616.86	22123.5
1616	22003.3
1615.14	22046.1
1614.28	22065.6
1613.42	22213
1612.56	22523.3
1611.7	22356.6
1610.84	22294.6
1609.98	22523.3
1609.12	22368.3
1608.26	22271.5
1607.4	22221.1
1606.54	22101.1
1605.68	22503.9
1604.82	22302.6
1603.96	22345.2
1603.09	22364.6
1602.23	22500
1601.37	22658.7
1600.51	22492.3
1599.65	22743.7
1598.79	22554.2
1597.92	22770.7
1597.06	22708.8
1596.2	23017.9
1595.34	23164.7
1594.47	22975.2
1593.61	23562.3
1592.75	23824.8
1591.89	24191.5
1591.02	24558
1590.16	25908.8
1589.29	26217
1588.43	27266.1
1587.57	27481.3
1586.7	28911.8
1585.84	28686.9
1584.97	28971.2
1584.11	29648.7
1583.25	29770.8
1582.38	29788.8
1581.52	29575.6
1580.65	29639.8
1579.79	30339.7
1578.92	30588.7
1578.06	31091.8
1577.19	31744.9
1576.32	32686.6
1575.46	33477.7
1574.59	33829.9
1573.73	33570.1
1572.86	33529.6
1571.99	32381.4
1571.13	31706.6
1570.26	30709
1569.39	29584.9
1568.52	28541.9
1567.66	27845.2
1566.79	27044.9
1565.92	26452.4
1565.05	25514.4
1564.19	25268
1563.32	24975.7
1562.45	24625.8
1561.58	24080.3
1560.71	24087.6
1559.84	23715.1
1558.98	23480.8
1558.11	23281.1
1557.24	23553.2
1556.37	23353.6
1555.5	23223
1554.63	23483.5
1553.76	22801
1552.89	23107.5
1552.02	23206.9
1551.15	22973.1
1550.28	22831.2
1549.41	23080
1548.54	22754.4
1547.67	22807.9
1546.8	23136.9
1545.93	22857.4
1545.06	22910.8
1544.18	22906.9
1543.31	22845.5
1542.44	23139.9
1541.57	23101.5
1540.7	23212.1
1539.82	22852.7
1538.95	22837.2
1538.08	22695.7
1537.21	22921
1536.33	23111.9
1535.46	22729.8
1534.59	22691.5
1533.72	22939.5
1532.84	22775.2
1531.97	23194.9
1531.1	22721.6
1530.22	22546
1529.35	22885.3
1528.47	22606.8
1527.6	22728.7
1526.72	22633.3
1525.85	22743.7
1524.98	22545.4
1524.1	22873
1523.23	22811.9
1522.35	22659.4
1521.48	23078.2
1520.6	23028.5
1519.72	22864.6
1518.85	22837.8
1517.97	22685.4
1517.1	22852.7
1516.22	22848.7
1515.34	22787.7
1514.47	22635.4
1513.59	22688.6
1512.71	22901.3
1511.84	22920.1
1510.96	22585.5
1510.08	22946.4
1509.21	22760.1
1508.33	22721.9
1507.45	22535.7
1506.57	22702.6
1505.69	22778.4
1504.82	22933.9
1503.94	22485.9
1503.06	22743.8
1502.18	22580.5
1501.3	22815.6
1500.42	22891.2
1499.54	22898.6
1498.66	22769.6
1497.79	22640.5
1496.91	22784.4
1496.03	22860
1495.15	23128.8
1494.27	22920.3
1493.39	22711.8
1492.51	22980.4
1491.63	23101.4
1490.74	23188.2
1489.86	23150.1
1488.98	23066.6
1488.1	23550.7
1487.22	23183.5
1486.34	23361
1485.46	23538.4
1484.58	23659.1
1483.69	23689
1482.81	23730.2
1481.93	23635.4
1481.05	23744.6
1480.17	23536.5
1479.28	23192.5
1478.4	23290.4
1477.52	23252.4
1476.63	23169.1
1475.75	23221.7
1474.87	23138.4
1473.98	22840.1
1473.1	23164.3
1472.22	23397.9
1471.33	23337.2
1470.45	23412.4
1469.56	23419.6
1468.68	23720.8
1467.79	24067.1
1466.91	24255
1466.02	24002.2
1465.14	24167.5
1464.25	24637.8
1463.37	24475.3
1462.48	24595.3
1461.6	24602.3
1460.71	24654.5
1459.83	24492.2
1458.94	24657.2
1458.05	23806.7
1457.17	24062
1456.28	23775.8
1455.39	24076.1
1454.51	23699.9
1453.62	23571.8
1452.73	23950.9
1451.85	23856.5
1450.96	23480.6
1450.07	23701.8
1449.18	23573.7
1448.29	23085.4
1447.41	23655.6
1446.52	23595.2
1445.63	23456
1444.74	23496.9
1443.85	23706.6
1442.96	23736.2
1442.07	23642.1
1441.18	23480.6
1440.3	23712.6
1439.41	23809.6
1438.52	23603.1
1437.63	23688.9
1436.74	23572.4
1435.85	23602
1434.96	23575.4
1434.06	23773.5
1433.17	23735.6
1432.28	23394.7
1431.39	23693.7
1430.5	23319.2
1429.61	23820.1
1428.72	23658.8
1427.83	23643.5
1426.94	23426.3
1426.04	23758.6
1425.15	23619.9
1424.26	23638.2
1423.37	23555.6
1422.47	24022.1
1421.58	23614.6
1420.69	23655.3
1419.8	23796.7
1418.9	23647
1418.01	23978.7
1417.12	23627.6
1416.22	23757.7
1415.33	23798.3
1414.43	24073.8
1413.54	23812.4
1412.65	23797
1411.75	23558.1
1410.86	24012.3
1409.96	23874
1409.07	24059.8
1408.17	23832.1
1407.28	23716.2
1406.38	23846.1
1405.49	23953.6
1404.59	23815.4
1403.7	23867.1
1402.8	24108.5
1401.9	23936.9
1401.01	23932.7
1400.11	23783.5
1399.21	23980.1
1398.32	23953.6
1397.42	23815.6
1396.52	23911.7
1395.63	23684.6
1394.73	23992.5
1393.83	24133.2
1392.93	23917.3
1392.04	23957.7
1391.14	24053.7
1390.24	24183.1
1389.34	24212.2
1388.44	23940.9
1387.54	23958.9
1386.65	23899.1
1385.75	24106.3
1384.85	24235.5
1383.95	24042.3
1383.05	23837.9
1382.15	24356.2
1381.25	23985.2
1380.35	24069.9
1379.45	24265.6
1378.55	24050.3
1377.65	23957.2
1376.75	24341.7
1375.85	24137.6
1374.95	24222.2
1374.05	24184.6
1373.15	24235.9
1372.24	24109.6
1371.34	24515.8
1370.44	24711.1
1369.54	24496.1
1368.64	25046.2
1367.73	24908.8
1366.83	24926.6
1365.93	25343.3
1365.03	25161.6
1364.13	25079.6
1363.22	25252.4
1362.32	25259.1
1361.42	24944.6
1360.51	24962.4
1359.61	25135.1
1358.71	24920.4
1357.8	25093.1
1356.9	24613
1355.99	24741.4
1355.09	24814.5
1354.18	24577.9
1353.28	24695.2
1352.38	24757.2
1351.47	25106.5
1350.57	24615.9
1349.66	24501.1
1348.75	24552.1
1347.85	24591.9
1346.94	24355.7
1346.04	24616.4
1345.13	24965.2
1344.22	24696
1343.32	24349.7
1342.41	24676.3
1341.51	24649.9
1340.6	24700.7
1339.69	24927.9
1338.78	24813.3
1337.88	24764.9
1336.97	25025
1336.06	24668
1335.15	24994.1
1334.25	24978.7
1333.34	24985.3
1332.43	25212.2
1331.52	24932.5
1330.61	24983.2
1329.7	25143.8
1328.79	24985.4
1327.89	24970
1326.98	25009.6
1326.07	25049.2
1325.16	25264.7
1324.25	25205.2
1323.34	25046.9
1322.43	25086.5
1321.52	25521.5
1320.61	25121.6
1319.7	25677.3
1318.79	25376.3
1317.88	25547.5
1316.96	25652.8
1316.05	26120.2
1315.14	26313.1
1314.23	26341.4
1313.32	26545.1
1312.41	26913.3
1311.49	27106
1310.58	26783.3
1309.67	26570.3
1308.76	26225.9
1307.85	25903.5
1306.93	25636
1306.02	25467.1
1305.11	25484.6
1304.19	25250.1
1303.28	25344.2
1302.37	25120.8
1301.45	25094.5
1300.54	25101
1299.62	25020
1298.71	24971.9
1297.8	25372.1
1296.88	25116.1
1295.97	24871.2
1295.05	24943.3
1294.14	25157.5
1293.22	24923.6
1292.31	24700.7
1291.39	25045.9
1290.47	25194.4
1289.56	25015.2
1288.64	25130.9
1287.73	24951.8
1286.81	25143.8
1285.89	24648.4
1284.98	24938.6
1284.06	24836
1283.14	24973.4
1282.23	24990.8
1281.31	24866.5
1280.39	24992.9
1279.47	25130.2
1278.56	25038.5
1277.64	24903.4
1276.72	24757.4
1275.8	25090.6
1274.88	25587
1273.96	24787.8
1273.05	25022.9
1272.13	24942.3
1271.21	25166.4
1270.29	25303.4
1269.37	24853
1268.45	25174.8
1267.53	25279.1
1266.61	24883.3
1265.69	25009.3
1264.77	25407
1263.85	24935.3
1262.93	25039.5
1262.01	25317.5
1261.09	25280.4
1260.17	25091.4
1259.25	25369.2
1258.32	24984.8
1257.4	25186.6
1256.48	25344.9
1255.56	25459.7
1254.64	25639.6
1253.71	25570
1252.79	25663
1251.87	25907.8
1250.95	26022.5
1250.02	26180.4
1249.1	26013.2
1248.18	26366.1
1247.25	26069
1246.33	25923.6
1245.41	25994.8
1244.48	26011.9
1243.56	25780
1242.64	25883.6
1241.71	25825
1240.79	25777.1
1239.86	25350.8
1238.94	26027.5
1238.01	25947.2
1237.09	25769.7
1236.16	25840.8
1235.24	26009.1
1234.31	26123.3
1233.39	26410.3
1232.46	26124.9
1231.53	26919.3
1230.61	26666.2
1229.68	26499.6
1228.75	26861.8
1227.83	27202.3
1226.9	26949.4
1225.97	26912.2
1225.05	27112.4
1224.12	26676.3
1223.19	26995
1222.26	26731.5
1221.34	26737.5
1220.41	26344.9
1219.48	26264.8
1218.55	25958.5
1217.62	25921.6
1216.69	25594
1215.76	25772.5
1214.84	25843.2
1213.91	25537.3
1212.98	25769.5
1212.05	25496
1211.12	25792.6
1210.19	24949.3
1209.26	25396.4
1208.33	25456.4
1207.4	25290.7
1206.47	25468.9
1205.54	25389.1
1204.6	25137.5
1203.67	25401.6
1202.74	24913.8
1201.81	25467.7
1200.88	25280.7
1199.95	25437.2
1199.02	25250.3
1198.08	25256.5
1197.15	25606
1196.22	25344.1
1195.29	25446.8
1194.35	25356.5
1193.42	25427
1192.49	25519
1191.56	25675.2
1190.62	25627.8
1189.69	25751.8
1188.75	25436.6
1187.82	28130.5
1186.89	27943.5
1185.95	25530.1
1185.02	25664.7
1184.08	25381.9
1183.15	25580.6
1182.21	25597.5
1181.28	25421.8
1180.34	25385.2
1179.41	25241.7
1178.47	25344.1
1177.54	25425.1
1176.6	25132.1
1175.67	25501.5
1174.73	25529
1173.79	25492.4
1172.86	25114.2
1171.92	25611.5
1170.98	25478.8
1170.05	25335.6
1169.11	25576.5
1168.17	25241.2
1167.23	25300.7
1166.3	25178.9
1165.36	25281
1164.42	25137.9
1163.48	25176.1
1162.54	25395.4
1161.61	25295
1160.67	25088.1
1159.73	25339.2
1158.79	25345.4
1157.85	25042.7
1156.91	25559.9
1155.97	25448.9
1155.03	25518.9
1154.09	25386.6
1153.15	25477.9
1152.21	25409.5
1151.27	25798.4
1150.33	25517.4
1149.39	25449.1
1148.45	25795.3
1147.51	25865
1146.57	25467.3
1145.62	26057.7
1144.68	25819.3
1143.74	25581.1
1142.8	25449.2
1141.86	25646.3
1140.92	25525
1139.97	25573.5
1139.03	25866
1138.09	25596.2
1137.14	25390.1
1136.2	25587.1
1135.26	25412.9
1134.31	25461.3
1133.37	25403.8
1132.43	25261.5
1131.48	25500.7
1130.54	25358.4
1129.6	25502.1
1128.65	25730.5
1127.71	25556.6
1126.76	25647.3
1125.82	25610.9
1124.87	25532.3
1123.93	25644.1
1122.98	25417.4
1122.04	25317.7
1121.09	25260.3
1120.14	25583.5
1119.2	25504.9
1118.25	25616.6
1117.31	25833.9
1116.36	25734.2
1115.41	25814.1
1114.46	25556.1
1113.52	25826
1112.57	25863.6
1111.62	25901.2
1110.68	25843.8
1109.73	25723.1
1108.78	25676.3
1107.83	25787.8
1106.88	25593.3
1105.93	25862.9
1104.99	26111.3
1104.04	25537.5
1103.09	25785.8
1102.14	26002.4
1101.19	25818.7
1100.24	25772
1099.29	25704.2
1098.34	26015.4
1097.39	25789.7
1096.44	25585.1
1095.49	25864.6
1094.54	26070.4
1093.59	25865.9
1092.64	25798.2
1091.69	25793.6
1090.74	25904.6
1089.78	25679.2
1088.83	25968.9
1087.88	25585.9
1086.93	26127.7
1085.98	25839.4
1085.03	25740.2
1084.07	25945.6
1083.12	25920
1082.17	25789.4
1081.21	25994.6
1080.26	25927
1079.31	26027.3
1078.36	26054.1
1077.4	25808.2
1076.45	25740.7
1075.49	25694.1
1074.54	25846.7
1073.59	25737.3
1072.63	26214.7
1071.68	25969
1070.72	25838.7
1069.77	25959.7
1068.81	25923.6
1067.86	25908.5
1066.9	25663.2
1065.95	25930.6
1064.99	25737.7
1064.03	25816.7
1063.08	26188.6
1062.12	26163
1061.16	25750.5
1060.21	26111.8
1059.25	25689
1058.29	25914.3
1057.34	26087.3
1056.38	25717
1055.42	26088.4
1054.46	26031.5
1053.51	25911.9
1052.55	26022.1
1051.59	25944.4
1050.63	25908.4
1049.67	26488
1048.71	26128.6
1047.76	26259.5
1046.8	26087.9
1045.84	26177.1
1044.88	25974.3
1043.92	25865.4
1042.96	26162.9
1042	26304.1
1041.04	25955.6
1040.08	26075.9
1039.12	26133.7
1038.16	26347.6
1037.2	26238.8
1036.24	25921.9
1035.27	26229.4
1034.31	26120.6
1033.35	25907.9
1032.39	26589.6
1031.43	26449.7
1030.47	26133
1029.5	26128.3
1028.54	26289.9
1027.58	26243.6
1026.62	26457
1025.65	26369.2
1024.69	26302.1
1023.73	26204
1022.76	26199.2
1021.8	26204.9
1020.84	26252.1
1019.87	26558.6
1018.91	26823.5
1017.94	26517.9
1016.98	26751.6
1016.02	26985.2
1015.05	27094.4
1014.09	26799.3
1013.12	26742.7
1012.16	26945.1
1011.19	26339.5
1010.22	26614.3
1009.26	26475
1008.29	26594.4
1007.33	26330.9
1006.36	26553.8
1005.39	26538.6
1004.43	26523.5
1003.46	26291.2
1002.49	26420.9
1001.53	26323.1
1000.56	26163.3
999.591	26809.7
998.623	26308.8
997.655	26407.4
996.687	26216.7
995.719	26697.4
994.75	26506.7
993.782	26749.7
992.813	26641.7
991.844	26296.3
990.875	26590.8
989.906	26462.2
988.936	26632.8
987.966	26782.6
986.997	26839.7
986.027	26556.5
985.056	26407.4
984.086	26722.1
983.115	26624.5
982.145	26547.6
981.174	26573.7
980.203	26857.3
979.232	26677.4
978.26	26322.6
977.289	26626.6
976.317	26714.4
975.345	26709.6
974.373	26715
973.4	26483.9
972.428	26592.3
971.455	26782.8
970.483	26716.3
969.51	26701.2
968.536	27014.9
967.563	26784
966.59	26840.8
965.616	26640.8
964.642	26954.3
963.668	26826.2
962.694	26934.3
961.719	26775.5
960.745	26462.8
959.77	26724.8
958.795	27037.9
957.82	26992
956.845	26946.1
955.869	26941.2
954.894	26710.9
953.918	26829
952.942	26598.7
951.966	26829.5
950.989	26927.1
950.013	26932.5
949.036	27030
948.059	26912.5
947.082	27091.8
946.105	26964.1
945.128	26826.3
944.15	27015.8
943.172	27062
942.194	26862.8
941.216	27154.4
940.238	27057.5
939.259	27144.6
938.281	26894.4
937.302	27185.9
936.323	26608.9
935.344	26777.7
934.364	26844.3
933.385	26788.4
932.405	26875.4
931.425	26972.6
930.445	26569.8
929.465	26962.8
928.485	26743.8
927.504	27024.5
926.523	26846.2
925.542	27045.2
924.561	26867.1
923.58	26607.4
922.598	27142.6
921.617	26984.9
920.635	26908.7
919.653	26873.3
918.671	27051.7
917.688	26955.1
916.706	27092.7
915.723	27006.4
914.74	26950.6
913.757	26976.3
912.774	26971.4
911.79	26793.6
910.807	26951.4
909.823	27424.3
908.839	27541.2
907.855	27475.3
906.87	27805.5
905.886	27770
904.901	27582.2
903.916	27323.3
902.931	27389.4
901.946	27343.9
900.961	27562.1
899.975	27567.3
898.989	27623.1
898.003	27506.6
897.017	27369.7
896.031	27547.3
895.044	27217.9
894.058	27446
893.071	27126.9
892.084	27253.7
891.097	27684.3
890.109	27203.3
889.122	27117.3
888.134	27142.8
887.146	27036.6
886.158	27497.2
885.17	27138.1
884.181	27639
883.193	27128.2
882.204	27264.9
881.215	27371.1
880.226	27497.6
879.236	27381.4
878.247	27467.3
877.257	27462.3
876.267	27598.8
875.277	27876.6
874.287	27952.3
873.296	28401.5
872.306	28618.4
871.315	28744.4
870.324	28890.6
869.333	28774.3
868.341	28516.9
867.35	29419.4
866.358	30019.1
865.366	31132.7
864.374	32256
863.382	32592.8
862.39	32727.9
861.397	31482.8
860.404	30479.9
859.411	29296
858.418	28303.9
857.425	28238.4
856.431	27921.2
855.438	27694.7
854.444	27448.2
853.45	27584
852.455	27468.3
851.461	27413.1
850.466	27196.9
849.472	27171.9
848.477	27267.4
847.481	27212.2
846.486	27317.7
845.491	27202.3
844.495	27247.5
843.499	27202.4
842.503	27177.3
841.507	27373.1
840.51	26996.8
839.514	27202.6
838.517	26936.8
837.52	27303
836.523	26806.6
835.526	27042.4
834.528	27077.5
833.53	27263
832.533	27027.6
831.534	27233.1
830.536	26987.7
829.538	27123
828.539	27298.3
827.54	27002.9
826.541	27308.3
825.542	27113.2
824.543	27368.4
823.543	27163.3
822.544	27458.4
821.544	27293.4
820.544	27278.4
819.544	26903.5
818.543	27258.4
817.543	27153.5
816.542	26948.7
815.541	27143.6
814.54	26958.8
813.538	26824.1
812.537	27228.5
811.535	27433.2
810.533	27118.8
809.531	27363.3
808.529	27328.4
807.526	27343.3
806.524	27308.4
805.521	27323.3
804.518	27338.3
803.515	27393.1
802.511	27328.3
801.508	27233.6
800.504	27547.4
799.5	27283.4
798.496	27119.1
797.492	27134
796.487	27517.3
795.483	27601.9
794.478	27417.7
793.473	27283.3
792.468	27198.7
791.462	27422.5
790.457	27337.9
789.451	27432.4
788.445	27407.4
787.439	27432.2
786.433	27516.7
785.426	27581.2
784.42	27447
783.413	27561.1
782.406	27397.2
781.399	27422
780.391	27863.6
779.384	27739.4
778.376	27784
777.368	27759
776.36	28001.9
775.351	28195.1
774.343	27971.8
773.334	27887.4
772.325	28060.7
771.316	28124.9
770.307	27852.2
769.297	28590.1
768.288	28396.7
767.278	28441
766.268	28336.7
765.258	28183.1
764.247	28742
763.237	28687.3
762.226	28771.1
761.215	28904.3
760.204	29195.7
759.193	28765.1
758.181	28888.4
757.17	28744.7
756.158	28877.8
755.146	28902.1
754.134	28491.7
753.121	28614.9
752.109	28283.8
751.096	28140.3
750.083	28451.1
749.07	28327.4
748.056	28006.4
747.043	28011.1
746.029	27739.6
745.015	27941.7
744.001	28321.1
742.987	28010.3
741.972	28015
740.958	28059.1
739.943	27955.4
738.928	27979.8
737.913	27935.3
736.897	27664.3
735.882	27649.3
734.866	27742.7
733.85	27826.2
732.834	27683.3
731.818	27855.3
730.801	27663.3
729.784	28041.8
728.767	27672.7
727.75	27648
726.733	27839.5
725.716	27765.6
724.698	27907.9
723.68	27814.3
722.662	27946.7
721.644	27686.2
720.626	27691
719.607	27597.5
718.588	27749.5
717.569	27999.5
716.55	27562.6
715.531	27822.4
714.511	27719.2
713.492	27890.7
712.472	27856.1
711.452	27762.7
710.432	27630.2
709.411	27928.9
708.39	27855.2
707.37	28055.8
706.349	27658.8
705.327	27741.9
704.306	27893.4
703.284	27790.4
702.263	27814.6
701.241	27711.6
700.219	28058.7
699.196	27936.2
698.174	28009.3
697.151	27955.2
696.128	27715.4
695.105	27651.7
694.082	27930
693.058	27788
692.035	27734.1
691.011	27523.8
689.987	27694.5
688.963	28206.9
687.938	27860
686.914	28059.8
685.889	27840
684.864	27669
683.839	28005.3
682.813	28019.6
681.788	28112
680.762	28506.5
679.736	28559.7
678.71	28690.9
677.684	28987.6
676.657	29274.5
675.631	29093.8
674.604	29234.5
673.577	29355.7
672.549	29126.4
671.522	28867.9
670.494	28697.2
669.466	28312.4
668.438	28715.8
667.41	28710.4
666.382	28744
665.353	28631.8
664.325	28714
663.296	28222.7
662.266	28557.6
661.237	28766.1
660.208	28721.9
659.178	28687.4
658.148	28721
657.118	28832.2
656.088	28545.4
655.057	28840.9
654.026	28622.1
652.996	28917.5
651.964	28252.7
650.933	28984.4
649.902	29153.6
648.87	28741.1
647.838	29094.3
646.806	29205.2
645.774	28957.6
644.742	29301
643.709	29063.1
642.676	29251.4
641.643	29304.1
640.61	29414.8
639.577	29419
638.543	29403.9
637.51	29175.9
636.476	29025.5
635.442	29281.2
634.407	29246.8
633.373	29164
632.338	29448.5
631.303	29085.6
630.268	29147.8
629.233	29190.7
628.197	29185.3
627.162	29073.7
626.126	29193.8
625.09	29391.1
624.054	28806.6
623.017	28830.2
621.981	28988.8
620.944	28906.3
619.907	28737
618.87	28895.6
617.832	28427.5
616.795	29000.5
615.757	28725.3
614.719	29124.6
613.681	28772.5
612.643	28497.5
611.604	28415.2
610.565	28843.1
609.526	28491.2
608.487	28486
607.448	28625
606.409	28619.7
605.369	28845.2
604.329	28791.8
603.289	28978.7
602.249	29492.4
601.208	30486.5
600.168	30769.1
599.127	31195.8
598.086	31122.7
597.044	30483.1
596.003	29728.5
594.961	29521.3
593.92	29227.9
592.878	28857.8
591.835	28929.2
590.793	28962.2
589.75	28707.4
588.708	28807.6
587.665	28706.3
586.621	28787.3
585.578	29146.1
584.535	28709.5
583.491	28809.5
582.447	28660.5
581.403	28818
580.358	28927.5
579.314	28701.9
578.269	28696.6
577.224	28901.8
576.179	28714.6
575.134	28938.9
574.088	28723.1
573.043	28899.4
571.997	29056.6
570.951	28630.6
569.904	28739.9
568.858	28533.9
567.811	28471.3
566.764	29096.4
565.717	32548.3
564.67	28951.9
563.623	28822.4
562.575	28788.4
561.527	28945.3
560.479	28873.1
559.431	29268.4
558.382	29320.2
557.334	29724.8
556.285	29919.5
555.236	29942.5
554.187	30470.7
553.137	30731.8
552.088	31259.6
551.038	31806.3
549.988	32600.4
548.938	33118
547.887	33597.4
546.837	34076.6
545.786	34241.5
544.735	34663.3
543.684	34143.1
542.633	33042.9
541.581	31943.2
540.529	31119.5
539.477	30467.3
538.425	30071.9
537.373	29809.7
536.32	29908.7
535.268	29627.6
534.215	29280.2
533.161	29084.8
532.108	29468.7
531.055	29083.5
530.001	28992.6
528.947	28740.5
527.893	28858.5
526.839	28606.5
525.784	28487.3
524.729	29212.1
523.674	28827.5
522.619	28537.7
521.564	28437.6
520.509	28517.6
519.453	28417.6
518.397	28402.8
517.341	28501.6
516.285	28382.7
515.228	28718.1
514.172	28154.4
513.115	28395.2
512.058	28664.2
511	28214.3
509.943	28426.5
508.885	28194.3
507.827	28066.1
506.769	28098.7
505.711	28273
504.653	28144.9
503.594	28281.3
502.535	27926.6
501.476	28119.7
500.417	28171
499.357	28203.5
498.298	27877.4
497.238	27551.4
496.178	28046.2
495.118	28003.2
494.057	27941.4
492.997	27823
491.936	28100.6
490.875	27595.8
489.813	27807.4
488.752	27905.8
487.69	28098.4
486.629	27773
485.567	27730.1
484.504	27753.1
483.442	27729.1
482.379	27629.8
481.316	27765.8
480.253	27817
479.19	27943.5
478.127	27806.6
477.063	27472.3
475.999	28003
474.935	27697
473.871	27936.1
472.807	27714.8
471.742	27606.3
470.677	27713.8
469.612	27764.9
468.547	27703.4
467.482	27932.9
466.416	28087.2
465.35	28044.4
464.284	27898.4
463.218	27940.1
462.152	27887.9
461.085	27835.8
460.018	28008.7
458.951	28247.1
457.884	27838.9
456.817	27964.8
455.749	28212.5
454.681	27870.1
453.613	28052.1
452.545	27840.9
451.477	27676.5
450.408	28139.2
449.339	28012.3
448.27	28081.9
447.201	28151.4
446.131	27949.8
445.062	27860.4
443.992	27901.9
442.922	27784.5
441.852	27844.7
440.781	27979.6
439.711	27806.2
438.64	28062.5
437.569	28122.6
436.498	28070.6
435.426	27860
434.355	28106.7
433.283	27821.5
432.211	28264.1
431.138	28025.6
430.066	28039
428.993	28294.7
427.921	28354.7
426.848	28032.5
425.774	28139
424.701	28003.3
423.627	28081.9
422.553	27983.4
421.479	27792
420.405	28093.9
419.331	28014.2
418.256	27990.3
417.181	28031.6
416.106	27886.8
415.031	28225.6
413.955	27987.8
412.88	28029.1
411.804	27921.5
410.728	28148.6
409.651	28078.3
408.575	28110.1
407.498	28234.9
406.421	28368.9
405.344	28697.7
404.267	28952.2
403.189	29030.3
402.112	28959.9
401.034	28240.1
399.956	28253.3
398.877	27960.5
397.799	27973.8
396.72	28079.8
395.641	28269.1
394.562	27781.9
393.483	27637.7
392.403	27780.7
391.324	27821.8
390.244	27659.1
389.164	27987.2
388.083	27685.7
387.003	27615.7
385.922	27703
384.841	27660.8
383.76	27683.3
382.678	27622.6
381.597	27839.3
380.515	27639.9
379.433	27699.4
378.351	27426.2
377.269	27587.3
376.186	27748.4
375.103	27558.4
374.02	27248.5
372.937	27658.8
371.854	27515.1
370.77	27482.3
369.686	27652.4
368.602	28016.2
367.518	27844.8
366.434	27793.5
365.349	27908.1
364.264	28207
363.179	28201.7
362.094	28408.3
361.008	29075.5
359.923	28692.3
358.837	28594.8
357.751	28653.8
356.664	28676
355.578	28670.6
354.491	28214.3
353.404	28825.4
352.317	28516.4
351.23	29246.8
350.142	29232
349.055	29226.5
347.967	29092.3
346.879	28811.1
345.79	28750.5
344.702	27881.5
343.613	27756.8
342.524	27742.4
341.435	27480.1
340.346	27566.7
339.256	27855.2
338.166	27345.2
337.076	27404.2
335.986	27224.8
334.896	27283.8
333.805	27251.1
332.714	27429.3
331.623	27387.5
330.532	27299.8
329.441	27432.1
328.349	27234.5
327.257	27348.4
326.165	27407.3
325.073	27274
323.981	27278
322.888	27309.4
321.795	27240.2
320.702	27381.4
319.609	27367
318.515	27718.5
317.421	27365.8
316.328	27662.3
315.233	27163.5
314.139	27761.5
313.045	27399.9
311.95	27851.4
310.855	27645.2
309.76	27694.8
308.664	27716.9
307.569	27419.6
306.473	26939.8
305.377	27098.9
304.281	27194.1
303.184	27006.6
302.088	27074.4
300.991	26959.9
299.894	27210
298.797	26922.3
297.699	27099.4
296.602	26984.9
295.504	26797.6
294.406	26974.7
293.307	26851.2
292.209	27301.3
291.11	26959.3
290.011	27127.1
288.912	26830.8
287.813	27162.3
286.713	27002.5
285.614	27170.2
284.514	27601.4
283.414	27641.6
282.313	27927.2
281.213	28012.7
280.112	28452.5
279.011	28810.4
277.91	29041.1
276.808	29108.2
275.707	28857.5
274.605	29224.2
273.503	28383.8
272.401	27988.3
271.298	28291.4
270.195	28168.1
269.093	28616.1
267.989	29136.4
266.886	29656.6
265.783	29823.1
264.679	29672.5
263.575	29223
262.471	28846.1
261.367	28505.6
260.262	28418.7
259.157	28567.1
258.052	28760.8
256.947	29225.8
255.842	29971.1
254.736	31412.6
253.63	32102.9
252.524	32838.2
251.418	32452.3
250.312	30620.4
249.205	29485.1
248.098	28567
246.991	28073.8
245.884	27409.2
244.776	27205.3
243.668	27254.3
242.56	27104.7
241.452	27207.8
240.344	27166.5
239.235	27071.1
238.127	27156.2
237.018	27250.2
235.908	27497.4
234.799	27239.8
233.689	26766
232.58	27202.4
231.47	26963
230.359	26651.6
229.249	26277.3
228.138	26245.3
227.027	26339.3
225.916	26361.2
224.805	26131.3
223.693	26261.2
222.582	26220.2
221.47	26035.4
220.357	26174.3
219.245	26421
218.133	25867.7
217.02	25934.6
215.907	26109.4
214.794	25915.7
213.68	26135.3
212.566	26049.5
211.453	26188.2
210.338	26039.6
209.224	25989.7
208.11	25616.9
206.995	25710.7
205.88	25992.8
204.765	26185.1
203.65	25991.8
202.534	25897.2
201.418	25766.8
200.302	26191.9
199.186	25909.2
198.07	25725.1
196.953	25756
195.836	25983.9
194.719	25889.4
193.602	25956.1
192.484	25709.5
191.367	25731.4
190.249	25690.7
189.131	25846.8
188.012	26074.3
186.894	25863.7
185.775	26314.6
184.656	26041.5
183.537	26134.8
182.417	26317.4
181.298	26232
180.178	26548.4
179.058	26275.5
177.938	26118.7
176.817	26363.6
175.696	26340.7
174.575	26567.6
173.454	26660.6
172.333	26673.4
171.211	26543.4
170.09	26324.4
168.968	26328.3
167.845	25868.8
166.723	25837.1
165.6	25787.6
164.478	25996.4
163.354	25679.8
162.231	25550.2
161.108	25189.3
159.984	25780.7
158.86	25535.5
157.736	25539.5
156.612	25703.6
155.487	25414.1
154.362	25462.6
153.237	25573.3
152.112	25737.2
150.987	25563.5
149.861	25505.3
148.735	25829
147.609	25886.2
146.483	25987.8
145.356	26320.1
144.229	26634.6
143.102	26904.5
141.975	27085.7
140.848	27461.9
139.72	27536.5
138.592	27681.9
137.464	28022.3
136.336	28167.6
135.208	28117.9
134.079	28210
132.95	27584.5
131.821	27570.3
130.692	27042.6
129.562	26550.5
128.432	26518.8
127.302	25965
126.172	25791.9
125.042	25689.7
123.911	25454.8
122.78	25255.3
121.649	25259.3
120.518	25510.8
119.386	25302.6
118.255	25094.5
117.123	25248.7
115.991	25349.9
114.858	25168.4
113.726	25234.2
112.593	25247
111.46	24783.2
110.327	24857.8
109.193	24703.1
108.06	24292.6
106.926	24155.6
105.791	23745.3
104.657	23106
103.523	22105.6
102.388	20876.4
101.253	18978.1
100.118	17036.5
98.9822	14646.5
97.8466	12054.8
96.7107	9816.31
95.5746	7974.76
94.4383	6521.15
93.3018	5692.81
92.165	4926.37
91.0281	4397.69
89.8909	4115.45
88.7535	3771.77
87.6159	3639.19
86.478	3471.5
85.34	3391.75
84.2017	3373.53
83.0632	3293.82
81.9245	3275.63
80.7856	3169.63
79.6464	3142.69
78.5071	3115.75
77.3675	3185.35
76.2277	3132.1
75.0876	3184.12
73.9474	3095.81
72.8069	3147.82
71.6662	3077.08
70.5253	3094.02
69.3842	3084.66
68.2428	3101.58
67.1012	3030.91
65.9594	3100.39
64.8174	3126.06
63.6752	3081.68
62.5327	3089.84
61.3901	3054.24
60.2472	3114.9
59.1041	3000.57
57.9607	3104.95
56.8172	3025.65
55.6734	3042.55
54.5294	3033.22
53.3852	3015.15
52.2407	3005.83
51.0961	3048.93
