-0.9561,       0
-0.9461,       0
-0.9361,       0
-0.9261,       0
-0.9161,       0
-0.9061,       0
-0.8961,       0
-0.8861,       0
-0.8761,       0
-0.8661,       0
-0.8561,       0
-0.8461,       0
-0.8361,       0
-0.8261,       0
-0.8161,       0
-0.8061,       0
-0.7961,       0
-0.7861,       0
-0.7761,       0
-0.7661,       0
-0.7561,       0
-0.7461,       0
-0.7361,       0
-0.7261,       0
-0.7161,       0
-0.7061,       0
-0.6961,       0
-0.6861,       0
-0.6761,       0
-0.6661,       0
-0.6561,       0
-0.6461,       0
-0.6361,       0
-0.6261,       0
-0.6161,       0
-0.6061,       0
-0.5961,       0
-0.5861,       0
-0.5761,       0
-0.5661,       0
-0.5561,       0
-0.5461,       0
-0.5361,       0
-0.5261,       0
-0.5161,       0
-0.5061,       0
-0.4960,       0
-0.4860,       0
-0.4760,       0
-0.4660,       0
-0.4560,       0
-0.4460,       0
-0.4360,       0
-0.4260,       0
-0.4160,       0
-0.4060,       0
-0.3960,       0
-0.3860,       0
-0.3760,       0
-0.3660,       0
-0.3560,       0
-0.3460,       0
-0.3360,       0
-0.3260,       0
-0.3160,       0
-0.3060,       0
-0.2960,       0
-0.2860,       0
-0.2760,       0
-0.2660,      -1
-0.2560,      -1
-0.2460,      -1
-0.2360,      -1
-0.2260,       0
-0.2160,       1
-0.2060,      -2
-0.1960,      -1
-0.1860,       2
-0.1760,       2
-0.1660,      -3
-0.1560,       3
-0.1460,      -5
-0.1360,      -5
-0.1260,      27
-0.1160,     -30
-0.1060,     -12
-0.0960,      24
-0.0860,     -44
-0.0760,      25
-0.0660,    -311
-0.0560,      51
-0.0460,    -115
-0.0360,      56
-0.0260,     363
-0.0160,     148
-0.0060,     153
 0.0040,    -515
 0.0140,     -86
 0.0240,     298
 0.0340,     160
 0.0440,      82
 0.0540,    -256
 0.0640,      -8
 0.0740,      48
 0.0840,     -13
 0.0940,     -12
 0.1040,      27
 0.1140,       1
 0.1240,      -7
 0.1340,       2
 0.1440,       1
 0.1540,       1
 0.1640,       2
 0.1740,      -1
 0.1840,       2
 0.1940,       0
 0.2040,       0
 0.2140,       0
 0.2240,       0
 0.2340,       0
 0.2440,       0
 0.2540,       0
 0.2640,       0
 0.2740,       0
 0.2840,       0
 0.2940,       0
 0.3040,      -2
 0.3140,     -20
 0.3240,     -19
 0.3340,     -14
 0.3440,     -10
 0.3540,     -11
 0.3640,     -15
 0.3740,     -29
 0.3840,     -25
 0.3940,      -4
 0.4040,     -17
 0.4140,     -11
 0.4240,      -5
 0.4340,     -20
 0.4440,     -10
 0.4540,      -4
 0.4640,      -5
 0.4740,     -10
 0.4840,     -19
 0.4940,     -16
 0.5041,     -18
 0.5141,     -13
 0.5241,     -20
 0.5341,     -15
 0.5441,      -9
 0.5541,     -23
 0.5641,     -22
 0.5741,      -6
 0.5841,     -14
 0.5941,      -8
 0.6041,     -14
 0.6141,      -7
 0.6241,     -12
 0.6341,     -10
 0.6441,     -21
 0.6541,      -9
 0.6641,     -19
 0.6741,     -15
 0.6841,      -6
 0.6941,     -20
 0.7041,     -20
 0.7141,      -4
 0.7241,      -4
 0.7341,     -15
 0.7441,       3
 0.7541,     -11
 0.7641,      -9
 0.7741,      -1
 0.7841,      -9
 0.7941,     -12
 0.8041,     -18
 0.8141,     -12
 0.8241,      -5
 0.8341,      -4
 0.8441,     -15
 0.8541,       3
 0.8641,     -17
 0.8741,     -13
 0.8841,     -20
 0.8941,     -13
 0.9041,     -15
 0.9141,     -13
 0.9241,     -21
 0.9341,     -19
 0.9441,     -14
 0.9541,     -23
 0.9641,     -17
 0.9741,     -17
 0.9841,     -20
 0.9941,       0
 1.0041,      -9
 1.0141,     -12
 1.0241,     -18
 1.0341,     -15
 1.0441,      -3
 1.0541,     -12
 1.0641,     -15
 1.0741,     -20
 1.0841,       1
 1.0941,      -2
 1.1041,     -14
 1.1141,      -7
 1.1241,     -11
 1.1341,     -13
 1.1441,      -1
 1.1541,       6
 1.1641,      -5
 1.1741,      -2
 1.1841,     -16
 1.1941,      -4
 1.2041,      -5
 1.2141,     -19
 1.2241,     -10
 1.2341,     -10
 1.2441,      -7
 1.2541,     -16
 1.2641,       3
 1.2741,       0
 1.2841,     -19
 1.2941,     -16
 1.3041,      -9
 1.3141,       1
 1.3241,      -8
 1.3341,       7
 1.3441,       0
 1.3541,      -4
 1.3641,       1
 1.3741,       3
 1.3841,       2
 1.3941,      -7
 1.4041,       1
 1.4141,      -8
 1.4241,     -18
 1.4341,       0
 1.4441,      -4
 1.4541,      -9
 1.4641,      -4
 1.4741,     -12
 1.4841,       1
 1.4941,      -9
 1.5042,      -8
 1.5142,      -7
 1.5242,     -15
 1.5342,       0
 1.5442,      -9
 1.5542,      -2
 1.5642,       5
 1.5742,      -3
 1.5842,      -5
 1.5942,      -4
 1.6042,      -9
 1.6142,     -10
 1.6242,     -10
 1.6342,     -11
 1.6442,       1
 1.6542,     -10
 1.6642,      -4
 1.6742,     -10
 1.6842,      -1
 1.6942,      -1
 1.7042,       1
 1.7142,      -5
 1.7242,       3
 1.7342,      -2
 1.7442,       3
 1.7542,      -4
 1.7642,       1
 1.7742,      -8
 1.7842,       3
 1.7942,     -16
 1.8042,      -3
 1.8142,      -5
 1.8242,      -1
 1.8342,     -16
 1.8442,      -8
 1.8542,     -15
 1.8642,     -17
 1.8742,     -22
 1.8842,     -24
 1.8942,     -46
 1.9042,     -52
 1.9142,     -62
 1.9242,     -67
 1.9342,     -91
 1.9442,     -85
 1.9542,    -108
 1.9642,     -97
 1.9742,     -92
 1.9842,     -87
 1.9942,     -72
 2.0042,     -69
 2.0142,     -43
 2.0242,     -47
 2.0342,     -19
 2.0442,     -26
 2.0542,     -24
 2.0642,     -15
 2.0742,     -19
 2.0842,      -3
 2.0942,     -10
 2.1042,      -5
 2.1142,      -5
 2.1242,      -1
 2.1342,      -5
 2.1442,      -3
 2.1542,       4
 2.1642,      -9
 2.1742,      -9
 2.1842,      -3
 2.1942,       0
 2.2042,      -8
 2.2142,     -14
 2.2242,      -4
 2.2342,     -16
 2.2442,     -17
 2.2542,      -6
 2.2642,     -18
 2.2742,     -16
 2.2842,     -27
 2.2942,     -16
 2.3042,     -13
 2.3142,     -13
 2.3242,     -10
 2.3342,     -11
 2.3442,     -16
 2.3542,     -19
 2.3642,     -13
 2.3742,      -3
 2.3842,      -8
 2.3942,     -11
 2.4042,       4
 2.4142,      -1
 2.4242,      -6
 2.4342,      -1
 2.4442,       1
 2.4542,      -9
 2.4642,      -3
 2.4742,       0
 2.4842,       2
 2.4942,      -4
 2.5043,      -2
 2.5143,      -8
 2.5243,      -1
 2.5343,       2
 2.5443,      -2
 2.5543,     -11
 2.5643,      -2
 2.5743,      -8
 2.5843,       1
 2.5943,       8
 2.6043,       6
 2.6143,       1
 2.6243,      -2
 2.6343,      -6
 2.6443,     -11
 2.6543,      -1
 2.6643,      14
 2.6743,      -1
 2.6843,      -7
 2.6943,       6
 2.7043,       0
 2.7143,      11
 2.7243,       6
 2.7343,      10
 2.7443,     -14
 2.7543,     -11
 2.7643,     -24
 2.7743,     -27
 2.7843,     -36
 2.7943,     -47
 2.8043,     -36
 2.8143,     -38
 2.8243,     -37
 2.8343,     -33
 2.8443,     -32
 2.8543,      -1
 2.8643,     -28
 2.8743,     -36
 2.8843,      31
 2.8943,     -35
 2.9043,      10
 2.9143,      29
 2.9243,      41
 2.9343,      18
 2.9443,      33
 2.9543,      30
 2.9643,      35
 2.9743,      50
 2.9843,      51
 2.9943,      21
 3.0043,      40
 3.0143,      17
 3.0243,      40
 3.0343,      13
 3.0443,      50
 3.0543,      -1
 3.0643,     -17
 3.0743,      22
 3.0843,       5
 3.0943,       7
 3.1043,      20
 3.1143,      -6
 3.1243,      14
 3.1343,      15
 3.1443,       1
 3.1543,      -4
 3.1643,      10
 3.1743,       9
 3.1843,      21
 3.1943,       9
 3.2043,       6
 3.2143,       1
 3.2243,      -2
 3.2343,       0
 3.2443,     -16
 3.2543,     -20
 3.2643,       9
 3.2743,      -6
 3.2843,       9
 3.2943,       2
 3.3043,      -5
 3.3143,      18
 3.3243,      19
 3.3343,      32
 3.3443,      10
 3.3543,      15
 3.3643,      -2
 3.3743,      19
 3.3843,      17
 3.3943,      18
 3.4043,      12
 3.4143,      13
 3.4243,      28
 3.4343,       3
 3.4443,      -7
 3.4543,      -1
 3.4643,     -15
 3.4743,      -3
 3.4843,      -4
 3.4943,     -19
 3.5044,     -15
 3.5144,     -26
 3.5244,     -44
 3.5344,     -47
 3.5444,     -90
 3.5544,    -135
 3.5644,    -240
 3.5744,    -350
 3.5844,    -545
 3.5944,    -790
 3.6044,   -1172
 3.6144,   -1725
 3.6244,   -2354
 3.6344,   -3064
 3.6444,   -3809
 3.6544,   -5000
 3.6644,   -5859
 3.6744,   -6942
 3.6844,   -7720
 3.6944,   -8228
 3.7044,   -8676
 3.7144,   -8367
 3.7244,   -8238
 3.7344,   -7560
 3.7444,   -6875
 3.7544,   -5775
 3.7644,   -4858
 3.7744,   -4028
 3.7844,   -3021
 3.7944,   -2340
 3.8044,   -1592
 3.8144,   -1103
 3.8244,    -775
 3.8344,    -505
 3.8444,    -297
 3.8544,    -204
 3.8644,     -97
 3.8744,     -86
 3.8844,     -74
 3.8944,     -90
 3.9044,    -105
 3.9144,     -60
 3.9244,    -167
 3.9344,    -194
 3.9444,    -269
 3.9544,    -305
 3.9644,    -444
 3.9744,    -616
 3.9844,    -743
 3.9944,    -934
 4.0044,   -1030
 4.0144,   -1099
 4.0244,   -1172
 4.0344,   -1178
 4.0444,   -1201
 4.0544,   -1119
 4.0644,    -905
 4.0744,    -915
 4.0844,    -784
 4.0944,    -628
 4.1044,    -458
 4.1144,    -349
 4.1244,    -312
 4.1344,    -198
 4.1444,    -147
 4.1544,     -95
 4.1644,     -35
 4.1744,     -31
 4.1844,     -11
 4.1944,       2
 4.2044,       9
 4.2144,      11
 4.2244,      16
 4.2344,      27
 4.2444,      22
 4.2544,      10
 4.2644,      25
 4.2744,      46
 4.2844,      38
 4.2944,      75
 4.3044,      62
 4.3144,      87
 4.3244,     110
 4.3344,     164
 4.3444,     211
 4.3544,     276
 4.3644,     335
 4.3744,     500
 4.3844,     647
 4.3944,     773
 4.4044,     877
 4.4144,    1117
 4.4244,    1084
 4.4344,    1219
 4.4444,     986
 4.4544,     663
 4.4644,     282
 4.4744,    -600
 4.4844,   -1026
 4.4944,   -1922
 4.5045,   -2696
 4.5145,   -3418
 4.5245,   -3938
 4.5345,   -4229
 4.5445,   -4567
 4.5545,   -4569
 4.5645,   -4281
 4.5745,   -3823
 4.5845,   -3342
 4.5945,   -2847
 4.6045,   -2289
 4.6145,   -1859
 4.6245,   -1307
 4.6345,   -1036
 4.6445,    -719
 4.6545,    -409
 4.6645,    -281
 4.6745,    -120
 4.6845,     -17
 4.6945,      38
 4.7045,      85
 4.7145,     150
 4.7245,     234
 4.7345,     376
 4.7445,     490
 4.7545,     791
 4.7645,     937
 4.7745,    1098
 4.7845,    1449
 4.7945,    1647
 4.8045,    1923
 4.8145,    2208
 4.8245,    2468
 4.8345,    2627
 4.8445,    2697
 4.8545,    2664
 4.8645,    2591
 4.8745,    2316
 4.8845,    2145
 4.8945,    1745
 4.9045,    1426
 4.9145,    1104
 4.9245,     846
 4.9345,     571
 4.9445,     314
 4.9545,     185
 4.9645,     -65
 4.9745,    -152
 4.9845,    -114
 4.9945,    -111
 5.0045,     -77
 5.0145,     -93
 5.0245,    -107
 5.0345,     -75
 5.0445,     -10
 5.0545,      43
 5.0645,     148
 5.0745,     200
 5.0845,     205
 5.0945,     321
 5.1045,     392
 5.1145,     516
 5.1245,     606
 5.1345,     650
 5.1445,     786
 5.1545,     858
 5.1645,     898
 5.1745,     932
 5.1845,     947
 5.1945,     849
 5.2045,     832
 5.2145,     725
 5.2245,     668
 5.2345,     618
 5.2445,     533
 5.2545,     443
 5.2645,     464
 5.2745,     425
 5.2845,     471
 5.2945,     521
 5.3045,     663
 5.3145,     861
 5.3245,    1034
 5.3345,    1373
 5.3445,    1857
 5.3545,    2313
 5.3645,    2703
 5.3745,    3345
 5.3845,    3760
 5.3945,    4372
 5.4045,    4767
 5.4145,    5067
 5.4245,    5148
 5.4345,    5146
 5.4445,    5004
 5.4545,    4809
 5.4645,    4476
 5.4745,    3918
 5.4845,    3474
 5.4945,    3046
 5.5046,    2603
 5.5146,    2040
 5.5246,    1741
 5.5346,    1423
 5.5446,    1153
 5.5546,     911
 5.5646,     736
 5.5746,     572
 5.5846,     526
 5.5946,     402
 5.6046,     321
 5.6146,     264
 5.6246,     203
 5.6346,     160
 5.6446,     125
 5.6546,      95
 5.6646,      83
 5.6746,      69
 5.6846,      72
 5.6946,      59
 5.7046,      70
 5.7146,      70
 5.7246,     106
 5.7346,      91
 5.7446,     119
 5.7546,     125
 5.7646,     154
 5.7746,     145
 5.7846,     173
 5.7946,     156
 5.8046,     218
 5.8146,     233
 5.8246,     267
 5.8346,     266
 5.8446,     273
 5.8546,     289
 5.8646,     369
 5.8746,     339
 5.8846,     422
 5.8946,     515
 5.9046,     517
 5.9146,     628
 5.9246,     678
 5.9346,     716
 5.9446,     717
 5.9546,     744
 5.9646,     705
 5.9746,     696
 5.9846,     674
 5.9946,     609
 6.0046,     571
 6.0146,     503
 6.0246,     427
 6.0346,     385
 6.0446,     312
 6.0546,     241
 6.0646,     202
 6.0746,     133
 6.0846,     103
 6.0946,      69
 6.1046,      40
 6.1146,       7
 6.1246,      15
 6.1346,      23
 6.1446,       8
 6.1546,     -22
 6.1646,      -3
 6.1746,     -37
 6.1846,     -12
 6.1946,     -14
 6.2046,       5
 6.2146,      -5
 6.2246,       4
 6.2346,      10
 6.2446,      15
 6.2546,      20
 6.2646,      55
 6.2746,     116
 6.2846,     169
 6.2946,     253
 6.3046,     379
 6.3146,     463
 6.3246,     602
 6.3346,     801
 6.3446,     914
 6.3546,    1079
 6.3646,    1330
 6.3746,    1427
 6.3846,    1604
 6.3946,    1752
 6.4046,    1838
 6.4146,    1803
 6.4246,    1984
 6.4346,    1805
 6.4446,    1720
 6.4546,    1502
 6.4646,    1341
 6.4746,    1212
 6.4846,    1039
 6.4946,     891
 6.5047,     698
 6.5147,     529
 6.5247,     437
 6.5347,     345
 6.5447,     228
 6.5547,     182
 6.5647,     118
 6.5747,      70
 6.5847,      44
 6.5947,      16
 6.6047,      28
 6.6147,       1
 6.6247,     -29
 6.6347,     -34
 6.6447,     -19
 6.6547,     -22
 6.6647,      -4
 6.6747,     -28
 6.6847,     -27
 6.6947,     -46
 6.7047,     -24
 6.7147,     -18
 6.7247,     -20
 6.7347,     -11
 6.7447,     -18
 6.7547,     -15
 6.7647,     -42
 6.7747,     -39
 6.7847,     -20
 6.7947,     -27
 6.8047,      -8
 6.8147,     -19
 6.8247,     -31
 6.8347,      -1
 6.8447,     -19
 6.8547,     -30
 6.8647,     -20
 6.8747,     -21
 6.8847,     -34
 6.8947,       1
 6.9047,     -10
 6.9147,       0
 6.9247,       8
 6.9347,      31
 6.9447,      72
 6.9547,      64
 6.9647,      75
 6.9747,      99
 6.9847,      76
 6.9947,     128
 7.0047,     118
 7.0147,     171
 7.0247,     198
 7.0347,     200
 7.0447,     228
 7.0547,     209
 7.0647,     263
 7.0747,     263
 7.0847,     284
 7.0947,     242
 7.1047,     226
 7.1147,     237
 7.1247,     208
 7.1347,     151
 7.1447,     118
 7.1547,      73
 7.1647,      75
 7.1747,      63
 7.1847,      41
 7.1947,      30
 7.2047,     -10
 7.2147,      -9
 7.2247,     -43
 7.2347,     -38
 7.2447,     -38
 7.2547,     -28
 7.2647,     -74
 7.2747,     -55
 7.2847,     -66
 7.2947,     -90
 7.3047,     -65
 7.3147,     -61
 7.3247,     -61
 7.3347,     -60
 7.3447,     -45
 7.3547,     -40
 7.3647,     -34
 7.3747,     -76
 7.3847,     -23
 7.3947,     -39
 7.4047,     -33
 7.4147,     -13
 7.4247,     -26
 7.4347,     -57
 7.4447,     -55
 7.4547,     -31
 7.4647,     -31
 7.4747,     -49
 7.4847,     -29
 7.4947,     -61
 7.5048,     -25
 7.5148,     -59
 7.5248,     -35
 7.5348,     -60
 7.5448,     -65
 7.5548,     -47
 7.5648,     -43
 7.5748,     -40
 7.5848,     -62
 7.5948,     -86
 7.6048,     -76
 7.6148,     -65
 7.6248,    -106
 7.6348,     -56
 7.6448,     -75
 7.6548,     -72
 7.6648,     -81
 7.6748,     -57
 7.6848,     -75
 7.6948,     -76
 7.7048,     -80
 7.7148,     -83
 7.7248,     -81
 7.7348,     -97
 7.7448,     -70
 7.7548,     -82
 7.7648,     -95
 7.7748,     -71
 7.7848,    -101
 7.7948,    -111
 7.8048,     -99
 7.8148,    -124
 7.8248,     -75
 7.8348,     -73
 7.8448,    -112
 7.8548,    -103
 7.8648,     -78
 7.8748,     -87
 7.8848,     -84
 7.8948,     -80
 7.9048,    -105
 7.9148,    -101
 7.9248,     -66
 7.9348,    -102
 7.9448,    -137
 7.9548,    -129
 7.9648,    -109
 7.9748,     -99
 7.9848,    -102
 7.9948,     -89
 8.0048,     -82
 8.0148,     -79
 8.0248,     -93
 8.0348,     -78
 8.0448,     -84
 8.0548,     -80
 8.0648,     -89
 8.0748,     -91
 8.0848,     -93
 8.0948,     -49
 8.1048,    -143
 8.1148,    -100
 8.1248,    -109
 8.1348,     -66
 8.1448,    -120
 8.1548,    -133
 8.1648,    -159
 8.1748,    -121
 8.1848,     -96
 8.1948,     -86
 8.2048,    -113
 8.2148,     -90
 8.2248,    -156
 8.2348,    -136
 8.2448,    -126
 8.2548,    -137
 8.2648,    -144
 8.2748,    -121
 8.2848,    -140
 8.2948,    -125
 8.3048,    -143
 8.3148,    -128
 8.3248,    -147
 8.3348,    -139
 8.3448,    -133
 8.3548,    -156
 8.3648,    -154
 8.3748,    -169
 8.3848,    -125
 8.3948,    -145
 8.4048,    -135
 8.4148,    -106
 8.4248,    -168
 8.4348,    -153
 8.4448,    -187
 8.4548,    -158
 8.4648,    -187
 8.4748,    -171
 8.4848,    -131
 8.4948,    -147
 8.5049,    -179
 8.5149,    -143
 8.5249,    -141
 8.5349,    -161
 8.5449,    -142
 8.5549,    -149
 8.5649,    -174
 8.5749,    -104
 8.5849,    -188
 8.5949,    -125
 8.6049,    -157
 8.6149,    -208
 8.6249,    -142
 8.6349,    -125
 8.6449,    -193
 8.6549,    -140
 8.6649,    -156
 8.6749,    -129
 8.6849,    -169
 8.6949,    -144
 8.7049,    -180
 8.7149,    -149
 8.7249,    -130
 8.7349,    -166
 8.7449,    -146
 8.7549,    -165
 8.7649,    -180
 8.7749,    -158
 8.7849,    -161
 8.7949,    -205
 8.8049,    -149
 8.8149,    -160
 8.8249,    -172
 8.8349,    -189
 8.8449,    -194
 8.8549,    -163
 8.8649,    -209
 8.8749,    -201
 8.8849,    -182
 8.8949,    -174
 8.9049,    -180
 8.9149,    -216
 8.9249,    -195
 8.9349,    -197
 8.9449,    -203
 8.9549,    -214
 8.9649,    -171
 8.9749,    -206
 8.9849,    -176
 8.9949,    -187
 9.0049,    -209
 9.0149,    -233
 9.0249,    -206
 9.0349,    -193
 9.0449,    -210
 9.0549,    -201
 9.0649,    -241
 9.0749,    -144
 9.0849,    -202
 9.0949,    -228
 9.1049,    -249
 9.1149,    -214
 9.1249,    -213
 9.1349,    -171
 9.1449,    -226
 9.1549,    -229
 9.1649,    -211
 9.1749,    -244
 9.1849,    -204
 9.1949,    -224
 9.2049,    -221
 9.2149,    -204
 9.2249,    -203
 9.2349,    -248
 9.2449,    -177
 9.2549,    -227
 9.2649,    -202
 9.2749,    -231
 9.2849,    -232
 9.2949,    -232
 9.3049,    -230
 9.3149,    -220
 9.3249,    -254
 9.3349,    -229
 9.3449,    -199
 9.3549,    -196
 9.3649,    -247
 9.3749,    -243
 9.3849,    -183
 9.3949,    -271
 9.4049,    -225
 9.4149,    -220
 9.4249,    -238
 9.4349,    -236
 9.4449,    -278
 9.4549,    -243
 9.4649,    -229
 9.4749,    -261
 9.4849,    -228
 9.4949,    -261
 9.5050,    -261
 9.5150,    -262
 9.5250,    -199
 9.5350,    -255
 9.5450,    -267
 9.5550,    -259
 9.5650,    -291
 9.5750,    -199
 9.5850,    -276
 9.5950,    -286
 9.6050,    -226
 9.6150,    -274
 9.6250,    -229
 9.6350,    -235
 9.6450,    -249
 9.6550,    -288
 9.6650,    -254
 9.6750,    -295
 9.6850,    -281
 9.6950,    -223
 9.7050,    -270
 9.7150,    -271
 9.7250,    -232
 9.7350,    -301
 9.7450,    -263
 9.7550,    -233
 9.7650,    -240
 9.7750,    -270
 9.7850,    -282
 9.7950,    -223
 9.8050,    -244
 9.8150,    -251
 9.8250,    -246
 9.8350,    -273
 9.8450,    -275
 9.8550,    -249
 9.8650,    -288
 9.8750,    -276
 9.8850,    -313
 9.8950,    -275
 9.9050,    -285
 9.9150,    -239
 9.9250,    -283
 9.9350,    -309
 9.9450,    -245
 9.9550,    -287
 9.9650,    -256
 9.9750,    -304
 9.9850,    -300
 9.9950,    -284
10.0050,    -303
10.0150,    -302
10.0250,    -310
10.0350,    -319
10.0450,    -293
10.0550,    -278
10.0650,    -311
10.0750,    -294
10.0850,    -275
10.0950,    -277
10.1050,    -242
10.1150,    -310
10.1250,    -328
10.1350,    -305
10.1450,    -283
10.1550,    -287
10.1650,    -343
10.1750,    -281
10.1850,    -271
10.1950,    -286
10.2050,    -332
10.2150,    -295
10.2250,    -291
10.2350,    -333
10.2450,    -249
10.2550,    -303
10.2650,    -331
10.2750,    -304
10.2850,    -268
10.2950,    -334
10.3050,    -309
10.3150,    -317
10.3250,    -311
10.3350,    -299
10.3450,    -316
10.3550,    -305
10.3650,    -350
10.3750,    -253
10.3850,    -307
10.3950,    -277
10.4050,    -280
10.4150,    -333
10.4250,    -258
10.4350,    -340
10.4450,    -276
10.4550,    -345
10.4650,    -271
10.4750,    -285
10.4850,    -301
10.4950,    -287
10.5051,    -315
10.5151,    -245
10.5251,    -281
10.5351,    -344
10.5451,    -333
10.5551,    -318
10.5651,    -334
10.5751,    -336
10.5851,    -310
10.5951,    -271
10.6051,    -278
10.6151,    -277
10.6251,    -219
10.6351,    -309
10.6451,    -285
10.6551,    -329
10.6651,    -321
10.6751,    -292
10.6851,    -353
10.6951,    -342
10.7051,    -327
10.7151,    -361
10.7251,    -298
10.7351,    -349
10.7451,    -365
10.7551,    -286
10.7651,    -394
10.7751,    -357
10.7851,    -254
10.7951,    -296
10.8051,    -317
10.8151,    -331
10.8251,    -343
10.8351,    -361
10.8451,    -289
10.8551,    -298
10.8651,    -373
10.8751,    -350
10.8851,    -345
10.8951,    -277
10.9051,    -333
10.9151,    -308
10.9251,    -343
10.9351,    -391
10.9451,    -297
10.9551,    -284
10.9651,    -280
10.9751,    -400
10.9851,    -288
10.9951,    -297
11.0051,    -371
11.0151,    -308
11.0251,    -327
11.0351,    -363
11.0451,    -352
11.0551,    -304
11.0651,    -305
11.0751,    -385
11.0851,    -268
11.0951,    -309
11.1051,    -321
11.1151,    -316
11.1251,    -354
11.1351,    -342
11.1451,    -335
11.1551,    -381
11.1651,    -280
11.1751,    -354
11.1851,    -361
11.1951,    -354
11.2051,    -347
11.2151,    -301
11.2251,    -327
11.2351,    -303
11.2451,    -298
11.2551,    -329
11.2651,    -374
11.2751,    -360
11.2851,    -335
11.2951,    -309
11.3051,    -329
11.3151,    -371
11.3251,    -377
11.3351,    -337
11.3451,    -322
11.3551,    -343
11.3651,    -332
11.3751,    -330
11.3851,    -334
11.3951,    -366
11.4051,    -360
11.4151,    -313
11.4251,    -345
11.4351,    -328
11.4451,    -353
11.4551,    -359
11.4651,    -358
11.4751,    -333
11.4851,    -351
11.4951,    -370
11.5052,    -289
11.5152,    -335
11.5252,    -337
11.5352,    -352
11.5452,    -332
11.5552,    -301
11.5652,    -341
11.5752,    -377
11.5852,    -300
11.5952,    -329
11.6052,    -357
11.6152,    -319
11.6252,    -354
11.6352,    -330
11.6452,    -370
11.6552,    -326
11.6652,    -316
11.6752,    -365
11.6852,    -329
11.6952,    -324
11.7052,    -346
11.7152,    -330
11.7252,    -378
11.7352,    -312
11.7452,    -329
11.7552,    -310
11.7652,    -305
11.7752,    -325
11.7852,    -327
11.7952,    -335
11.8052,    -331
11.8152,    -351
11.8252,    -321
11.8352,    -322
11.8452,    -365
11.8552,    -324
11.8652,    -303
11.8752,    -331
11.8852,    -317
11.8952,    -344
11.9052,    -341
11.9152,    -315
11.9252,    -337
11.9352,    -279
11.9452,    -295
11.9552,    -333
11.9652,    -321
11.9752,    -332
11.9852,    -332
11.9952,    -330
12.0052,    -336
12.0152,    -312
12.0252,    -342
12.0352,    -329
12.0452,    -314
12.0552,    -365
12.0652,    -314
12.0752,    -307
12.0852,    -310
12.0952,    -278
12.1052,    -323
12.1152,    -305
12.1252,    -283
12.1352,    -278
12.1452,    -355
12.1552,    -369
12.1652,    -379
12.1752,    -266
12.1852,    -323
12.1952,    -291
12.2052,    -284
12.2152,    -339
12.2252,    -302
12.2352,    -277
12.2452,    -315
12.2552,    -338
12.2652,    -285
12.2752,    -350
12.2852,    -325
12.2952,    -304
12.3052,    -279
12.3152,    -289
12.3252,    -332
12.3352,    -301
12.3452,    -301
12.3552,    -327
12.3652,    -378
12.3752,    -310
12.3852,    -363
12.3952,    -357
12.4052,    -342
12.4152,    -343
12.4252,    -319
12.4352,    -341
12.4452,    -280
12.4552,    -208
12.4652,    -292
12.4752,    -340
12.4852,    -346
12.4952,    -359
12.5053,    -364
12.5153,    -307
12.5253,    -314
12.5353,    -311
12.5453,    -375
12.5553,    -294
12.5653,    -339
12.5753,    -316
12.5853,    -289
12.5953,    -338
12.6053,    -314
12.6153,    -308
12.6253,    -258
12.6353,    -266
12.6453,    -332
12.6553,    -328
12.6653,    -355
12.6753,    -316
12.6853,    -276
12.6953,    -241
12.7053,    -348
12.7153,    -348
12.7253,    -302
12.7353,    -319
12.7453,    -399
12.7553,    -257
12.7653,    -344
12.7753,    -269
12.7853,    -325
12.7953,    -242
12.8053,    -281
12.8153,    -284
12.8253,    -291
12.8353,    -229
12.8453,    -279
12.8553,    -256
12.8653,    -284
12.8753,    -351
12.8853,    -308
12.8953,    -292
12.9053,    -271
12.9153,    -335
12.9253,    -269
12.9353,    -291
12.9453,    -261
12.9553,    -350
12.9653,    -281
12.9753,    -315
12.9853,    -335
12.9953,    -320
13.0053,    -237
13.0153,    -262
13.0253,    -286
13.0353,    -277
13.0453,    -355
13.0553,    -292
13.0653,    -285
13.0753,    -287
13.0853,    -289
13.0953,    -302
13.1053,    -314
13.1153,    -269
13.1253,    -233
13.1353,    -292
13.1453,    -291
13.1553,    -338
13.1653,    -253
13.1753,    -265
13.1853,    -250
13.1953,    -271
13.2053,    -246
13.2153,    -256
13.2253,    -277
13.2353,    -286
13.2453,    -252
13.2553,    -300
13.2653,    -291
13.2753,    -311
13.2853,    -275
13.2953,    -268
13.3053,    -235
13.3153,    -344
13.3253,    -210
13.3353,    -355
13.3453,    -263
13.3553,    -272
13.3653,    -242
13.3753,    -281
13.3853,    -294
13.3953,    -288
13.4053,    -262
13.4153,    -303
13.4253,    -298
13.4353,    -267
13.4453,    -274
13.4553,    -290
13.4653,    -232
13.4753,    -220
13.4853,    -256
13.4953,    -315
13.5054,    -251
13.5154,    -256
13.5254,    -284
13.5354,    -224
13.5454,    -265
13.5554,    -268
13.5654,    -294
13.5754,    -241
13.5854,    -246
13.5954,    -290
13.6054,    -235
13.6154,    -252
13.6254,    -257
13.6354,    -230
13.6454,    -278
13.6554,    -239
13.6654,    -222
13.6754,    -279
13.6854,    -235
13.6954,    -229
13.7054,    -278
13.7154,    -275
13.7254,    -256
13.7354,    -221
13.7454,    -198
13.7554,    -262
13.7654,    -304
13.7754,    -257
13.7854,    -213
13.7954,    -272
13.8054,    -242
13.8154,    -211
13.8254,    -230
13.8354,    -207
13.8454,    -296
13.8554,    -208
13.8654,    -271
13.8754,    -239
13.8854,    -215
13.8954,    -195
13.9054,    -242
13.9154,    -243
13.9254,    -223
13.9354,    -225
13.9454,    -250
13.9554,    -224
13.9654,    -222
13.9754,    -287
13.9854,    -217
13.9954,    -212
14.0054,    -230
14.0154,    -227
14.0254,    -161
14.0354,    -174
14.0454,    -201
14.0554,    -248
14.0654,    -160
14.0754,    -171
14.0854,    -193
14.0954,    -223
14.1054,    -158
14.1154,    -173
14.1254,    -223
14.1354,    -105
14.1454,    -105
14.1554,    -157
14.1654,     -97
14.1754,    -139
14.1854,    -183
14.1954,    -152
14.2054,    -125
14.2154,    -202
14.2254,    -139
14.2354,    -138
14.2454,    -186
14.2554,    -192
14.2654,    -212
14.2754,    -183
14.2854,    -210
14.2954,    -150
14.3054,    -221
14.3154,    -185
14.3254,    -141
14.3354,    -176
14.3454,    -190
14.3554,    -233
14.3654,    -198
14.3754,    -195
14.3854,    -198
14.3954,    -255
14.4054,    -223
14.4154,    -249
14.4254,    -211
14.4354,    -214
14.4454,    -257
14.4554,    -222
14.4654,    -183
14.4754,    -174
14.4854,    -230
14.4954,    -205
14.5055,    -199
14.5155,    -186
14.5255,    -210
14.5355,    -167
14.5455,    -176
14.5555,    -204
14.5655,    -238
14.5755,    -173
14.5855,    -183
14.5955,    -166
14.6055,    -219
14.6155,    -212
14.6255,    -203
14.6355,    -215
14.6455,    -174
14.6555,    -219
14.6655,    -260
14.6755,    -171
14.6855,    -193
14.6955,    -208
14.7055,    -225
14.7155,    -185
14.7255,    -164
14.7355,    -186
14.7455,    -253
14.7555,    -171
14.7655,    -204
14.7755,    -177
14.7855,    -164
14.7955,    -200
14.8055,    -177
14.8155,    -181
14.8255,    -161
14.8355,    -155
14.8455,    -188
14.8555,    -199
14.8655,    -134
14.8755,    -194
14.8855,    -189
14.8955,    -185
14.9055,    -135
14.9155,    -192
14.9255,    -188
14.9355,    -179
14.9455,    -197
14.9555,    -223
14.9655,    -201
14.9755,    -148
14.9855,    -156
14.9955,    -232
15.0055,    -203
15.0155,    -160
15.0255,    -165
15.0355,    -209
15.0455,    -159
15.0555,    -155
15.0655,    -171
15.0755,    -134
15.0855,    -144
15.0955,    -116
15.1055,    -185
15.1155,    -200
15.1255,    -160
15.1355,    -180
15.1455,    -195
15.1555,    -160
15.1655,    -151
15.1755,    -153
15.1855,    -167
15.1955,    -152
15.2055,    -196
15.2155,    -160
15.2255,    -190
15.2355,    -172
15.2455,    -219
15.2555,    -190
15.2655,    -189
15.2755,    -172
15.2855,    -131
15.2955,    -109
15.3055,    -129
15.3155,    -177
15.3255,    -213
15.3355,    -173
15.3455,    -187
15.3555,    -176
15.3655,    -153
15.3755,    -129
15.3855,    -138
15.3955,    -169
15.4055,    -200
15.4155,     -93
15.4255,    -133
15.4355,    -162
15.4455,    -135
15.4555,    -163
15.4655,    -153
15.4755,    -155
15.4855,    -131
15.4955,    -160
15.5056,    -135
15.5156,    -155
15.5256,    -196
15.5356,    -147
15.5456,    -148
15.5556,    -113
15.5656,    -146
15.5756,    -154
15.5856,    -151
15.5956,    -139
15.6056,    -103
15.6156,    -179
15.6256,    -173
15.6356,    -165
15.6456,    -173
15.6556,    -116
15.6656,    -174
15.6756,    -137
15.6856,    -163
15.6956,    -136
15.7056,    -145
15.7156,    -136
15.7256,    -131
15.7356,    -168
15.7456,    -123
15.7556,    -157
15.7656,    -143
15.7756,     -96
15.7856,    -123
15.7956,    -135
15.8056,    -128
15.8156,    -126
15.8256,    -131
15.8356,    -123
15.8456,    -158
15.8556,     -95
15.8656,    -151
15.8756,    -134
15.8856,    -113
15.8956,    -103
15.9056,    -120
15.9156,    -142
15.9256,    -164
15.9356,    -129
15.9456,    -120
15.9556,    -150
15.9656,    -146
15.9756,     -74
15.9856,    -134
15.9956,    -153
16.0056,    -115
16.0156,    -148
16.0256,    -199
16.0356,    -120
16.0456,    -122
16.0556,    -124
16.0656,    -147
16.0756,    -121
16.0856,    -160
16.0956,    -117
16.1056,    -131
16.1156,    -129
16.1256,    -137
16.1356,     -69
16.1456,    -151
16.1556,    -102
16.1656,    -117
16.1756,    -152
16.1856,    -115
16.1956,     -94
16.2056,    -137
16.2156,    -135
16.2256,     -97
16.2356,    -126
16.2456,     -95
16.2556,    -122
16.2656,     -76
16.2756,    -102
16.2856,    -137
16.2956,    -120
16.3056,     -83
16.3156,    -131
16.3256,    -104
16.3356,     -62
16.3456,    -105
16.3556,    -122
16.3656,     -97
16.3756,    -117
16.3856,    -125
16.3956,    -150
16.4056,    -148
16.4156,    -144
16.4256,     -93
16.4356,    -125
16.4456,    -149
16.4556,    -111
16.4656,     -82
16.4756,    -105
16.4856,    -113
16.4956,    -157
16.5057,     -78
16.5157,    -140
16.5257,     -93
16.5357,    -113
16.5457,    -116
16.5557,    -134
16.5657,    -108
16.5757,     -89
16.5857,    -104
16.5957,    -114
16.6057,    -147
16.6157,    -118
16.6257,    -109
16.6357,    -154
16.6457,    -133
16.6557,     -72
16.6657,    -147
16.6757,    -123
16.6857,    -124
16.6957,     -74
16.7057,    -127
16.7157,    -148
16.7257,     -95
16.7357,     -83
16.7457,     -91
16.7557,    -108
16.7657,    -105
16.7757,     -51
16.7857,    -126
16.7957,     -70
16.8057,    -122
16.8157,    -118
16.8257,    -119
16.8357,     -86
16.8457,     -86
16.8557,     -73
16.8657,    -102
16.8757,    -130
16.8857,     -96
16.8957,    -136
16.9057,     -81
16.9157,    -104
16.9257,    -123
16.9357,    -112
16.9457,    -127
16.9557,    -119
16.9657,     -74
16.9757,     -88
16.9857,     -67
16.9957,    -111
17.0057,     -82
17.0157,    -107
17.0257,    -126
17.0357,     -60
17.0457,     -89
17.0557,     -85
17.0657,     -76
17.0757,    -100
17.0857,     -99
17.0957,    -110
17.1057,    -114
17.1157,     -87
17.1257,     -64
17.1357,    -142
17.1457,    -121
17.1557,     -60
17.1657,     -92
17.1757,     -81
17.1857,    -104
17.1957,    -102
17.2057,    -100
17.2157,    -105
17.2257,     -47
17.2357,     -69
17.2457,    -108
17.2557,    -109
17.2657,    -132
17.2757,    -113
17.2857,     -92
17.2957,     -92
17.3057,     -82
17.3157,    -101
17.3257,     -93
17.3357,     -89
17.3457,    -122
17.3557,    -139
17.3657,    -118
17.3757,     -86
17.3857,     -91
17.3957,    -105
17.4057,     -96
17.4157,     -95
17.4257,    -127
17.4357,    -115
17.4457,     -67
17.4557,     -77
17.4657,     -72
17.4757,    -104
17.4857,    -120
17.4957,    -100
17.5058,    -111
17.5158,    -110
17.5258,     -43
17.5358,    -105
17.5458,    -113
17.5558,    -142
17.5658,     -40
17.5758,    -123
17.5858,    -116
17.5958,     -68
17.6058,    -105
17.6158,     -63
17.6258,    -101
17.6358,     -69
17.6458,     -76
17.6558,     -79
17.6658,     -48
17.6758,     -80
17.6858,     -79
17.6958,    -110
17.7058,    -128
17.7158,    -102
17.7258,     -38
17.7358,    -112
17.7458,     -31
17.7558,    -112
17.7658,     -97
17.7758,    -101
17.7858,    -101
17.7958,    -125
17.8058,     -94
17.8158,     -91
17.8258,     -93
17.8358,     -62
17.8458,    -119
17.8558,    -105
17.8658,     -48
17.8758,    -100
17.8858,     -70
17.8958,    -117
17.9058,     -79
17.9158,    -118
17.9258,     -62
17.9358,    -107
17.9458,     -90
17.9558,     -64
17.9658,    -106
17.9758,     -91
17.9858,    -120
17.9958,    -119
18.0058,    -126
18.0158,     -82
18.0258,     -95
18.0358,     -94
18.0458,     -84
18.0558,     -85
18.0658,     -68
18.0758,    -124
18.0858,     -81
18.0958,    -101
18.1058,     -94
18.1158,    -109
18.1258,    -113
18.1358,     -78
18.1458,    -115
18.1558,     -79
18.1658,    -145
18.1758,     -94
18.1858,    -109
18.1958,     -97
18.2058,     -81
18.2158,     -76
18.2258,    -108
18.2358,    -103
18.2458,    -147
18.2558,    -137
18.2658,    -115
18.2758,    -123
18.2858,     -82
18.2958,    -144
18.3058,    -171
18.3158,    -128
18.3258,    -105
18.3358,    -169
18.3458,    -147
18.3558,    -106
18.3658,    -102
18.3758,    -152
18.3858,    -146
18.3958,    -185
18.4058,    -169
18.4158,    -189
18.4258,    -157
18.4358,    -188
18.4458,    -132
18.4558,    -269
18.4658,    -158
18.4758,    -202
18.4858,    -258
18.4958,    -264
18.5059,    -242
18.5159,    -273
18.5259,    -276
18.5359,    -265
18.5459,    -310
18.5559,    -214
18.5659,    -383
18.5759,    -309
18.5859,    -330
18.5959,    -351
18.6059,    -354
18.6159,    -354
18.6259,    -378
18.6359,    -373
18.6459,    -363
18.6559,    -450
18.6659,    -469
18.6759,    -459
18.6859,    -396
18.6959,    -418
18.7059,    -563
18.7159,    -445
18.7259,    -421
18.7359,    -417
18.7459,    -411
18.7559,    -434
18.7659,    -480
18.7759,    -521
18.7859,    -464
18.7959,    -463
18.8059,    -475
18.8159,    -485
18.8259,    -486
18.8359,    -499
18.8459,    -457
18.8559,    -570
18.8659,    -494
18.8759,    -511
18.8859,    -563
18.8959,    -580
18.9059,    -370
18.9159,    -570
18.9259,    -467
18.9359,    -473
18.9459,    -539
18.9559,    -395
18.9659,    -425
18.9759,    -377
18.9859,    -440
18.9959,    -358
19.0059,    -440
19.0159,    -331
19.0259,    -394
19.0359,    -348
19.0459,    -402
19.0559,    -322
19.0659,    -310
19.0759,    -316
19.0859,    -339
19.0959,    -323
19.1059,    -250
19.1159,    -269
19.1259,    -258
19.1359,    -352
19.1459,    -241
19.1559,    -253
19.1659,    -228
19.1759,    -268
19.1859,    -249
19.1959,    -238
19.2059,    -202
19.2159,    -155
19.2259,    -153
19.2359,    -163
19.2459,    -131
19.2559,    -189
19.2659,    -187
19.2759,    -191
19.2859,    -194
19.2959,     -94
19.3059,    -177
19.3159,    -126
19.3259,    -119
19.3359,    -107
19.3459,    -113
19.3559,    -127
19.3659,    -117
19.3759,     -82
19.3859,     -95
19.3959,     -93
19.4059,    -107
19.4159,     -98
19.4259,    -110
19.4359,    -113
19.4459,     -80
19.4559,     -36
19.4659,    -122
19.4759,     -46
19.4859,     -69
19.4959,     -98
19.5060,     -88
19.5160,     -78
19.5260,     -43
19.5360,     -86
19.5460,     -93
19.5560,     -47
19.5660,     -57
19.5760,     -92
19.5860,    -108
19.5960,     -71
19.6060,     -65
19.6160,     -91
19.6260,     -58
19.6360,     -52
19.6460,     -63
19.6560,     -60
19.6660,     -91
19.6760,     -57
19.6860,     -46
19.6960,     -91
19.7060,     -30
19.7160,     -50
19.7260,     -43
19.7360,     -48
19.7460,     -61
19.7560,     -37
19.7660,     -36
19.7760,     -49
19.7860,     -68
19.7960,     -46
19.8060,     -64
19.8160,     -10
19.8260,     -48
19.8360,     -59
19.8460,     -57
19.8560,     -31
19.8660,     -61
19.8760,     -79
19.8860,     -42
19.8960,     -49
19.9060,     -38
19.9160,     -59
19.9260,     -29
19.9360,     -28
19.9460,     -25
19.9560,     -76
19.9660,     -50
19.9760,     -21
19.9860,     -18
19.9960,     -64
20.0060,     -71
20.0160,     -36
20.0260,     -75
20.0360,     -74
20.0460,     -63
20.0560,      -2
20.0660,     -50
20.0760,     -39
20.0860,     -27
20.0960,     -60
20.1060,     -59
20.1160,     -90
20.1260,     -75
20.1360,     -46
20.1460,     -35
20.1560,     -16
20.1660,     -30
20.1760,     -50
20.1860,     -15
20.1960,     -43
20.2060,    -108
20.2160,     -54
20.2260,    -100
20.2360,     -57
20.2460,     -29
20.2560,     -63
20.2660,     -85
20.2760,     -57
20.2860,     -57
20.2960,     -42
20.3060,     -37
20.3160,     -60
20.3260,     -70
20.3360,     -71
20.3460,     -25
20.3560,     -61
20.3660,     -46
20.3760,     -33
20.3860,     -20
20.3960,     -43
20.4060,     -21
20.4160,     -52
20.4260,     -54
20.4360,     -12
20.4460,     -53
20.4560,     -13
20.4660,     -52
20.4760,     -49
20.4860,      -7
20.4960,     -14
20.5061,     -31
20.5161,     -42
20.5261,     -23
20.5361,     -34
20.5461,     -12
20.5561,     -54
20.5661,     -37
20.5761,     -38
20.5861,     -47
20.5961,     -22
20.6061,     -45
20.6161,     -14
20.6261,      -3
20.6361,     -56
20.6461,     -60
20.6561,      -7
20.6661,     -53
20.6761,     -31
20.6861,     -59
20.6961,     -42
20.7061,     -30
20.7161,     -62
20.7261,     -37
20.7361,     -24
20.7461,     -37
20.7561,     -43
20.7661,     -53
20.7761,     -42
20.7861,     -53
20.7961,     -41
20.8061,     -28
20.8161,     -57
20.8261,     -48
20.8361,     -37
20.8461,     -23
20.8561,     -81
20.8661,     -66
20.8761,     -36
20.8861,     -68
20.8961,     -65
20.9061,     -61
20.9161,     -47
20.9261,     -73
20.9361,     -21
20.9461,     -57
20.9561,     -58
20.9661,     -24
20.9761,     -59
20.9861,     -49
20.9961,     -82
21.0061,     -73
21.0161,     -68
21.0261,     -56
21.0361,     -61
21.0461,     -65
21.0561,     -36
21.0661,     -92
21.0761,     -70
21.0861,     -57
21.0961,     -20
21.1061,     -42
21.1161,     -55
21.1261,     -73
21.1361,     -45
21.1461,     -78
21.1561,     -86
21.1661,     -64
21.1761,     -75
21.1861,     -50
21.1961,     -22
21.2061,     -42
21.2161,     -60
21.2261,     -41
21.2361,     -55
21.2461,     -26
21.2561,     -40
21.2661,     -54
21.2761,     -22
21.2861,     -31
21.2961,     -65
21.3061,     -20
21.3161,     -48
21.3261,     -21
21.3361,     -37
21.3461,     -41
21.3561,     -22
21.3661,     -19
21.3761,     -39
21.3861,     -20
21.3961,     -29
21.4061,     -35
21.4161,     -24
21.4261,     -41
21.4361,     -26
21.4461,     -16
21.4561,     -32
21.4661,     -29
21.4761,     -45
21.4861,     -37
21.4961,     -37
21.5062,     -32
21.5162,     -34
21.5262,     -24
21.5362,     -30
21.5462,     -35
21.5562,     -29
21.5662,     -19
21.5762,     -33
21.5862,     -30
21.5962,     -12
21.6062,     -24
21.6162,      -1
21.6262,     -20
21.6362,      -8
21.6462,     -29
21.6562,       5
21.6662,     -37
21.6762,      -4
21.6862,     -13
21.6962,     -20
21.7062,     -18
21.7162,      -2
21.7262,     -20
21.7362,     -26
21.7462,     -14
21.7562,     -26
21.7662,     -22
21.7762,     -22
21.7862,     -13
21.7962,     -32
21.8062,     -10
21.8162,     -28
21.8262,     -26
21.8362,     -20
21.8462,     -11
21.8562,     -13
21.8662,      -8
21.8762,      -9
21.8862,     -14
21.8962,     -10
21.9062,      -2
21.9162,     -13
21.9262,     -24
21.9362,      -6
21.9462,       2
21.9562,     -11
21.9662,       2
21.9762,     -11
21.9862,       1
21.9962,     -21
22.0062,     -14
22.0162,     -13
22.0262,     -25
22.0362,      -5
22.0462,      -6
22.0562,     -35
22.0662,     -18
22.0762,     -22
22.0862,     -18
22.0962,     -14
22.1062,      -7
22.1162,     -14
22.1262,     -11
22.1362,     -15
22.1462,     -14
22.1562,     -17
22.1662,      -3
22.1762,     -10
22.1862,      -3
22.1962,      -6
22.2062,     -17
22.2162,     -13
22.2262,     -22
22.2362,     -10
22.2462,     -19
22.2562,      -7
22.2662,      -9
22.2762,     -10
22.2862,       3
22.2962,     -19
22.3062,     -28
22.3162,      -8
22.3262,      11
22.3362,     -25
22.3462,      -8
22.3562,     -12
22.3662,     -10
22.3762,     -16
22.3862,       0
22.3962,     -20
22.4062,     -22
22.4162,     -10
22.4262,     -12
22.4362,      -8
22.4462,      13
22.4562,      -7
22.4662,     -24
22.4762,       0
22.4862,      -9
22.4962,     -22
22.5063,      -9
22.5163,      -3
22.5263,      -4
22.5363,     -10
22.5463,      -6
22.5563,     -22
22.5663,      -8
22.5763,     -22
22.5863,      -9
22.5963,     -22
22.6063,      -7
22.6163,     -21
22.6263,     -13
22.6363,       1
22.6463,      -2
22.6563,     -16
22.6663,       4
22.6763,      -5
22.6863,     -13
22.6963,       1
22.7063,     -13
22.7163,      -1
22.7263,       1
22.7363,      -9
22.7463,     -18
22.7563,     -15
22.7663,     -31
22.7763,      -7
22.7863,      -3
22.7963,      -5
22.8063,       8
22.8163,     -14
22.8263,       1
22.8363,      -8
22.8463,       3
22.8563,      -6
22.8663,       2
22.8763,       6
22.8863,      -5
22.8963,      -3
22.9063,     -22
22.9163,     -14
22.9263,      -8
22.9363,      -5
22.9463,      -4
22.9563,       0
22.9663,      -7
22.9763,     -12
22.9863,     -15
22.9963,       3
23.0063,      -7
23.0163,     -12
23.0263,     -17
23.0363,       5
23.0463,     -10
23.0563,       1
23.0663,      -8
23.0763,     -17
23.0863,      -6
23.0963,     -17
23.1063,       8
23.1163,      -7
23.1263,       1
23.1363,      -5
23.1463,       2
23.1563,     -10
23.1663,      -2
23.1763,     -26
23.1863,      11
23.1963,     -19
23.2063,     -14
23.2163,      -1
23.2263,      -2
23.2363,     -10
23.2463,      -7
23.2563,     -11
23.2663,      -8
23.2763,      -7
23.2863,      -6
23.2963,     -16
23.3063,     -11
23.3163,       6
23.3263,     -12
23.3363,     -20
23.3463,     -14
23.3563,      -8
23.3663,      -8
23.3763,      -7
23.3863,      -8
23.3963,     -10
23.4063,      -9
23.4163,      11
23.4263,     -14
23.4363,       2
23.4463,     -15
23.4563,      -3
23.4663,      -2
23.4763,      -1
23.4863,     -10
23.4963,      -5
23.5064,      -6
23.5164,       0
23.5264,     -10
23.5364,      -8
23.5464,      -4
23.5564,      -3
23.5664,       3
23.5764,      -8
23.5864,      -1
23.5964,      -7
23.6064,       0
23.6164,     -12
23.6264,     -14
23.6364,     -14
23.6464,      -6
23.6564,      -6
23.6664,      -8
23.6764,      -1
23.6864,      -6
23.6964,      13
23.7064,       2
23.7164,       0
23.7264,      -4
23.7364,     -12
23.7464,      -5
23.7564,      -7
23.7664,       9
23.7764,     -11
23.7864,     -16
23.7964,       2
23.8064,      -6
23.8164,      -5
23.8264,      -1
23.8364,       3
23.8464,     -15
23.8564,      -8
23.8664,      -6
23.8764,       2
23.8864,      -2
23.8964,      -4
23.9064,      -8
23.9164,      -2
23.9264,       1
23.9364,       6
23.9464,      -4
23.9564,      -5
23.9664,      -3
23.9764,       1
23.9864,      -5
23.9964,      -3
24.0064,      -6
24.0164,      -4
24.0264,      -7
24.0364,      -4
24.0464,      -9
24.0564,      -5
24.0664,      -8
24.0764,       0
24.0864,     -12
24.0964,     -13
24.1064,      -2
24.1164,      -5
24.1264,      -5
24.1364,      -9
24.1464,       1
24.1564,     -10
24.1664,       1
24.1764,      -2
24.1864,     -13
24.1964,     -11
24.2064,      -6
24.2164,      -6
24.2264,      -4
24.2364,      -3
24.2464,      -5
24.2564,      -5
24.2664,      -1
24.2764,     -12
24.2864,      -2
24.2964,      -5
24.3064,      -3
24.3164,      -5
24.3264,     -12
24.3364,      -3
24.3464,      -8
24.3564,      -7
24.3664,      -5
24.3764,       7
24.3864,     -10
24.3964,       0
24.4064,     -13
24.4164,     -14
24.4264,       4
24.4364,     -13
24.4464,      -2
24.4564,      -5
24.4664,       0
24.4764,     -10
24.4864,       1
24.4964,       4
24.5065,       0
24.5165,      -6
24.5265,       0
24.5365,      -9
24.5465,      -8
24.5565,      -1
24.5665,      -1
24.5765,      -3
24.5865,      -2
24.5965,       5
24.6065,      -3
24.6165,     -14
24.6265,      -6
24.6365,      -4
24.6465,       1
24.6565,      -2
24.6665,       7
24.6765,      -3
24.6865,      -5
24.6965,      -6
24.7065,      -4
24.7165,      -6
24.7265,       3
24.7365,      -5
24.7465,      -2
24.7565,      -8
24.7665,       3
24.7765,       0
24.7865,      -1
24.7965,      -4
24.8065,     -10
24.8165,       4
24.8265,      -2
24.8365,      -8
24.8465,      -8
24.8565,       3
24.8665,       0
24.8765,      -6
24.8865,       3
24.8965,      -4
24.9065,       1
24.9165,      -7
24.9265,       2
24.9365,       2
24.9465,      -7
24.9565,      -4
24.9665,      -8
24.9765,      -2
24.9865,       2
24.9965,       0
25.0065,      -5
25.0165,      -8
25.0265,     -12
25.0365,       5
25.0465,      -4
25.0565,      -3
25.0665,      -4
25.0765,      -4
25.0865,      -2
25.0965,      -5
25.1065,      -8
25.1165,      -5
25.1265,      -4
25.1365,     -19
25.1465,      -5
25.1565,      -5
25.1665,       3
25.1765,      -6
25.1865,       8
25.1965,      -2
25.2065,      -8
25.2165,      -3
25.2265,      -8
25.2365,     -10
25.2465,       1
25.2565,      -8
25.2665,       0
25.2765,       8
25.2865,      -8
25.2965,      -1
25.3065,      -3
25.3165,      -6
25.3265,       3
25.3365,       8
25.3465,       2
25.3565,      -8
25.3665,      -7
25.3765,      -7
25.3865,      -6
25.3965,       1
25.4065,       4
25.4165,     -10
25.4265,      -3
25.4365,       1
25.4465,       0
25.4565,       1
25.4665,      -7
25.4765,      -4
25.4865,      -1
25.4965,       0
25.5066,      -1
25.5166,      -9
25.5266,      -5
25.5366,      -2
25.5466,      -1
25.5566,       2
25.5666,       1
25.5766,      -7
25.5866,      -8
25.5966,      -3
25.6066,      -3
25.6166,     -11
25.6266,       1
25.6366,      -1
25.6466,      -1
25.6566,      -4
25.6666,      -1
25.6766,      -5
25.6866,      -3
25.6966,       3
25.7066,      -4
25.7166,       0
25.7266,      -2
25.7366,      -4
25.7466,       8
25.7566,       6
25.7666,       2
25.7766,       6
25.7866,     -11
25.7966,      -3
25.8066,      -5
25.8166,       5
25.8266,      -3
25.8366,      -5
25.8466,       1
25.8566,      -3
25.8666,      -1
25.8766,       3
25.8866,      -7
25.8966,      -4
25.9066,      -4
25.9166,      -1
25.9266,       4
25.9366,       6
25.9466,      -4
25.9566,      -2
25.9666,      -6
25.9766,      -4
25.9866,     -11
25.9966,       2
26.0066,      -2
26.0166,      -6
26.0266,      -3
26.0366,      -2
26.0466,      -8
26.0566,      -7
26.0666,      -8
26.0766,      -3
26.0866,      -6
26.0966,      -2
26.1066,       6
26.1166,       4
26.1266,      -2
26.1366,      -9
26.1466,      -5
26.1566,      -3
26.1666,     -11
26.1766,      -5
26.1866,       0
26.1966,       0
26.2066,      -2
26.2166,       0
26.2266,      -6
26.2366,       5
26.2466,      -4
26.2566,      -2
26.2666,       1
26.2766,      -7
26.2866,      -1
26.2966,      -3
26.3066,       0
26.3166,      -6
26.3266,      -6
26.3366,      -4
26.3466,       0
26.3566,      -9
26.3666,      -5
26.3766,      -2
26.3866,      -1
26.3966,      -3
26.4066,      -1
26.4166,      -5
26.4266,      -6
26.4366,      -5
26.4466,      -2
26.4566,      -7
26.4666,       2
26.4766,       2
26.4866,      -6
26.4966,       4
26.5067,       4
26.5167,       4
26.5267,      -7
26.5367,      -1
26.5467,      -3
26.5567,      -2
26.5667,      -3
26.5767,       1
26.5867,      -7
26.5967,      -5
26.6067,      -5
26.6167,      -9
26.6267,      -1
26.6367,       4
26.6467,       0
26.6567,      -6
26.6667,     -11
26.6767,       1
26.6867,       0
26.6967,      -2
26.7067,       0
26.7167,       2
26.7267,       1
26.7367,     -10
26.7467,      -3
26.7567,      -5
26.7667,       9
26.7767,      -3
26.7867,       2
26.7967,      -6
26.8067,       8
26.8167,      -1
26.8267,       3
26.8367,       4
26.8467,      -2
26.8567,      -2
26.8667,       7
26.8767,      -2
26.8867,      -1
26.8967,      -9
26.9067,      -5
26.9167,       1
26.9267,      -8
26.9367,      -1
26.9467,      -4
26.9567,      -2
26.9667,       3
26.9767,      -1
26.9867,       1
26.9967,      -2
27.0067,      -3
27.0167,      -6
27.0267,      -5
27.0367,      -5
27.0467,       2
27.0567,      -4
27.0667,      -5
27.0767,      -4
27.0867,      -1
27.0967,      -7
27.1067,      -5
27.1167,      -2
27.1267,       1
27.1367,       3
27.1467,      -6
27.1567,       2
27.1667,      -2
27.1767,      -8
27.1867,      -1
27.1967,      -4
27.2067,      -3
27.2167,     -11
27.2267,       0
27.2367,       5
27.2467,      -6
27.2567,      -3
27.2667,      -3
27.2767,       1
27.2867,       9
27.2967,       1
27.3067,      -1
27.3167,      -1
27.3267,      -6
27.3367,       2
27.3467,       0
27.3567,      -2
27.3667,       2
27.3767,      -7
27.3867,      -8
27.3967,      -2
27.4067,       2
27.4167,      -3
27.4267,      -2
27.4367,      -1
27.4467,      -2
27.4567,      -4
27.4667,      -4
27.4767,      -3
27.4867,       2
27.4967,      -1
27.5068,      -4
27.5168,       0
27.5268,      -3
27.5368,      -1
27.5468,      -5
27.5568,       2
27.5668,      -1
27.5768,      -4
27.5868,      -6
27.5968,      -3
27.6068,      -4
27.6168,      -3
27.6268,      -3
27.6368,      -4
27.6468,      -2
27.6568,      -1
27.6668,      -3
27.6768,      -1
27.6868,      -1
27.6968,      -2
27.7068,      -5
27.7168,       3
27.7268,       0
27.7368,       5
27.7468,       1
27.7568,      -8
27.7668,      -5
27.7768,       1
27.7868,      -1
27.7968,       2
27.8068,      -3
27.8168,      -2
27.8268,      -1
27.8368,      -2
27.8468,      -2
27.8568,      -2
27.8668,      -5
27.8768,      -2
27.8868,      -8
27.8968,      -3
27.9068,       3
27.9168,      -7
27.9268,      -6
27.9368,       5
27.9468,      -1
27.9568,       5
27.9668,      -6
27.9768,      -3
27.9868,      -6
27.9968,       2
28.0068,       1
28.0168,      -4
28.0268,       0
28.0368,      -1
28.0468,      -3
28.0568,      -4
28.0668,      -6
28.0768,       4
28.0868,      -6
28.0968,       8
28.1068,      -4
28.1168,       0
28.1268,      -2
28.1368,      -1
28.1468,       2
28.1568,       1
28.1668,     -10
28.1768,      -5
28.1868,       2
28.1968,      -1
28.2068,       2
28.2168,       1
28.2268,      -4
28.2368,       1
28.2468,      -2
28.2568,      -4
28.2668,       0
28.2768,       3
28.2868,       0
28.2968,      -2
28.3068,       0
28.3168,      -5
28.3268,      -1
28.3368,       0
28.3468,      -5
28.3568,      -4
28.3668,      -6
28.3768,       1
28.3868,      -4
28.3968,      -9
28.4068,      -1
28.4168,       2
28.4268,      -3
28.4368,       4
28.4468,       1
28.4568,      -1
28.4668,       2
28.4768,       5
28.4868,      -2
28.4968,       0
28.5069,      -5
28.5169,       0
28.5269,      -3
28.5369,      -2
28.5469,       3
28.5569,       3
28.5669,      -1
28.5769,      -4
28.5869,      -1
28.5969,       2
28.6069,      -5
28.6169,       5
28.6269,       1
28.6369,       1
28.6469,       0
28.6569,       2
28.6669,       0
28.6769,      -2
28.6869,      -1
28.6969,       0
28.7069,      -1
28.7169,       7
28.7269,      -7
28.7369,      -8
28.7469,      -2
28.7569,       0
28.7669,      -1
28.7769,       4
28.7869,       1
28.7969,      -7
28.8069,      -2
28.8169,       4
28.8269,       1
28.8369,       2
28.8469,      -4
28.8569,       3
28.8669,       1
28.8769,      -6
28.8869,       0
28.8969,      -4
28.9069,      -3
28.9169,       2
28.9269,      -3
28.9369,      -3
28.9469,      -5
28.9569,       1
28.9669,       1
28.9769,       0
28.9869,      -6
28.9969,      -2
29.0069,       5
29.0169,      -6
29.0269,      -4
29.0369,       2
29.0469,      -5
29.0569,       0
29.0669,      -2
29.0769,      -3
29.0869,       1
29.0969,       3
29.1069,      -2
29.1169,       0
29.1269,      -6
29.1369,       5
29.1469,       1
29.1569,      -4
29.1669,       1
29.1769,       0
29.1869,      -3
29.1969,       2
29.2069,      -4
29.2169,       1
29.2269,      -5
29.2369,      -6
29.2469,      -3
29.2569,      -2
29.2669,      -2
29.2769,      -3
29.2869,       2
29.2969,      -1
29.3069,       0
29.3169,      -2
29.3269,      -1
29.3369,       2
29.3469,       2
29.3569,      -3
29.3669,       0
29.3769,       0
29.3869,      -1
29.3969,      -2
29.4069,      -1
29.4169,       0
29.4269,      -4
29.4369,      -1
29.4469,      -2
29.4569,       0
29.4669,       1
29.4769,      -6
29.4869,      -5
29.4969,       2
29.5070,       4
29.5170,      -2
29.5270,       1
29.5370,      -4
29.5470,       0
29.5570,      -2
29.5670,       0
29.5770,      -2
29.5870,      -4
29.5970,       0
29.6070,       2
29.6170,      -4
29.6270,      -6
29.6370,       7
29.6470,      -1
29.6570,      -2
29.6670,       1
29.6770,       0
29.6870,       1
29.6970,      -8
29.7070,       2
29.7170,       3
29.7270,       1
29.7370,       0
29.7470,      -1
29.7570,       0
29.7670,      -3
29.7770,      -1
29.7870,      -2
29.7970,      -4
29.8070,       4
29.8170,       0
29.8270,      -1
29.8370,      -1
29.8470,       3
29.8570,       1
29.8670,       2
29.8770,      -4
29.8870,      -1
29.8970,      -3
29.9070,       3
29.9170,      -2
29.9270,       3
29.9370,       2
29.9470,       1
29.9570,       3
29.9670,       0
29.9770,      -1
29.9870,       0
29.9970,      -5
30.0070,      -3
30.0170,      -1
30.0270,       0
30.0370,       1
30.0470,       0
30.0570,      -4
30.0670,      -7
30.0770,      -3
30.0870,      -1
30.0970,       1
30.1070,      -2
30.1170,       0
30.1270,      -3
30.1370,      -2
30.1470,      -2
30.1570,      -1
30.1670,       4
30.1770,       0
30.1870,       3
30.1970,       0
30.2070,      -4
30.2170,      -1
30.2270,      -3
30.2370,      -2
30.2470,      -1
30.2570,       0
30.2670,       3
30.2770,       1
30.2870,       4
30.2970,       0
30.3070,      -5
30.3170,       0
30.3270,       1
30.3370,       1
30.3470,       1
30.3570,       2
30.3670,      -5
30.3770,       0
30.3870,      -4
30.3970,      -5
30.4070,       0
30.4170,       0
30.4270,       2
30.4370,      -2
30.4470,      -2
30.4570,      -2
30.4670,       2
30.4770,       0
30.4870,      -1
30.4970,      -2
30.5071,      -4
30.5171,      -3
30.5271,      -2
30.5371,      -3
30.5471,      -5
30.5571,       3
30.5671,      -7
30.5771,      -3
30.5871,      -2
30.5971,      -1
30.6071,       1
30.6171,       0
30.6271,      -2
30.6371,       1
30.6471,      -6
30.6571,      -1
30.6671,      -2
30.6771,       2
30.6871,      -2
30.6971,       3
30.7071,       3
30.7171,      -1
30.7271,      -2
30.7371,       4
30.7471,       0
30.7571,       7
30.7671,      -5
30.7771,      -3
30.7871,       0
30.7971,       1
30.8071,       1
30.8171,       4
30.8271,      -1
30.8371,      -4
30.8471,      -3
30.8571,       0
30.8671,       1
30.8771,      -1
30.8871,       0
30.8971,       2
30.9071,       0
30.9171,       1
30.9271,       1
30.9371,      -3
30.9471,      -1
30.9571,      -1
30.9671,       2
30.9771,       1
30.9871,       3
30.9971,      -2
31.0071,      -2
31.0171,       0
31.0271,       1
31.0371,       1
31.0471,      -3
31.0571,       1
31.0671,       1
31.0771,       2
31.0871,      -2
31.0971,      -1
31.1071,       1
31.1171,      -1
31.1271,       2
31.1371,      -3
31.1471,       1
31.1571,      -2
31.1671,       3
31.1771,      -1
31.1871,       0
31.1971,       0
31.2071,       3
31.2171,      -2
31.2271,      -4
31.2371,      -3
31.2471,      -1
31.2571,       3
31.2671,       3
31.2771,      -1
31.2871,       4
31.2971,       2
31.3071,      -3
31.3171,       0
31.3271,       2
31.3371,       3
31.3471,      -1
31.3571,       1
31.3671,      -3
31.3771,       0
31.3871,       2
31.3971,       1
31.4071,       3
31.4171,       0
31.4271,       4
31.4371,      -1
31.4471,      -1
31.4571,      -1
31.4671,       0
31.4771,      -2
31.4871,      -2
31.4971,      -1
31.5072,      -3
31.5172,      -3
31.5272,      -5
31.5372,       1
31.5472,      -3
31.5572,      -3
31.5672,      -1
31.5772,       1
31.5872,       1
31.5972,      -1
31.6072,       1
31.6172,      -5
31.6272,      -4
31.6372,       0
31.6472,      -2
31.6572,      -1
31.6672,      -2
31.6772,      -5
31.6872,      -2
31.6972,       3
31.7072,       0
31.7172,      -2
31.7272,       5
31.7372,      -4
31.7472,      -3
31.7572,      -2
31.7672,       2
31.7772,       1
31.7872,       2
31.7972,       5
31.8072,       0
31.8172,       7
31.8272,       1
31.8372,       1
31.8472,       1
31.8572,       2
31.8672,       2
31.8772,      -1
31.8872,       4
31.8972,       3
31.9072,       2
31.9172,       1
31.9272,       1
31.9372,       0
31.9472,       3
31.9572,      -3
31.9672,       2
31.9772,      -2
31.9872,      -1
31.9972,       0
32.0072,       0
32.0172,       5
32.0272,       6
32.0372,       4
32.0472,       1
32.0572,       3
32.0672,       2
32.0772,       5
32.0872,       7
32.0972,       4
32.1072,       5
32.1172,       1
32.1272,      -2
32.1372,       0
32.1472,       5
32.1572,       0
32.1672,       5
32.1772,       2
32.1872,       3
32.1972,       5
32.2072,       0
32.2172,       2
32.2272,       5
32.2372,       1
32.2472,       0
32.2572,       5
32.2672,       2
32.2772,       2
32.2872,       4
32.2972,       6
32.3072,       8
32.3172,       2
32.3272,      -1
32.3372,       1
32.3472,       3
32.3572,      -2
32.3672,      -4
32.3772,       2
32.3872,       1
32.3972,       0
32.4072,      -1
32.4172,      -2
32.4272,       3
32.4372,       6
32.4472,       0
32.4572,       3
32.4672,      -1
32.4772,      -1
32.4872,      -4
32.4972,       2
32.5073,       1
32.5173,      -2
32.5273,      -3
32.5373,       1
32.5473,       2
32.5573,       0
32.5673,      -4
32.5773,      -1
32.5873,      -2
32.5973,      -5
32.6073,       0
32.6173,       0
32.6273,      -1
32.6373,       0
32.6473,      -2
32.6573,      -1
32.6673,      -1
32.6773,      -1
32.6873,      -2
32.6973,      -2
32.7073,      -3
32.7173,       1
32.7273,       3
32.7373,       1
32.7473,      -2
32.7573,       0
32.7673,      -2
32.7773,       1
32.7873,       0
32.7973,       1
32.8073,       0
32.8173,       2
32.8273,      -2
32.8373,       2
32.8473,      -1
32.8573,      -5
32.8673,      -1
32.8773,      -1
32.8873,      -1
32.8973,       0
32.9073,       0
32.9173,       1
32.9273,      -2
32.9373,       0
32.9473,       1
32.9573,       0
32.9673,       0
32.9773,       2
32.9873,       0
32.9973,       1
33.0073,      -7
33.0173,      -5
33.0273,      -2
33.0373,       0
33.0473,      -1
33.0573,      -1
33.0673,       1
33.0773,       3
33.0873,       0
33.0973,       0
33.1073,       0
33.1173,      -1
33.1273,       0
33.1373,       1
33.1473,      -2
33.1573,      -1
33.1673,       2
33.1773,      -2
33.1873,       0
33.1973,      -2
33.2073,      -3
33.2173,       2
33.2273,      -3
33.2373,      -2
33.2473,       1
33.2573,       0
33.2673,      -3
33.2773,      -4
33.2873,       0
33.2973,       2
33.3073,      -2
33.3173,      -3
33.3273,      -4
33.3373,       2
33.3473,       0
33.3573,      -2
33.3673,       3
33.3773,       2
33.3873,      -2
33.3973,      -1
33.4073,       0
33.4173,       0
33.4273,       2
33.4373,      -1
33.4473,      -1
33.4573,       0
33.4673,      -2
33.4773,       2
33.4873,       0
33.4973,      -1
33.5074,      -3
33.5174,      -1
33.5274,      -2
33.5374,      -1
33.5474,       1
33.5574,      -1
33.5674,       0
33.5774,       1
33.5874,      -5
33.5974,       0
33.6074,      -1
33.6174,       0
33.6274,      -4
33.6374,       2
33.6474,       1
33.6574,      -1
33.6674,      -3
33.6774,       1
33.6874,      -1
33.6974,       1
33.7074,       2
33.7174,       0
33.7274,      -1
33.7374,      -1
33.7474,       0
33.7574,       1
33.7674,      -1
33.7774,       0
33.7874,       1
33.7974,       1
33.8074,      -1
33.8174,      -2
33.8274,      -1
33.8374,      -1
33.8474,       0
33.8574,       0
33.8674,      -3
33.8774,       0
33.8874,       1
33.8974,      -1
33.9074,      -2
33.9174,       1
33.9274,      -1
33.9374,      -1
33.9474,       0
33.9574,       0
33.9674,       0
33.9774,       1
33.9874,      -1
33.9974,       0
34.0074,       1
34.0174,      -1
34.0274,       0
34.0374,      -3
34.0474,      -1
34.0574,       3
34.0674,      -2
34.0774,      -3
34.0874,      -1
34.0974,      -2
34.1074,      -1
34.1174,      -3
34.1274,       0
34.1374,       0
34.1474,       0
34.1574,      -3
34.1674,       1
34.1774,       2
34.1874,       0
34.1974,       1
34.2074,       1
34.2174,      -1
34.2274,       0
34.2374,       2
34.2474,       0
34.2574,       1
34.2674,       0
34.2774,      -3
34.2874,       0
34.2974,       1
34.3074,       0
34.3174,      -1
34.3274,      -1
34.3374,       2
34.3474,      -1
34.3574,       2
34.3674,      -1
34.3774,       0
34.3874,       0
34.3974,       2
34.4074,      -5
34.4174,      -3
34.4274,       2
34.4374,       0
34.4474,      -1
34.4574,       0
34.4674,       0
34.4774,       0
34.4874,       1
34.4974,      -1
34.5075,      -1
34.5175,       0
34.5275,       1
34.5375,      -1
34.5475,      -1
34.5575,      -4
34.5675,       0
34.5775,       0
34.5875,      -3
34.5975,       3
34.6075,       0
34.6175,      -1
34.6275,      -3
34.6375,       1
34.6475,       0
34.6575,      -1
34.6675,      -1
34.6775,       0
34.6875,       2
34.6975,       1
34.7075,       0
34.7175,      -1
34.7275,      -1
34.7375,      -1
34.7475,       0
34.7575,       0
34.7675,      -2
34.7775,       1
34.7875,      -2
34.7975,       0
34.8075,       1
34.8175,      -1
34.8275,       1
34.8375,       0
34.8475,      -2
34.8575,       0
34.8675,       3
34.8775,      -1
34.8875,      -1
34.8975,       0
34.9075,      -2
34.9175,       0
34.9275,       0
34.9375,      -1
34.9475,       1
34.9575,       1
34.9675,       1
34.9775,       2
34.9875,      -1
34.9975,      -2
35.0075,      -2
35.0175,      -1
35.0275,      -2
35.0375,       0
35.0475,       1
35.0575,       0
35.0675,      -1
35.0775,      -2
35.0875,       1
35.0975,      -1
35.1075,       0
35.1175,       0
35.1275,       0
35.1375,      -2
35.1475,       1
35.1575,       3
35.1675,      -2
35.1775,      -1
35.1875,      -2
35.1975,       1
35.2075,       0
35.2175,       2
35.2275,      -1
35.2375,       0
35.2475,       1
35.2575,      -1
35.2675,       2
35.2775,       0
35.2875,       0
35.2975,       0
35.3075,       2
35.3175,       0
35.3275,       0
35.3375,      -1
35.3475,       0
35.3575,       0
35.3675,       0
35.3775,       0
35.3875,      -2
35.3975,       0
35.4075,       0
35.4175,      -1
35.4275,      -1
35.4375,       0
35.4475,       0
35.4575,      -1
35.4675,       1
35.4775,       1
35.4875,       1
35.4975,       0
35.5076,       0
35.5176,       0
35.5276,      -2
35.5376,       1
35.5476,      -1
35.5576,      -3
35.5676,      -2
35.5776,      -1
35.5876,       2
35.5976,      -2
35.6076,      -1
35.6176,      -2
35.6276,       2
35.6376,       1
35.6476,       0
35.6576,      -1
35.6676,      -1
35.6776,       0
35.6876,      -3
35.6976,      -1
35.7076,       1
35.7176,       0
35.7276,       0
35.7376,      -1
35.7476,      -1
35.7576,       0
35.7676,      -1
35.7776,       0
35.7876,       1
35.7976,       2
35.8076,      -2
35.8176,       0
35.8276,       2
35.8376,      -1
35.8476,       0
35.8576,      -1
35.8676,       0
35.8776,       0
35.8876,       0
35.8976,      -1
35.9076,      -1
35.9176,      -1
35.9276,       1
35.9376,       0
35.9476,       2
35.9576,      -4
35.9676,      -2
35.9776,       0
35.9876,       0
35.9976,      -1
36.0076,      -2
36.0176,      -1
36.0276,      -1
36.0376,      -1
36.0476,      -1
36.0576,      -1
36.0676,       0
36.0776,       0
36.0876,       0
36.0976,       0
36.1076,       2
36.1176,      -2
36.1276,       3
36.1376,       2
36.1476,      -2
36.1576,       1
36.1676,       0
36.1776,       2
36.1876,      -2
36.1976,       0
36.2076,      -1
36.2176,       1
36.2276,       0
36.2376,      -3
36.2476,       0
36.2576,       2
36.2676,      -1
36.2776,       4
36.2876,       2
36.2976,       2
36.3076,       0
36.3176,       0
36.3276,       3
36.3376,       1
36.3476,       2
36.3576,       1
36.3676,       2
36.3776,       1
36.3876,      -2
36.3976,       1
36.4076,       0
36.4176,      -2
36.4276,       0
36.4376,      -1
36.4476,       1
36.4576,       2
36.4676,      -2
36.4776,       1
36.4876,       0
36.4976,       0
36.5077,      -1
36.5177,       0
36.5277,       1
36.5377,       0
36.5477,       1
36.5577,      -2
36.5677,       0
36.5777,      -3
36.5877,       2
36.5977,       0
36.6077,      -2
36.6177,      -1
36.6277,       2
36.6377,       0
36.6477,      -1
36.6577,       0
36.6677,       0
36.6777,       0
36.6877,       0
36.6977,       0
36.7077,      -1
36.7177,       1
36.7277,      -1
36.7377,       1
36.7477,       0
36.7577,       1
36.7677,       0
36.7777,       0
36.7877,       1
36.7977,       1
36.8077,      -1
36.8177,      -1
36.8277,      -1
36.8377,      -1
36.8477,      -1
36.8577,       0
36.8677,      -1
36.8777,      -1
36.8877,       2
36.8977,       1
36.9077,       0
36.9177,      -1
36.9277,       1
36.9377,       0
36.9477,       1
36.9577,      -3
36.9677,       0
36.9777,      -1
36.9877,       1
36.9977,       0
37.0077,      -2
37.0177,      -1
37.0277,      -1
37.0377,       0
37.0477,       0
37.0577,       1
37.0677,       1
37.0777,       1
37.0877,       0
37.0977,       1
37.1077,       1
37.1177,       0
37.1277,       0
37.1377,       0
37.1477,       0
37.1577,      -1
37.1677,       0
37.1777,       1
37.1877,      -1
37.1977,       1
37.2077,       0
37.2177,       0
37.2277,       1
37.2377,      -1
37.2477,       0
37.2577,       0
37.2677,       0
37.2777,       0
37.2877,      -1
37.2977,      -1
37.3077,       1
37.3177,      -2
37.3277,       0
37.3377,       0
37.3477,       0
37.3577,       1
37.3677,      -2
37.3777,       0
37.3877,      -3
37.3977,       0
37.4077,       1
37.4177,      -1
37.4277,      -1
37.4377,       0
37.4477,      -2
37.4577,       1
37.4677,      -1
37.4777,       1
37.4877,      -1
37.4977,       0
37.5078,       0
37.5178,       0
37.5278,      -3
37.5378,      -3
37.5478,       0
37.5578,      -1
37.5678,       0
37.5778,      -2
37.5878,      -1
37.5978,      -1
37.6078,       1
37.6178,      -2
37.6278,       2
37.6378,       1
37.6478,      -2
37.6578,       3
37.6678,      -1
37.6778,       0
37.6878,      -1
37.6978,      -1
37.7078,       0
37.7178,       0
37.7278,       1
37.7378,       0
37.7478,       0
37.7578,       0
37.7678,       0
37.7778,       0
37.7878,      -1
37.7978,       0
37.8078,       0
37.8178,      -1
37.8278,       0
37.8378,       0
37.8478,      -1
37.8578,       1
37.8678,      -1
37.8778,       2
37.8878,       0
37.8978,      -2
37.9078,       1
37.9178,       0
37.9278,       0
37.9378,       0
37.9478,       0
37.9578,       0
37.9678,      -1
37.9778,       0
37.9878,       0
37.9978,       0
38.0078,       0
38.0178,      -2
38.0278,      -1
38.0378,       0
38.0478,       1
38.0578,       0
38.0678,       0
38.0778,       0
38.0878,      -1
38.0978,       1
38.1078,      -2
38.1178,      -1
38.1278,       0
38.1378,       0
38.1478,       2
38.1578,      -1
38.1678,       1
38.1778,       1
38.1878,       0
38.1978,       0
38.2078,       1
38.2178,       1
38.2278,       0
38.2378,      -1
38.2478,      -1
38.2578,      -2
38.2678,      -1
38.2778,       0
38.2878,       1
38.2978,       1
38.3078,       0
38.3178,      -1
38.3278,       0
38.3378,      -1
38.3478,       0
38.3578,       0
38.3678,       1
38.3778,       0
38.3878,       1
38.3978,       0
38.4078,       0
38.4178,      -1
38.4278,       0
38.4378,      -1
38.4478,      -1
38.4578,      -2
38.4678,       0
38.4778,      -1
38.4878,       0
38.4978,       0
38.5079,       0
38.5179,       0
38.5279,      -1
38.5379,       0
38.5479,      -1
38.5579,       0
38.5679,       0
38.5779,      -1
38.5879,       1
38.5979,       1
38.6079,      -1
38.6179,       0
38.6279,      -1
38.6379,       0
38.6479,       0
38.6579,       0
38.6679,       1
38.6779,       0
38.6879,      -1
38.6979,      -1
38.7079,       0
38.7179,       0
38.7279,       0
38.7379,       0
38.7479,       0
38.7579,       0
38.7679,       0
38.7779,       0
38.7879,       0
38.7979,      -1
38.8079,       0
38.8179,       0
38.8279,      -1
38.8379,      -1
38.8479,      -2
38.8579,       1
38.8679,       0
38.8779,       0
38.8879,      -2
38.8979,      -2
38.9079,      -1
38.9179,      -1
38.9279,       0
38.9379,       0
38.9479,       0
38.9579,       0
38.9679,       0
38.9779,       0
38.9879,       1
38.9979,       0
39.0079,       1
39.0179,       1
39.0279,       0
39.0379,       0
39.0479,      -1
39.0579,       0
39.0679,       0
39.0779,       0
39.0879,       0
39.0979,       0
39.1079,       1
39.1179,       0
39.1279,       0
39.1379,       1
39.1479,      -1
39.1579,       0
39.1679,       0
39.1779,       0
39.1879,      -1
39.1979,       0
39.2079,      -2
39.2179,       0
39.2279,      -1
39.2379,      -1
39.2479,      -1
39.2579,      -1
39.2679,       0
39.2779,       0
39.2879,       0
39.2979,       0
39.3079,       0
39.3179,       0
39.3279,       0
39.3379,       0
39.3479,       0
39.3579,      -1
39.3679,      -1
39.3779,       0
39.3879,       0
39.3979,       0
39.4079,       0
39.4179,       0
39.4279,       0
39.4379,      -1
39.4479,       0
39.4579,      -1
39.4679,       0
39.4779,       0
39.4879,      -1
39.4979,      -1
39.5080,       0
39.5180,       0
39.5280,       0
39.5380,       0
39.5480,       1
39.5580,       0
39.5680,       0
39.5780,       0
39.5880,       0
39.5980,       0
39.6080,       0
39.6180,       0
39.6280,       0
39.6380,      -1
39.6480,      -1
39.6580,       0
39.6680,       0
39.6780,       0
39.6880,      -1
39.6980,       0
39.7080,      -1
39.7180,       0
39.7280,       0
39.7380,      -1
39.7480,      -1
39.7580,      -2
39.7680,       0
39.7780,       0
39.7880,       0
39.7980,       0
39.8080,      -1
39.8180,       0
39.8280,      -1
39.8380,      -1
39.8480,      -1
39.8580,       0
39.8680,       0
39.8780,       0
39.8880,       0
39.8980,       1
39.9080,      -1
39.9180,       1
39.9280,       0
39.9380,       0
39.9480,      -1
39.9580,       0
39.9680,       0
39.9780,       1
39.9880,       0
39.9980,       0
