2501.49	5183.98
2500.78	5254.23
2500.07	5112.92
2499.36	5182.32
2498.64	5069.15
2497.93	5194.69
2497.22	5123.67
2496.51	5150.92
2495.79	5051.86
2495.08	5065.08
2494.37	5148.44
2493.66	5259.82
2492.94	5104.71
2492.23	5174
2491.52	5075.03
2490.8	5074.21
2490.09	5129.46
2489.38	5156.66
2488.66	5071.77
2487.95	5183.02
2487.23	5070.14
2486.52	5167.35
2485.81	5278.53
2485.09	5137.69
2484.38	5094.87
2483.66	5094.05
2482.95	5093.23
2482.23	5120.39
2481.52	5147.54
2480.8	5174.69
2480.09	5173.85
2479.37	5117.1
2478.66	5088.32
2477.94	5185.33
2477.23	5128.6
2476.51	5113.8
2475.79	5126.95
2475.08	5028.35
2474.36	5083.4
2473.65	5082.59
2472.93	5221.38
2472.21	5080.95
2471.5	5177.83
2470.78	5079.31
2470.06	5204.06
2469.35	5147.43
2468.63	5021.07
2467.91	5215.49
2467.2	5131
2466.48	5158.05
2465.76	5115.41
2465.04	5142.45
2464.33	5197.36
2463.61	5196.52
2462.89	5195.69
2462.17	5292.34
2461.45	5207.94
2460.74	5081.79
2460.02	5108.82
2459.3	5121.91
2458.58	5176.75
2457.86	5120.26
2457.14	5063.79
2456.42	5215.98
2455.7	5117.79
2454.99	5228.2
2454.27	5171.75
2453.55	5143.11
2452.83	5114.49
2452.11	5085.87
2451.39	5293.45
2450.67	5223.14
2449.95	5194.52
2449.23	5179.8
2448.51	5123.42
2447.79	5316.95
2447.07	5163.41
2446.35	5204.21
2445.63	5106.24
2444.9	5174.79
2444.18	5229.44
2443.46	5214.72
2442.74	5186.15
2442.02	5213.04
2441.3	5129.03
2440.58	5114.34
2439.86	5127.37
2439.13	5223.53
2438.41	5236.54
2437.69	5138.74
2436.97	5276.4
2436.25	5164.77
2435.52	5191.63
2434.8	5356.89
2434.08	5245.31
2433.36	5216.79
2432.63	5285.12
2431.91	5270.44
2431.19	5200.43
2430.46	5199.59
2429.74	5295.54
2429.02	5128.79
2428.29	5224.72
2427.57	5127.13
2426.85	5098.67
2426.12	5153.11
2425.4	5290.4
2424.68	5179.06
2423.95	5150.61
2423.23	5080.74
2422.5	5093.73
2421.78	5175.72
2421.05	5174.88
2420.33	5256.83
2419.6	5187
2418.88	5158.58
2418.15	5226.7
2417.43	5294.79
2416.7	5225.01
2415.98	5293.08
2415.25	5209.54
2414.53	5236.25
2413.8	5166.52
2413.07	5207.01
2412.35	5247.48
2411.62	5274.18
2410.9	5218.25
2410.17	5203.64
2409.44	5120.21
2408.72	5270.77
2407.99	5173.6
2407.26	5269.06
2406.54	5268.21
2405.81	5267.35
2405.08	5294
2404.35	5196.91
2403.63	5182.32
2402.9	5250.2
2402.17	5276.83
2401.44	5234.76
2400.71	5233.91
2399.99	5164.39
2399.26	5300.88
2398.53	5300.03
2397.8	5216.8
2397.07	5202.23
2396.34	5283.73
2395.62	5214.26
2394.89	5131.1
2394.16	5253.73
2393.43	5129.44
2392.7	5293.16
2391.97	5168.91
2391.24	5154.36
2390.51	5194.65
2389.78	5234.92
2389.05	5206.67
2388.32	5082.53
2387.59	5218.68
2386.86	5272.61
2386.13	5244.37
2385.4	5284.59
2384.67	5215.29
2383.94	5241.82
2383.21	5227.29
2382.48	5294.85
2381.75	5362.39
2381.02	5265.78
2380.28	5155.52
2379.55	5209.38
2378.82	5235.87
2378.09	5180.35
2377.36	5165.84
2376.63	5151.34
2375.89	5150.51
2375.16	5313.59
2374.43	5148.83
2373.7	5216.28
2372.97	5215.43
2372.23	5282.84
2371.5	5104.55
2370.77	5226.54
2370.03	5321.2
2369.3	5224.84
2368.57	5292.19
2367.84	5195.87
2367.1	5222.3
2366.37	5221.45
2365.63	5261.49
2364.9	5178.87
2364.17	5273.41
2363.43	5258.93
2362.7	5298.94
2361.96	5189.13
2361.23	5338.08
2360.5	5255.52
2359.76	5227.44
2359.03	5240.2
2358.29	5348.22
2357.56	5184.07
2356.82	5210.44
2356.09	5168.78
2355.35	5290.34
2354.62	5180.7
2353.88	5356.6
2353.14	5260.58
2352.41	5218.95
2351.67	5381.17
2350.94	5244.43
2350.2	5270.74
2349.46	5215.56
2348.73	5296.19
2347.99	5254.6
2347.25	5321.62
2346.52	5334.33
2345.78	5387.74
2345.04	5332.59
2344.31	5277.46
2343.57	5317.29
2342.83	5262.18
2342.1	5315.56
2341.36	5260.47
2340.62	5327.39
2339.88	5340.08
2339.14	5339.21
2338.41	5257.05
2337.67	5283.28
2336.93	5268.88
2336.19	5186.77
2335.45	5307.79
2334.71	5334
2333.98	5292.52
2333.24	5251.06
2332.5	5277.27
2331.76	5330.53
2331.02	5383.77
2330.28	5328.79
2329.54	5327.92
2328.8	5272.97
2328.06	5245.08
2327.32	5365.87
2326.58	5351.48
2325.84	5350.61
2325.1	5336.23
2324.36	5348.87
2323.62	5266.97
2322.88	5333.62
2322.14	5305.75
2321.4	5304.89
2320.66	5277.03
2319.92	5316.65
2319.17	5369.76
2318.43	5341.9
2317.69	5381.49
2316.95	5299.7
2316.21	5325.81
2315.47	5257.53
2314.72	5256.68
2313.98	5282.77
2313.24	5335.81
2312.5	5375.36
2311.76	5253.25
2311.01	5252.39
2310.27	5359.26
2309.53	5318
2308.79	5370.98
2308.04	5343.18
2307.3	5288.48
2306.56	5354.89
2305.81	5448.19
2305.07	5339.7
2304.33	5379.17
2303.58	5311.06
2302.84	5417.75
2302.09	5363.1
2301.35	5348.78
2300.61	5509.15
2299.86	5347.04
2299.12	5252.14
2298.37	5345.29
2297.63	5518.99
2296.88	5558.36
2296.14	5369.52
2295.39	5288.12
2294.65	5287.25
2293.9	5313.22
2293.16	5352.6
2292.41	5324.9
2291.67	5458.14
2290.92	5296.35
2290.17	5174.82
2289.43	5375.04
2288.68	5307.15
2287.94	5306.29
2287.19	5359.01
2286.44	5465.3
2285.7	5263.51
2284.95	5383.17
2284.2	5382.29
2283.45	5287.7
2282.71	5353.76
2281.96	5406.41
2281.21	5392.15
2280.47	5444.78
2279.72	5336.88
2278.97	5376.13
2278.22	5308.4
2277.47	5347.64
2276.73	5320.03
2275.98	5412.71
2275.23	5438.55
2274.48	5477.74
2273.73	5410.06
2272.98	5329.04
2272.23	5314.81
2271.49	5313.94
2270.74	5379.82
2269.99	5338.9
2269.24	5431.44
2268.49	5443.9
2267.74	5389.64
2266.99	5388.76
2266.24	5441.22
2265.49	5427
2264.74	5399.45
2263.99	5318.59
2263.24	5424.34
2262.49	5423.45
2261.74	5435.88
2260.99	5355.07
2260.24	5460.74
2259.49	5366.63
2258.73	5419.01
2257.98	5458.06
2257.23	5430.55
2256.48	5309.89
2255.73	5388.85
2254.98	5374.66
2254.23	5373.78
2253.47	5346.31
2252.72	5318.84
2251.97	5437.62
2251.22	5529.78
2250.46	5449.13
2249.71	5434.95
2248.96	5460.63
2248.21	5393.31
2247.45	5379.15
2246.7	5511.06
2245.95	5563.27
2245.19	5403.06
2244.44	5428.72
2243.69	5427.83
2242.93	5400.4
2242.18	5412.78
2241.43	5491.48
2240.67	5450.79
2239.92	5502.94
2239.16	5316.43
2238.41	5567.41
2237.65	5486.98
2236.9	5366.82
2236.15	5445.43
2235.39	5444.54
2234.64	5483.38
2233.88	5535.45
2233.13	5441.86
2232.37	5321.82
2231.61	5453.31
2230.86	5452.42
2230.1	5557.38
2229.35	5477.09
2228.59	5410.05
2227.83	5514.97
2227.08	5540.51
2226.32	5447.05
2225.57	5393.28
2224.81	5445.26
2224.05	5536.87
2223.3	5443.47
2222.54	5482.21
2221.78	5441.69
2221.02	5520.03
2220.27	5492.72
2219.51	5544.62
2218.75	5451.31
2217.99	5476.81
2217.24	5436.33
2216.48	5395.86
2215.72	5408.16
2214.96	5380.9
2214.2	5485.5
2213.45	5603.26
2212.69	5365.06
2211.93	5416.9
2211.17	5547.79
2210.41	5428.3
2209.65	5506.44
2208.89	5400.17
2208.13	5544.14
2207.37	5530.06
2206.61	5463.33
2205.85	5554.57
2205.09	5448.37
2204.33	5460.64
2203.57	5420.27
2202.81	5406.22
2202.05	5523.7
2201.29	5457.05
2200.53	5469.29
2199.77	5494.69
2199.01	5441.21
2198.25	5584.86
2197.49	5439.42
2196.73	5530.48
2195.97	5424.5
2195.2	5476.13
2194.44	5488.36
2193.68	5421.82
2192.92	5499.68
2192.16	5525.02
2191.39	5524.11
2190.63	5483.85
2189.87	5522.3
2189.11	5573.85
2188.34	5494.25
2187.58	5506.46
2186.82	5453.12
2186.06	5465.33
2185.29	5490.64
2184.53	5398.02
2183.77	5528.13
2183	5540.31
2182.24	5552.5
2181.48	5577.77
2180.71	5524.49
2179.95	5523.58
2179.18	5575.01
2178.42	5469.42
2177.66	5533.93
2176.89	5467.61
2176.13	5505.95
2175.36	5557.35
2174.6	5517.21
2173.83	5542.44
2173.07	5436.97
2172.3	5514.48
2171.54	5565.83
2170.77	5643.29
2170	5642.36
2169.24	5484.73
2168.47	5431.6
2167.71	5509.03
2166.94	5638.64
2166.17	5611.61
2165.41	5584.59
2164.64	5570.63
2163.87	5530.58
2163.11	5555.75
2162.34	5567.87
2161.57	5553.91
2160.81	5592.1
2160.04	5591.18
2159.27	5629.35
2158.5	5419.96
2157.74	5523.28
2156.97	5561.44
2156.2	5495.41
2155.43	5507.53
2154.67	5610.76
2153.9	5453.65
2153.13	5595.9
2152.36	5673.04
2151.59	5502.98
2150.82	5554.1
2150.05	5566.19
2149.28	5604.28
2148.52	5603.36
2147.75	5563.43
2146.98	5588.51
2146.21	5691.54
2145.44	5495.72
2144.67	5572.75
2143.9	5662.74
2143.13	5518.97
2142.36	5647.89
2141.59	5646.96
2140.82	5555.17
2140.05	5554.25
2139.28	5644.16
2138.5	5708.09
2137.73	5720.12
2136.96	5758.08
2136.19	5770.09
2135.42	5821
2134.65	5690.41
2133.88	5870.91
2133.1	5831.07
2132.33	5752.37
2131.56	5868
2130.79	5918.84
2130.02	5788.36
2129.24	5813.3
2128.47	5786.45
2127.7	5850.21
2126.93	5706.89
2126.15	5796.52
2125.38	5705
2124.61	5755.8
2123.83	5703.12
2123.06	5624.59
2122.29	5636.59
2121.51	5739.06
2120.74	5776.88
2119.97	5840.54
2119.19	5710.38
2118.42	5722.35
2117.64	5630.99
2116.87	5681.71
2116.09	5603.31
2115.32	5628.2
2114.54	5795.05
2113.77	5639.24
2113	5689.91
2112.22	5585.77
2111.44	5752.52
2110.67	5764.46
2109.89	5699.04
2109.12	5698.1
2108.34	5645.59
2107.57	5683.32
2106.79	5721.04
2106.01	5629.91
2105.24	5461.52
2104.46	5563.65
2103.68	5549.85
2102.91	5600.43
2102.13	5779.71
2101.35	5585.7
2100.58	5597.64
2099.8	5725.37
2099.02	5621.51
2098.24	5646.31
2097.47	5593.93
2096.69	5515.86
2095.91	5630.64
2095.13	5668.27
2094.36	5693.03
2093.58	5602.14
2092.8	5703.99
2092.02	5664.51
2091.24	5727.78
2090.46	5598.43
2089.68	5584.66
2088.9	5686.42
2088.13	5659.81
2087.35	5658.87
2086.57	5709.25
2085.79	5669.82
2085.01	5733.01
2084.23	5706.41
2083.45	5718.29
2082.67	5653.24
2081.89	5601.04
2081.11	5612.92
2080.33	5701.68
2079.55	5764.78
2078.77	5776.64
2077.98	5686.03
2077.2	5633.87
2076.42	5735.35
2075.64	5619.2
2074.86	5656.66
2074.08	5566.15
2073.3	5693.16
2072.51	5730.59
2071.73	5678.48
2070.95	5703.11
2070.17	5714.95
2069.39	5701.22
2068.6	5713.05
2067.82	5673.77
2067.04	5762.26
2066.26	5761.3
2065.47	5734.8
2064.69	5644.45
2063.91	5694.59
2063.12	5744.71
2062.34	5654.4
2061.56	5627.94
2060.77	5665.28
2059.99	5702.61
2059.2	5739.93
2058.42	5662.46
2057.64	5648.77
2056.85	5775.32
2056.07	5787.1
2055.28	5786.14
2054.5	5848.89
2053.71	5631.33
2052.93	5719.56
2052.14	5578.51
2051.36	5666.72
2050.57	5767.63
2049.79	5741.21
2049	5651.16
2048.22	5688.4
2047.43	5814.69
2046.64	5801
2045.86	5634.68
2045.07	5684.61
2044.28	5759.96
2043.5	5733.57
2042.71	5656.35
2041.92	5807.92
2041.14	5667.18
2040.35	5691.64
2039.56	5728.8
2038.78	5613.55
2037.99	5650.7
2037.2	5662.46
2036.41	5636.13
2035.62	5647.88
2034.84	5748.46
2034.05	5709.44
2033.26	5784.6
2032.47	5707.54
2031.68	5833.4
2030.89	5680.28
2030.11	5793.42
2029.32	5754.43
2028.53	5766.15
2027.74	5777.86
2026.95	5624.87
2026.16	5687.26
2025.37	5762.3
2024.58	5596.73
2023.79	5735.06
2023	5658.16
2022.21	5733.15
2021.42	5820.77
2020.63	5592.07
2019.84	5742.93
2019.05	5779.91
2018.26	5766.3
2017.47	5676.84
2016.68	5688.53
2015.88	5738.14
2015.09	5699.27
2014.3	5710.96
2013.51	5697.37
2012.72	5822.73
2011.93	5884.9
2011.13	5770.28
2010.34	5718.82
2009.55	5692.62
2008.76	5767.39
2007.96	5766.42
2007.17	5664.53
2006.38	5688.82
2005.59	5801.37
2004.79	5712.14
2004	5849.86
2003.21	5798.47
2002.41	5721.88
2001.62	5771.33
2000.83	5833.36
2000.03	5819.79
1999.24	5781.03
1998.44	5843.03
1997.65	5741.33
1996.86	5702.6
1996.06	5865.27
1995.27	5813.95
1994.47	5787.82
1993.68	5786.85
1992.88	5748.15
1992.09	5734.61
1991.29	5721.08
1990.5	5720.12
1989.7	5844.86
1988.9	5806.18
1988.11	5742.39
1987.31	5766.55
1986.52	5903.76
1985.72	5701.83
1984.92	5813.89
1984.13	5800.36
1983.33	5824.5
1982.53	5785.87
1981.74	5684.51
1980.94	5896.85
1980.14	5720.24
1979.35	5731.83
1978.55	5718.33
1977.75	5880.37
1976.95	5804.17
1976.16	5753.06
1975.36	5902.48
1974.56	5826.31
1973.76	5812.81
1972.96	5824.36
1972.16	5798.34
1971.37	5759.81
1970.57	5783.88
1969.77	5832.98
1968.97	5844.52
1968.17	5931.13
1967.37	5842.56
1966.57	5879.11
1965.77	5865.62
1964.97	5814.62
1964.17	5851.15
1963.37	5825.17
1962.57	5949.18
1961.77	5935.68
1960.97	5922.2
1960.17	5908.71
1959.37	5895.23
1958.57	5994.15
1957.77	5818.34
1956.97	5867.3
1956.17	5816.39
1955.36	5815.42
1954.56	5914.26
1953.76	6000.59
1952.96	5874.86
1952.16	5848.93
1951.36	5885.36
1950.55	5884.37
1949.75	5958.17
1948.95	5820.08
1948.15	5881.41
1947.34	5768.3
1946.54	6028.91
1945.74	6027.9
1944.94	5728.04
1944.13	5876.48
1943.33	5937.73
1942.53	5911.84
1941.72	5898.41
1940.92	5810.33
1940.11	5908.87
1939.31	5932.75
1938.51	5919.32
1937.7	5893.46
1936.9	5880.04
1936.09	5816.91
1935.29	5865.64
1934.48	5889.5
1933.68	5851.24
1932.87	5862.68
1932.07	5799.6
1931.26	5835.88
1930.46	5884.56
1929.65	6032.52
1928.85	5981.87
1928.04	6042.9
1927.23	5905.42
1926.43	5854.81
1925.62	5915.84
1924.81	5890.04
1924.01	5938.65
1923.2	5937.65
1922.39	5800.32
1921.59	6022.39
1920.78	5996.6
1919.97	5995.59
1919.17	5833.57
1918.36	5857.36
1917.55	5868.76
1916.74	5904.91
1915.93	5866.78
1915.13	5890.55
1914.32	5939.05
1913.51	5999.91
1912.7	5912.31
1911.89	5861.85
1911.08	5972.15
1910.28	5934.06
1909.47	5883.62
1908.66	5956.78
1907.85	5992.84
1907.04	5905.36
1906.23	5854.95
1905.42	5866.32
1904.61	5951.77
1903.8	6024.84
1902.99	5925.08
1902.18	5874.71
1901.37	5873.72
1900.56	5909.75
1899.75	5933.42
1898.94	5846.09
1898.13	5857.44
1897.31	5881.11
1896.5	6015.72
1895.69	5990.05
1894.88	5989.05
1894.07	5963.4
1893.26	5826.88
1892.45	5875.17
1891.63	5935.75
1890.82	5836.25
1890.01	5995.31
1889.2	5908.14
1888.38	5968.67
1887.57	6004.58
1886.76	5892.85
1885.95	6051.76
1885.13	6063.04
1884.32	6025.13
1883.51	6171.64
1882.69	6059.97
1881.88	5960.63
1881.06	6045.64
1880.25	5934.05
1879.44	5834.78
1878.62	5956.61
1877.81	5992.44
1876.99	6028.27
1876.18	5867.67
1875.36	5940.32
1874.55	5902.5
1873.73	5926.05
1872.92	5961.85
1872.1	5948.58
1871.29	6033.41
1870.47	5995.61
1869.66	6104.93
1868.84	6042.62
1868.02	6041.6
1867.21	5979.31
1866.39	5831.3
1865.58	6050.79
1864.76	6000.78
1863.94	5865.08
1863.13	5998.75
1862.31	5912.06
1861.49	5960.01
1860.67	6007.95
1859.86	5884.6
1859.04	6030.39
1858.22	6053.83
1857.4	6040.58
1856.59	5990.65
1855.77	6050.76
1854.95	6061.96
1854.13	6073.16
1853.31	6108.78
1852.49	6010.03
1851.68	5935.73
1850.86	5995.78
1850.04	6019.19
1849.22	6079.21
1848.4	6041.56
1847.58	5991.73
1846.76	5966.32
1845.94	5989.71
1845.12	5842.33
1844.3	6048.65
1843.48	5974.48
1842.66	6095.37
1841.84	6045.59
1841.02	6068.94
1840.2	6104.46
1839.38	6054.7
1838.56	5956.23
1837.74	5918.69
1836.91	6027.28
1836.09	6062.78
1835.27	6013.07
1834.45	5939.03
1833.63	6059.7
1832.81	5997.85
1831.98	5984.67
1831.16	6020.14
1830.34	6177.2
1829.52	5884.37
1828.69	5992.77
1827.87	5955.3
1827.05	6100.11
1826.22	6001.88
1825.4	5988.72
1824.58	6011.99
1823.75	6035.26
1822.93	6070.66
1822.11	6081.77
1821.28	6080.74
1820.46	6031.17
1819.64	6018.02
1818.81	6077.65
1817.99	6088.75
1817.16	6063.47
1816.34	6232.19
1815.51	6109.9
1814.69	6096.75
1813.86	5986.65
1813.04	6046.22
1812.21	5996.73
1811.39	6056.28
1810.56	6079.47
1809.73	5993.68
1808.91	6089.52
1808.08	6161.11
1807.26	6123.76
1806.43	6098.52
1805.6	6145.88
1804.78	6060.16
1803.95	6155.89
1803.12	6046.02
1802.29	6069.17
1801.47	5983.53
1800.64	6055.03
1799.81	6054
1798.98	6113.38
1798.16	6051.94
1797.33	6075.07
1796.5	5989.51
1795.67	6073.01
1794.84	6011.62
1794.02	6143.37
1793.19	6057.85
1792.36	6080.95
1791.53	6152.3
1790.7	6139.2
1789.87	6186.39
1789.04	6016.54
1788.21	6099.9
1787.38	6110.92
1786.55	6073.73
1785.72	6036.55
1784.89	6095.76
1784.06	6034.5
1783.23	6105.73
1782.4	6225.1
1781.57	6163.85
1780.74	6150.77
1779.91	6113.62
1779.08	6244.94
1778.25	6135.6
1777.42	6002.25
1776.58	6121.49
1775.75	6192.6
1774.92	6155.48
1774.09	6082.31
1773.26	6213.48
1772.42	6272.5
1771.59	6223.38
1770.76	6030.12
1769.93	6233.27
1769.09	6220.2
1768.26	6183.13
1767.43	6074.04
1766.6	6085.01
1765.76	6071.97
1764.93	6154.92
1764.09	6141.88
1763.26	6176.82
1762.43	6055.85
1761.59	6138.75
1760.76	6125.71
1759.92	6172.62
1759.09	6039.74
1758.26	6158.53
1757.42	6265.3
1756.59	6216.32
1755.75	6191.31
1754.92	6082.5
1754.08	6105.41
1753.24	6164.21
1752.41	6175.13
1751.57	6198.01
1750.74	6113.21
1749.9	6100.21
1749.07	6242.68
1748.23	6145.96
1747.39	6204.69
1746.56	6275.35
1745.72	6214.53
1744.88	6070.08
1744.05	6212.41
1743.21	6187.46
1742.37	6210.29
1741.53	6245.06
1740.7	6029.09
1739.86	6195.18
1739.02	6253.8
1738.18	6157.27
1737.34	6239.73
1736.51	6143.24
1735.67	6177.97
1734.83	6176.92
1733.99	6175.87
1733.15	6150.97
1732.31	6197.6
1731.47	6327.62
1730.63	6171.65
1729.79	6087.22
1728.95	6205.28
1728.11	6204.22
1727.27	6167.44
1726.43	6285.43
1725.59	6129.63
1724.75	6271.39
1723.91	6282.22
1723.07	6126.5
1722.23	6196.81
1721.39	6195.76
1720.55	6277.93
1719.71	6157.98
1718.87	6097.5
1718.03	6274.71
1717.18	6214.23
1716.34	6355.73
1715.5	6212.11
1714.66	6187.3
1713.82	6126.87
1712.97	6208.93
1712.13	6326.57
1711.29	6183.07
1710.45	6182.02
1709.6	6145.37
1708.76	6227.35
1707.92	6202.57
1707.07	6071.07
1706.23	6200.45
1705.39	6282.36
1704.54	6162.77
1703.7	6315.76
1702.85	6302.84
1702.01	6230.69
1701.17	6265.15
1700.32	6157.51
1699.48	6239.33
1698.63	6084.38
1697.79	6189.86
1696.94	6129.63
1696.1	6152.25
1695.25	6198.51
1694.41	6209.28
1693.56	6231.87
1692.71	6349.03
1691.87	6229.73
1691.02	6275.94
1690.18	6073.98
1689.33	6261.98
1688.48	6130.97
1687.64	6354.33
1686.79	6140.68
1685.94	6328.54
1685.1	6268.43
1684.25	6125.72
1683.4	6242.68
1682.55	6359.6
1681.71	6275.93
1680.86	6062.55
1680.01	6167.65
1679.16	6190.18
1678.31	6118.38
1677.47	6258.78
1676.62	6163.43
1675.77	6162.37
1674.92	6267.34
1674.07	6160.26
1673.22	6465.4
1672.37	6040.4
1671.52	6239.5
1670.67	6261.97
1669.82	6202.06
1668.97	6224.53
1668.12	6223.46
1667.27	6269.44
1666.42	6197.81
1665.57	6220.26
1664.72	6277.98
1663.87	6312.16
1663.02	6299.33
1662.17	6286.5
1661.32	6250.18
1660.47	6307.84
1659.62	6165.82
1658.76	6211.73
1657.91	6116.74
1657.06	6197.86
1656.21	6431.53
1655.36	6254.41
1654.5	6253.34
1653.65	6404.76
1652.8	6368.47
1651.95	6343.93
1651.09	6342.84
1650.24	6236.25
1649.39	6270.34
1648.53	6269.26
1647.68	6233.04
1646.83	6349.11
1645.97	6184.05
1645.12	6182.99
1644.26	6228.76
1643.41	6297.93
1642.56	6296.85
1641.7	6401.08
1640.85	6470.19
1639.99	6433.98
1639.14	6339.31
1638.28	6384.99
1637.43	6196.82
1636.57	6347.73
1635.72	6253.13
1634.86	6380.61
1634	6414.56
1633.15	6425.14
1632.29	6330.6
1631.43	6341.19
1630.58	6410.15
1629.72	6222.27
1628.87	6442.97
1628.01	6336.83
1627.15	6382.41
1626.29	6486.31
1625.44	6426.87
1624.58	6309.15
1623.72	6331.38
1622.86	6365.27
1622.01	6282.58
1621.15	6223.23
1620.29	6315.37
1619.43	6384.19
1618.57	6208.37
1617.71	6300.47
1616.86	6334.32
1616	6333.23
1615.14	6332.14
1614.28	6447.43
1613.42	6143.78
1612.56	6352.14
1611.7	6327.78
1610.84	6280.17
1609.98	6383.74
1609.12	6312.89
1608.26	6323.42
1607.4	6345.58
1606.54	6379.34
1605.68	6320.16
1604.82	6365.53
1603.96	6527.03
1603.09	6386.56
1602.23	6420.29
1601.37	6303.11
1600.51	6278.81
1599.65	6416.97
1598.79	6299.85
1597.92	6379.96
1597.06	6402.06
1596.2	6412.55
1595.34	6446.23
1594.47	6433.53
1593.61	6397.65
1592.75	6442.9
1591.89	6511.3
1591.02	6498.59
1590.16	6474.31
1589.29	6542.67
1588.43	6599.43
1587.57	6517.26
1586.7	6539.29
1585.84	6572.88
1584.97	6490.75
1584.11	6732.56
1583.25	6581.04
1582.38	6649.29
1581.52	6659.71
1580.65	6542.96
1579.79	6588.06
1578.92	6690.93
1578.06	6655.11
1577.19	6688.62
1576.32	6606.61
1575.46	6755.6
1574.59	6742.88
1573.73	6660.91
1572.86	6659.76
1571.99	6600.91
1571.13	6807.46
1570.26	6517.88
1569.39	6562.89
1568.52	6446.44
1567.66	6549.09
1566.79	6444.21
1565.92	6546.83
1565.05	6534.18
1564.19	6636.75
1563.32	6554.96
1562.45	6450.16
1561.58	6368.43
1560.71	6597.62
1559.84	6492.87
1558.98	6434.19
1558.11	6375.54
1557.24	6466.49
1556.37	6522.89
1555.5	6544.77
1554.63	6417.13
1553.76	6427.52
1552.89	6460.9
1552.02	6379.32
1551.15	6412.7
1550.28	6250.72
1549.41	6376.01
1548.54	6466.8
1547.67	6523.11
1546.8	6510.49
1545.93	6325.68
1545.06	6427.89
1544.18	6461.21
1543.31	6379.77
1542.44	6447.5
1541.57	6492.27
1540.7	6387.93
1539.82	6409.76
1538.95	6328.39
1538.08	6476.31
1537.21	6406.43
1536.33	6462.61
1535.46	6438.58
1534.59	6540.55
1533.72	6505.06
1532.84	6469.59
1531.97	6445.57
1531.1	6547.47
1530.22	6363.22
1529.35	6465.1
1528.47	6372.46
1527.6	6485.74
1526.72	6393.12
1525.85	6437.76
1524.98	6436.64
1524.1	6446.96
1523.23	6434.41
1522.35	6307.6
1521.48	6523.58
1520.6	6385.37
1519.72	6498.48
1518.85	6451.67
1517.97	6439.14
1517.1	6552.17
1516.22	6414.08
1515.34	6401.56
1514.47	6400.45
1513.59	6467.78
1512.71	6432.44
1511.84	6385.71
1510.96	6498.62
1510.08	6565.88
1509.21	6507.76
1508.33	6472.44
1507.45	6539.68
1506.57	6504.37
1505.69	6434.91
1504.82	6581.82
1503.94	6455.44
1503.06	6488.47
1502.18	6328.01
1501.3	6417.94
1500.42	6405.45
1499.54	6381.59
1498.66	6425.98
1497.79	6447.6
1496.91	6344.16
1496.03	6354.42
1495.15	6501.07
1494.27	6477.22
1493.39	6623.79
1492.51	6486.33
1491.63	6428.41
1490.74	6427.29
1489.86	6551.07
1488.98	6583.98
1488.1	6469.34
1487.22	6593.04
1486.34	6603.24
1485.46	6511.35
1484.58	6487.53
1483.69	6497.74
1482.81	6405.91
1481.93	6461.48
1481.05	6426.35
1480.17	6538.55
1479.28	6446.78
1478.4	6434.33
1477.52	6523.82
1476.63	6579.3
1475.75	6544.19
1474.87	6633.61
1473.98	6496.64
1473.1	6597.36
1472.22	6539.64
1471.33	6606.37
1470.45	6571.29
1469.56	6524.92
1468.68	6512.47
1467.79	6613.08
1466.91	6498.91
1466.02	6497.77
1465.14	6632.23
1464.25	6732.74
1463.37	6618.62
1462.48	6549.71
1461.6	6729.22
1460.71	6649.03
1459.83	6625.3
1458.94	6590.29
1458.05	6566.58
1457.17	6565.43
1456.28	6519.18
1455.39	6608.25
1454.51	6595.83
1453.62	6673.59
1452.73	6537.18
1451.85	6547.3
1450.96	6478.56
1450.07	6578.82
1449.18	6600.2
1448.29	6565.26
1447.41	6552.86
1446.52	6641.78
1445.63	6539.32
1444.74	6549.43
1443.85	6537.04
1442.96	6648.39
1442.07	6602.25
1441.18	6803.51
1440.3	6577.46
1439.41	6497.62
1438.52	6597.64
1437.63	6596.49
1436.74	6606.57
1435.85	6459.38
1434.96	6593.04
1434.06	6546.97
1433.17	6624.42
1432.28	6567.14
1431.39	6667
1430.5	6598.51
1429.61	6485.16
1428.72	6607.42
1427.83	6482.89
1426.94	6448.12
1426.04	6581.54
1425.15	6737.33
1424.26	6668.91
1423.37	6566.89
1422.47	6610.56
1421.58	6587
1420.69	6619.45
1419.8	6607.09
1418.9	6471.58
1418.01	6683.15
1417.12	6536.48
1416.22	6524.14
1415.33	6612.51
1414.43	6611.36
1413.54	6643.76
1412.65	6609.05
1411.75	6563.17
1410.86	6595.56
1409.96	6661.47
1409.07	6593.25
1408.17	6547.41
1407.28	6568.6
1406.38	6556.29
1405.49	6610.98
1404.59	6643.31
1403.7	6586.34
1402.8	6551.7
1401.9	6595.19
1401.01	6605.2
1400.11	6615.2
1399.21	6625.19
1398.32	6601.73
1397.42	6555.98
1396.52	6554.83
1395.63	6609.41
1394.73	6619.4
1393.83	6651.66
1392.93	6639.36
1392.04	6671.61
1391.14	6525.68
1390.24	6580.2
1389.34	6590.18
1388.44	6589.03
1387.54	6587.88
1386.65	6608.97
1385.75	6596.69
1384.85	6628.9
1383.95	6583.26
1383.05	6693.29
1382.15	6580.96
1381.25	6668.72
1380.35	6600.88
1379.45	6421.95
1378.55	6620.78
1377.65	6652.94
1376.75	6629.56
1375.85	6661.71
1374.95	6516.23
1374.05	6570.58
1373.15	6569.43
1372.24	6712.52
1371.34	6666.97
1370.44	6610.34
1369.54	6808.79
1368.64	6729.98
1367.73	6640.12
1366.83	6694.37
1365.93	6682.12
1365.03	6614.47
1364.13	6701.93
1363.22	6800.43
1362.32	6610.99
1361.42	6709.47
1360.51	6686.16
1359.61	6729.26
1358.71	6595.28
1357.8	6638.38
1356.9	6604.03
1355.99	6636.05
1355.09	6612.77
1354.18	6722.17
1353.28	6698.88
1352.38	6675.6
1351.47	6530.77
1350.57	6673.26
1349.66	6749.41
1348.75	6659.87
1347.85	6592.44
1346.94	6712.73
1346.04	6711.55
1345.13	6688.3
1344.22	6742.3
1343.32	6608.72
1342.41	6728.9
1341.51	6496.11
1340.6	6638.32
1339.69	6835.61
1338.78	6801.34
1337.88	6667.88
1336.97	6787.92
1336.06	6676.56
1335.15	6741.48
1334.25	6663.2
1333.34	6628.99
1332.43	6837.01
1331.52	6670.69
1330.61	6713.54
1329.7	6679.35
1328.79	6788.19
1327.89	6655
1326.98	6565.84
1326.07	6619.67
1325.16	6684.47
1324.25	6738.25
1323.34	6649.15
1322.43	6636.99
1321.52	6690.75
1320.61	6601.7
1319.7	6754.29
1318.79	6720.16
1317.88	6861.7
1316.96	6750.73
1316.05	6760.51
1315.14	6682.51
1314.23	6703.28
1313.32	6789.85
1312.41	6843.49
1311.49	6633.94
1310.58	6786.26
1309.67	6741.22
1308.76	6827.71
1307.85	6793.63
1306.93	6704.79
1306.02	6725.52
1305.11	6658.62
1304.19	6887.39
1303.28	6700.07
1302.37	6731.72
1301.45	6785.26
1300.54	6685.58
1299.62	6618.76
1298.71	6869.18
1297.8	6747.67
1296.88	6790.21
1295.97	6756.22
1295.05	6722.24
1294.14	6611.77
1293.22	6872.84
1292.31	6685.91
1291.39	6651.96
1290.47	6803.68
1289.56	6780.64
1288.64	6768.53
1287.73	6712.76
1286.81	6711.57
1285.89	6786.77
1284.98	6774.66
1284.06	6751.65
1283.14	6848.61
1282.23	6651.13
1281.31	6780.78
1280.39	6844.98
1279.47	6669.41
1278.56	6788.08
1277.64	6775.99
1276.72	6774.79
1275.8	6773.6
1274.88	6685.3
1273.96	6814.75
1273.05	6672.05
1272.13	6692.64
1271.21	6778.5
1270.29	6777.3
1269.37	6808.73
1268.45	6633.54
1267.53	6708.47
1266.61	6642.06
1265.69	6803.92
1264.77	6922.26
1263.85	6779.79
1262.93	6713.41
1262.01	6701.36
1261.09	6700.18
1260.17	6709.85
1259.25	6741.23
1258.32	6718.33
1257.4	6847.36
1256.48	6802.75
1255.56	6834.09
1254.64	6767.81
1253.71	6777.45
1252.79	6808.78
1251.87	6818.42
1250.95	6687.15
1250.02	6859.35
1249.1	6782.3
1248.18	6737.77
1247.25	6769.06
1246.33	6843.67
1245.41	6788.32
1244.48	6927.84
1243.56	6699.34
1242.64	6806.36
1241.71	6729.42
1240.79	6847.22
1239.86	6770.3
1238.94	6823.17
1238.01	6789.52
1237.09	6961.27
1236.16	6830.35
1235.24	6839.94
1234.31	6784.71
1233.39	6848.32
1232.46	6933.51
1231.53	6943.08
1230.61	6736.72
1229.68	6811.09
1228.75	6842.26
1227.83	6819.46
1226.9	6872.2
1225.97	6795.47
1225.05	6956.04
1224.12	6900.89
1223.19	6813.42
1222.26	6866.11
1221.34	6767.9
1220.41	6852.9
1219.48	6991.73
1218.55	6850.47
1217.62	6730.79
1216.69	6761.9
1215.76	6739.17
1214.84	6802.55
1213.91	6919.72
1212.98	6789.38
1212.05	6885
1211.12	6840.75
1210.19	6764.26
1209.26	6773.81
1208.33	6858.61
1207.4	6868.14
1206.47	6737.96
1205.54	6758.26
1204.6	6746.31
1203.67	6788.08
1202.74	6829.83
1201.81	6903.77
1200.88	6795.2
1199.95	6922.79
1199.02	6835.71
1198.08	6855.95
1197.15	6801.1
1196.22	6735.54
1195.29	6884.47
1194.35	6743.87
1193.42	6764.11
1192.49	6923.67
1191.56	7018.88
1190.62	6760.5
1189.69	6834.28
1188.75	6897.33
1187.82	6778.31
1186.89	6766.4
1185.95	6733.09
1185.02	6849.62
1184.08	6816.3
1183.15	6836.48
1182.21	6760.39
1181.28	6908.92
1180.34	6651.05
1179.41	6820.93
1178.47	6873.16
1177.54	6786.44
1176.6	6838.66
1175.67	6719.92
1174.73	6932.36
1173.79	6867.05
1172.86	6769.73
1171.92	6853.93
1170.98	6852.71
1170.05	6872.83
1169.11	6828.93
1168.17	7030.41
1167.23	6975.83
1166.3	6846.61
1165.36	6909.37
1164.42	6790.87
1163.48	6747.02
1162.54	6767.14
1161.61	6925.76
1160.67	6935.18
1159.73	6880.68
1158.79	6847.51
1157.85	6793.05
1156.91	6759.91
1155.97	6875.78
1155.03	6789.42
1154.09	6873.33
1153.15	6776.36
1152.21	6924.06
1151.27	6976
1150.33	6942.86
1149.39	6962.88
1148.45	6834.1
1147.51	6971.02
1146.57	6852.91
1145.62	6872.93
1144.68	6850.46
1143.74	6817.39
1142.8	6943.58
1141.86	7006.03
1140.92	6898.64
1139.97	6961.08
1139.03	6981.06
1138.09	6969.21
1137.14	6904.33
1136.2	7040.95
1135.26	7092.7
1134.31	6773.43
1133.37	6857.01
1132.43	6707.44
1131.48	6822.78
1130.54	6948.67
1129.6	6862.7
1128.65	6840.3
1127.71	6817.9
1126.76	6933.12
1125.82	6963.63
1124.87	6972.97
1123.93	6961.14
1122.98	6790.66
1122.04	6895.2
1121.09	7084.3
1120.14	6945.6
1119.2	6923.22
1118.25	6900.85
1117.31	6878.48
1116.36	6951.2
1115.41	7045.02
1114.46	6969.84
1113.52	6989.71
1112.57	6882.89
1111.62	6923.88
1110.68	6827.67
1109.73	6931.95
1108.78	6962.36
1107.83	6897.83
1106.88	6917.69
1105.93	6969.17
1104.99	6799.26
1104.04	7050.99
1103.09	6891.67
1102.14	6995.79
1101.19	7036.68
1100.24	6740.52
1099.29	6960.45
1098.34	6906.56
1097.39	6968.48
1096.44	7125.1
1095.49	6871.28
1094.54	7154.11
1093.59	6995.05
1092.64	6899.14
1091.69	6918.94
1090.74	6938.73
1089.78	7116.18
1088.83	6852.17
1087.88	6819.42
1086.93	7112.35
1085.98	6901
1085.03	6941.78
1084.07	6982.53
1083.12	7107.26
1082.17	7064
1081.21	6947.3
1080.26	6841.13
1079.31	7112.66
1078.36	6964.54
1077.4	7026.21
1076.45	7024.95
1075.49	6908.38
1074.54	6907.14
1073.59	7105.01
1072.63	7082.78
1071.68	7029.13
1070.72	6975.5
1069.77	6974.25
1068.81	6973
1067.86	7118.3
1066.9	7096.09
1065.95	6864.61
1064.99	7020.31
1064.03	7008.59
1063.08	6923.66
1062.12	6880.59
1061.16	6900.27
1060.21	6961.75
1059.25	7002.3
1058.29	6886.1
1057.34	7062.47
1056.38	7102.99
1055.42	6913.73
1054.46	6954.25
1053.51	7046.96
1052.55	6930.88
1051.59	6971.38
1050.63	6991
1049.67	6948.01
1048.71	7040.64
1047.76	6976.8
1046.8	6881.71
1045.84	6953.44
1044.88	6962.62
1043.92	7023.89
1042.96	7105.99
1042	7010.95
1041.04	7093.02
1040.08	7091.74
1039.12	7048.82
1038.16	6933.04
1037.2	7025.47
1036.24	7013.8
1035.27	7012.54
1034.31	6938.46
1033.35	7093.22
1032.39	6904.77
1031.43	7028.29
1030.47	6964.65
1029.5	7004.97
1028.54	7180.36
1027.58	6992.06
1026.62	7094.68
1025.65	7072.63
1024.69	7050.59
1023.73	7007.8
1022.76	7037.67
1021.8	6953.38
1020.84	7066.27
1019.87	7065
1018.91	6991.12
1017.94	7114.31
1016.98	6957.49
1016.02	6925.14
1015.05	7089.73
1014.09	6984.83
1013.12	7014.65
1012.16	7075.55
1011.19	7022.48
1010.22	7052.28
1009.26	6885.35
1008.29	7070.45
1007.33	7069.17
1006.36	7057.55
1005.39	7108.01
1004.43	7013.63
1003.46	6950.31
1002.49	7073.15
1001.53	7020.18
1000.56	7060.26
999.591	7089.99
998.623	7243.71
997.655	7035.78
996.687	7137.81
995.719	7157.17
994.75	7238.49
993.782	7175.24
992.813	7081.05
991.844	7141.69
990.875	7037.22
989.906	7005
988.936	7003.73
987.966	6992.16
986.997	7073.38
986.027	7123.65
985.056	7081.14
984.086	7059.25
983.115	6985.85
982.145	7159.72
981.174	7045.13
980.203	7105.64
979.232	7155.84
978.26	7133.96
977.289	7019.45
976.317	7131.38
975.345	7027.21
974.373	7139.09
973.4	7076.09
972.428	7136.51
971.455	7124.94
970.483	7051.7
969.51	7081.26
968.536	7121.08
967.563	7181.44
966.59	7159.6
965.616	7219.92
964.642	6972.18
963.668	7124.92
962.694	7144.16
961.719	7173.65
960.745	7203.14
959.77	7099.25
958.795	7118.48
957.82	7271.02
956.845	7187.68
955.869	7042.85
954.894	7267.07
953.918	7153.03
952.942	7223.46
951.966	7273.37
950.989	7118.42
950.013	7178.58
949.036	7033.94
948.059	7216.93
947.082	7143.98
946.105	7071.05
945.128	7213.01
944.15	7088.95
943.172	7026.3
942.194	7249.99
941.216	7228.23
940.238	7237.15
939.259	7215.4
938.281	7306.05
937.302	7294.51
936.323	7170.62
935.344	7291.87
934.364	7168.02
933.385	7136.09
932.405	7236.87
931.425	7245.77
930.445	7254.66
929.465	7314.55
928.485	7292.83
927.504	7281.31
926.523	7310.57
925.542	7197.11
924.561	7297.73
923.58	7347.36
922.598	7233.95
921.617	7161.33
920.635	7261.88
919.653	7148.55
918.671	7279.61
917.688	7349.55
916.706	7338.04
915.723	7377.41
914.74	7487.98
913.757	7517.14
912.774	7556.46
911.79	7799.13
910.807	7889.21
909.823	8030.08
908.839	8374.16
907.855	8880.69
906.87	8970.51
905.886	8938.41
904.901	8693.06
903.916	8650.86
902.931	8354.89
901.946	8454.87
900.961	8483.78
899.975	8857.65
898.989	8937.2
898.003	8945.72
897.017	8619.59
896.031	8536.91
895.044	8180.57
894.058	8138.54
893.071	7974.93
892.084	7811.37
891.097	7830.21
890.109	7849.04
889.122	7736.23
888.134	7836.07
887.146	7875.13
886.158	8187.43
885.17	8277.01
884.181	8184.46
883.193	8395.38
882.204	8272.5
881.215	7947.43
880.226	7905.55
879.236	7904.11
878.247	8003.73
877.257	8093.21
876.267	8313.98
875.277	8756.88
874.287	9270.3
873.296	9854.21
872.306	10185.5
871.315	10062.6
870.324	10091
869.333	9927.75
868.341	9986.47
867.35	11094.1
866.358	12513.8
865.366	15112.7
864.374	17952.5
863.382	19612.1
862.39	18842.7
861.397	16411.3
860.404	13809.6
859.411	11712.4
858.418	10079.1
857.425	9241.64
856.431	8736.69
855.438	8473.45
854.444	8310.92
853.45	8178.63
852.455	8046.38
851.461	7853.85
850.466	7721.71
849.472	7790.67
848.477	7628.44
847.481	7526.56
846.486	7515.14
845.491	7423.37
844.495	7522.44
843.499	7631.53
842.503	7519.7
841.507	7538.4
840.51	7426.63
839.514	7485.48
838.517	7293.5
837.52	7392.48
836.523	7391.13
835.526	7359.7
834.528	7478.66
833.53	7397.11
832.533	7365.69
831.534	7384.39
830.536	7212.74
829.538	7341.63
828.539	7560.59
827.54	7419.04
826.541	7247.51
825.542	7306.24
824.543	7414.98
823.543	7293.57
822.544	7342.25
821.544	7330.91
820.544	7269.57
819.544	7358.22
818.543	7336.88
817.543	7335.54
816.542	7364.18
815.541	7232.96
814.54	7251.61
813.538	7310.21
812.537	7228.99
811.535	7237.65
810.533	7236.33
809.531	7284.9
808.529	7163.84
807.526	7202.43
806.524	7241.01
805.521	7329.44
804.518	7387.92
803.515	7326.76
802.511	7195.85
801.508	7264.29
800.504	7223.11
799.5	7142.09
798.496	7300.14
797.492	7278.88
796.487	7237.73
795.483	7186.64
794.478	7284.84
793.473	7184.01
792.468	7321.97
791.462	7360.41
790.457	7349.12
789.451	7308
788.445	7237.08
787.439	7275.51
786.433	7383.49
785.426	7342.39
784.42	7311.25
783.413	7488.68
782.406	7258.92
781.399	7416.44
780.391	7276.11
779.384	7383.95
778.376	7392.52
777.368	7470.53
776.36	7409.65
775.351	7279.36
774.343	7268.11
773.334	7385.74
772.325	7364.57
771.316	7383.03
770.307	7242.96
769.297	7390.23
768.288	7398.78
767.278	7417.23
766.268	7366.37
765.258	7315.52
764.247	7304.28
763.237	7322.73
762.226	7341.17
761.215	7409.07
760.204	7259.36
759.193	7436.02
758.181	7424.76
757.17	7403.63
756.158	7362.74
755.146	7311.98
754.134	7369.92
753.121	7467.34
752.109	7327.71
751.096	7425.1
750.083	7325.02
749.07	7382.89
748.056	7361.8
747.043	7281.52
746.029	7280.18
745.015	7259.11
744.001	7267.64
742.987	7394.48
741.972	7333.97
740.958	7332.63
739.943	7311.57
738.928	7369.34
737.913	7476.34
736.897	7327.24
735.882	7414.51
734.866	7393.45
733.85	7421.62
732.834	7233.28
731.818	7487.77
730.801	7535.58
729.784	7307.97
728.767	7444.3
727.75	7315.12
726.733	7382.58
725.716	7292.77
724.698	7301.25
723.68	7427.63
722.662	7465.56
721.644	7474.01
720.626	7295.88
719.607	7451.62
718.588	7332.46
717.569	7223.15
716.55	7476.94
715.531	7406.89
714.511	7395.72
713.492	7335.52
712.472	7432.22
711.452	7401.44
710.432	7400.07
709.411	7271.32
708.39	7387.55
707.37	7356.8
706.349	7404.42
705.327	7403.05
704.306	7284.2
703.284	7478.63
702.263	7457.68
701.241	7436.74
700.219	7523.42
699.196	7629.63
698.174	7559.76
697.151	7431.25
696.128	7322.35
695.105	7389.42
694.082	7495.55
693.058	7367.15
692.035	7483.02
691.011	7383.97
689.987	7460.73
688.963	7459.35
687.938	7536.07
686.914	7359
685.889	7269.82
684.864	7307.5
683.839	7540.26
682.813	7480.35
681.788	7566.73
680.762	7467.84
679.736	7485.96
678.71	7367.63
677.684	7395.5
676.657	7491.56
675.631	7538.87
674.604	7595.91
673.577	7526.35
672.549	7515.23
671.522	7435.98
670.494	7473.53
669.466	7394.31
668.438	7490.22
667.41	7576.37
666.382	7448.56
665.353	7418.01
664.325	7543.01
663.296	7493.02
662.266	7491.63
661.237	7451.39
660.208	7556.86
659.178	7487.48
658.148	7476.39
657.118	7562.37
656.088	7590.09
655.057	7481.94
654.026	7499.96
652.996	7537.38
651.964	7565.08
650.933	7466.71
649.902	7436.25
648.87	7405.79
647.838	7443.19
646.806	7548.4
645.774	7469.49
644.742	7439.05
643.709	7486.1
642.676	7659
641.643	7483.33
640.61	7462.58
639.577	7567.65
638.543	7546.9
637.51	7545.5
636.476	7437.71
635.442	7552.38
634.407	7502.64
633.373	7481.91
632.338	7586.84
631.303	7624.09
630.268	7439.11
629.233	7582.62
628.197	7513.62
627.162	7473.6
626.126	7510.83
625.09	7548.05
624.054	7488.75
623.017	7545.25
621.981	7630.67
620.944	7532.81
619.907	7541.05
618.87	7607.15
617.832	7586.46
616.795	7517.58
615.757	7535.46
614.719	7707.48
613.681	7571.2
612.643	7569.79
611.604	7462.47
610.565	7509.22
609.526	7584.83
608.487	7602.67
607.448	7707.1
606.409	7474.79
605.369	7569.58
604.329	7481.63
603.289	7624.46
602.249	7719.17
601.208	7650.46
600.168	7476.07
599.127	7743.7
598.086	7742.26
597.044	7385.47
596.003	7633.76
594.961	7670.74
593.92	7544.54
592.878	7600.72
591.835	7589.71
590.793	7617.08
589.75	7596.48
588.708	7604.66
587.665	7622.42
586.621	7803.14
585.578	7571.66
584.535	7512.76
583.491	7520.95
582.447	7615.34
581.403	7403.22
580.358	7516.75
579.314	7601.52
578.269	7571.39
577.224	7617.83
576.179	7568.57
575.134	7605.43
574.088	7613.58
573.043	7535.66
571.997	7601.18
570.951	7513.73
569.904	7655.7
568.858	7549.16
567.811	7624.19
566.764	7603.67
565.717	7611.8
564.67	7696.32
563.623	7513.5
562.575	7588.46
561.527	7672.94
560.479	7652.43
559.431	7736.86
558.382	7563.73
557.334	7686.3
556.285	7675.33
555.236	7635.77
554.187	7720.12
553.137	7718.69
552.088	7650.56
551.038	7725.34
549.988	7581.04
548.938	7798.63
547.887	7625.81
546.837	7662.47
545.786	7803.79
544.735	7783.3
543.684	7705.75
542.633	7685.29
541.581	7645.82
540.529	7777.5
539.477	7623.95
538.425	7603.52
537.373	7640.11
536.32	7809.7
535.268	7779.75
534.215	7664.33
533.161	7776.85
532.108	7870.33
531.055	7555.63
530.001	7649.12
528.947	7486.39
527.893	7712.67
526.839	7739.69
525.784	7662.38
524.729	7746.28
523.674	7697.43
522.619	7648.61
521.564	7656.65
520.509	7740.49
519.453	7625.38
518.397	7642.89
517.341	7537.31
516.285	7640.04
515.228	7619.68
514.172	7618.26
513.115	7730.38
512.058	7539.73
511	7595.07
509.943	7612.56
508.885	7526.05
507.827	7742.06
506.769	7542.14
505.711	7682.47
504.653	7567.66
503.594	7632.37
502.535	7602.61
501.476	7629.51
500.417	7533.68
499.357	7607.78
498.298	7521.42
497.238	7529.45
496.178	7499.74
495.118	7554.93
494.057	7628.96
492.997	7646.38
491.936	7569.54
490.875	7511.57
489.813	7557.28
488.752	7631.24
487.69	7563.87
486.629	7458.86
485.567	7579.87
484.504	7625.53
483.442	7689.99
482.379	7688.54
481.316	7527.15
480.253	7572.78
479.19	7646.6
478.127	7588.75
477.063	7530.92
475.999	7632.91
474.935	7603.28
473.871	7479.7
472.807	7835.3
471.742	7552.04
470.677	7494.28
469.612	7708.83
468.547	7735.55
467.482	7555.77
466.416	7657.58
465.35	7534.17
464.284	7673.47
463.218	7540.72
462.152	7558.06
461.085	7594.15
460.018	7798.94
458.951	7656.9
457.884	7758.54
456.817	7616.55
455.749	7652.59
454.681	7632.43
453.613	7621.63
452.545	7573.39
451.477	7759.16
450.408	7729.63
449.339	7615.91
448.27	7623.83
447.201	7753.34
446.131	7695.78
445.062	7741.08
443.992	7627.46
442.922	7654.06
441.852	7746.06
440.781	7735.26
439.711	7752.49
438.64	7816.4
437.569	7702.89
436.498	7794.8
435.426	7634.67
434.355	7941.17
433.283	7837.05
432.211	7854.24
431.138	7955.35
430.066	7944.53
428.993	8166.78
427.921	8165.25
426.848	8079.84
425.774	8134.22
424.701	8020.9
423.627	7842.43
422.553	7952.7
421.479	7923.27
420.405	7791.46
419.331	7873.76
418.256	7816.44
417.181	7805.67
416.106	7841.41
415.031	7970.13
413.955	8089.51
412.88	8218.14
411.804	8179.41
410.728	8261.51
409.651	8315.7
408.575	8258.4
407.498	8470.46
406.421	8858.88
405.344	9544.25
404.267	9960.17
403.189	10143.9
402.112	9705.88
401.034	8980.42
399.956	8273.79
398.877	8216.59
397.799	8196.5
396.72	8185.68
395.641	8211.94
394.562	8219.66
393.483	8014.28
392.403	8114.67
391.324	7900.12
390.244	8009.75
389.164	7887.89
388.083	7747.55
387.003	7709.07
385.922	7772.39
384.841	7854.18
383.76	7880.45
382.678	7712.51
381.597	7803.51
380.515	7857.5
379.433	7819.05
378.351	7715.93
377.269	7797.62
376.186	7851.57
375.103	7933.21
374.02	7913.24
372.937	7976.37
371.854	8011.79
370.77	8084.1
369.686	8267.11
368.602	8173.3
367.518	8383.89
366.434	8529.85
365.349	8915.47
364.264	9208.76
363.179	9879.8
362.094	10191.2
361.008	10576.2
359.923	10979.5
358.837	10609.1
357.751	10395.3
356.664	10061.9
355.578	10133.7
354.491	10002.9
353.404	10111.4
352.317	10919
351.23	11275.6
350.142	12045.9
349.055	11758.6
347.967	11186.5
346.879	10412.4
345.79	9794.84
344.702	9122.36
343.613	8753.23
342.524	8650.56
341.435	8538.75
340.346	8114.87
339.256	8003.19
338.166	8056.74
337.076	8091.91
335.986	7971.13
334.896	7997.14
333.805	8032.3
332.714	7902.43
331.623	7946.77
330.532	7798.64
329.441	7824.65
328.349	7786.52
327.257	7922.43
326.165	7829.36
325.073	7791.25
323.981	7771.47
322.888	7760.85
321.795	7914.93
320.702	7821.95
319.609	7756.44
318.515	7672.66
317.421	7680.35
316.328	7715.46
315.233	7686.58
314.139	7657.71
313.045	7784.16
311.95	7727.88
310.855	7708.15
309.76	7834.52
308.664	7714.36
307.569	7740.28
306.473	7702.3
305.377	7755.59
304.281	7699.38
303.184	7780.01
302.088	7614.39
300.991	7667.65
299.894	7584.15
298.797	7628.28
297.699	7608.61
296.602	7525.17
295.504	7560.18
294.406	7740.88
293.307	7602.83
292.209	7674.22
291.11	7663.66
290.011	7607.6
288.912	7633.45
287.813	7586.52
286.713	7757.88
285.614	7692.76
284.514	7582.2
283.414	7662.57
282.313	7770.16
281.213	7795.95
280.112	7658.2
279.011	7729.4
277.91	7764.26
276.808	7808.18
275.707	7570.68
274.605	7678.15
273.503	7604.1
272.401	7666.16
271.298	7673.77
270.195	7817.41
269.093	7788.73
267.989	7723.79
266.886	7640.74
265.783	7802.41
264.679	7701.26
263.575	7853.79
262.471	7797.95
261.367	7742.14
260.262	7650.13
259.157	7730.14
258.052	7611.02
256.947	7826.73
255.842	7997.12
254.736	7733.3
253.63	7885.56
252.524	7667.07
251.418	7683.69
250.312	7808.75
249.205	7689.8
248.098	7724.47
246.991	7623.64
245.884	7531.87
244.776	7692.97
243.668	7601.23
242.56	7599.78
241.452	7417.85
240.344	7623.95
239.235	7694.66
238.127	7666.14
237.018	7547.45
235.908	7582.07
234.799	7796.96
233.689	7633.26
232.58	7613.78
231.47	7720.43
230.359	7664.92
229.249	7627.44
228.138	7508.93
227.027	7588.52
225.916	7605.07
224.805	7657.61
223.693	7701.13
222.582	7537.75
221.47	7446.38
220.357	7534.88
219.245	7578.39
218.133	7594.92
217.02	7467.66
215.907	7645.93
214.794	7581.59
213.68	7634.03
212.566	7506.85
211.453	7631.11
210.338	7665.56
209.224	7574.35
208.11	7599.82
206.995	7697.05
205.88	7525.16
204.765	7532.69
203.65	7647.81
202.534	7807.7
201.418	7609.04
200.302	7643.42
199.186	7516.54
198.07	7515.1
196.953	7549.49
195.836	7503.27
194.719	7537.65
193.602	7393
192.484	7615.3
191.367	7595.95
190.249	7737.62
189.131	7619.88
188.012	7564.77
186.894	7572.26
185.775	7651.26
184.656	7506.81
183.537	7505.37
182.417	7441.4
181.298	7690.06
180.178	7617.15
179.058	7597.84
177.938	7578.53
176.817	7621.7
175.696	7718.4
174.575	7565.26
173.454	7617.33
172.333	7642.62
171.211	7632.24
170.09	7746.67
168.968	7602.58
167.845	7458.55
166.723	7483.84
165.6	7491.32
164.478	7552.22
163.354	7559.68
162.231	7549.33
161.108	7521.18
159.984	7519.74
158.86	7340.35
157.736	7561.33
156.612	7693.29
155.487	7558.44
154.362	7699.24
153.237	7502.2
152.112	7562.98
150.987	7668.15
149.861	7542.31
148.735	7603.03
147.609	7681.5
146.483	7582.36
145.356	7740.69
144.229	7579.45
143.102	7657.86
141.975	7745.11
140.848	7637.18
139.72	7777.61
138.592	7705.18
137.464	7615.05
136.336	7808.58
135.208	7833.67
134.079	7504.35
132.95	7733.22
131.821	7696.31
130.692	7606.28
129.562	7649.09
128.432	7629.91
127.302	7557.65
126.172	7476.57
125.042	7537.05
123.911	7517.91
122.78	7649.11
121.649	7744.9
120.518	7575.46
119.386	7591.68
118.255	7713.92
117.123	7571.09
115.991	7604.96
114.858	7727.14
113.726	7716.82
112.593	7609.41
111.46	7757.98
110.327	7685.9
109.193	7357.98
108.06	7400.67
106.926	7258.14
105.791	7150.94
104.657	6955.62
103.523	6725.11
102.388	6353.7
101.253	6008.86
100.118	5655.35
98.9822	5266.74
97.8466	4719.78
96.7107	4384.32
95.5746	3828.94
94.4383	3590.59
93.3018	3378.73
92.165	3219.73
91.0281	3095.98
89.8909	2989.86
88.7535	2927.74
87.6159	2874.43
86.478	2812.36
85.34	2820.6
84.2017	2802.49
83.0632	2793.16
81.9245	2783.84
80.7856	2783.31
79.6464	2809.11
78.5071	2799.79
77.3675	2746.6
76.2277	2754.84
75.0876	2727.99
73.9474	2692.39
72.8069	2735.71
71.6662	2682.58
70.5253	2708.36
69.3842	2760.42
68.2428	2751.12
67.1012	2706.79
65.9594	2715.03
64.8174	2749.53
63.6752	2687.72
62.5327	2687.2
61.3901	2695.43
60.2472	2703.66
59.1041	2676.89
57.9607	2728.86
56.8172	2789.54
55.6734	2727.8
54.5294	2727.27
53.3852	2726.75
52.2407	2726.22
51.0961	2699.49
