2501.49	67771.1
2500.78	67279.4
2500.07	62057.4
2499.36	62103.6
2498.64	61953.2
2497.93	62757.5
2497.22	62382.5
2496.51	62400.5
2495.79	62137.9
2495.08	62254.2
2494.37	62903.5
2493.66	62332.4
2492.94	62546.7
2492.23	62382.4
2491.52	62596.7
2490.8	62740.8
2490.09	62884.9
2489.38	62832.8
2488.66	62934.7
2487.95	63667.1
2487.23	62998.5
2486.52	62988.4
2485.81	62894.3
2485.09	63010.2
2484.38	62846.1
2483.66	62668
2482.95	63077.7
2482.23	62997.6
2481.52	63533
2480.8	63173.1
2480.09	62925.3
2479.37	63446.4
2478.66	62863.1
2477.94	62950.8
2477.23	63066.4
2476.51	62804.8
2475.79	63814.5
2475.08	63455
2474.36	63654.3
2473.65	63434.6
2472.93	63466.3
2472.21	63525.8
2471.5	63655.2
2470.78	63854.2
2470.06	63244
2469.35	63540.7
2468.63	63586.3
2467.91	63422.6
2467.2	64221.1
2466.48	63959.8
2465.76	63991.4
2465.04	63716.3
2464.33	63413.4
2463.61	63974.4
2462.89	64019.8
2462.17	64371.6
2461.45	63818.1
2460.74	64531.8
2460.02	64298.7
2459.3	64525
2458.58	64319.7
2457.86	64420.7
2457.14	64799.8
2456.42	65192.7
2455.7	64459.1
2454.99	64128.9
2454.27	64452.2
2453.55	64372.3
2452.83	64667.7
2452.11	64643.3
2451.39	64563.5
2450.67	64997.6
2449.95	65001
2449.23	65018.3
2448.51	64466.3
2447.79	64400.3
2447.07	64834.1
2446.35	64407.3
2445.63	64924.2
2444.9	65718.4
2444.18	64514.9
2443.46	65336.6
2442.74	65742.1
2442.02	65260.1
2441.3	64695
2440.58	64989.5
2439.86	65145.3
2439.13	65342.6
2438.41	65581.4
2437.69	65529.3
2436.97	64840.1
2436.25	66062
2435.52	65096.1
2434.8	65736.2
2434.08	65476.4
2433.36	65908.7
2432.63	65399.9
2431.91	65624.5
2431.19	66028.9
2430.46	65617.2
2429.74	65924.6
2429.02	65665.1
2428.29	65640.7
2427.57	65740.6
2426.85	65909.6
2426.12	65719.4
2425.4	65916
2424.68	66002
2423.95	66239.9
2423.23	66104.9
2422.5	66453.1
2421.78	66539
2421.05	66362.7
2420.33	66393.3
2419.6	66424
2418.88	66620.1
2418.15	67105.8
2417.43	66419.3
2416.7	66560.2
2415.98	66466.8
2415.25	66552.5
2414.53	66844.9
2413.8	66792.8
2413.07	66189.6
2412.35	67156.8
2411.62	67145.9
2410.9	66680.7
2410.17	66174.3
2409.44	66617.8
2408.72	67446.5
2407.99	66912.8
2407.26	66599.3
2406.54	67262.5
2405.81	67444.1
2405.08	67034.5
2404.35	67312.3
2403.63	66902.8
2402.9	67263
2402.17	67073.5
2401.44	68079.4
2400.71	67683.7
2399.99	67329.4
2399.26	67359.7
2398.53	66785.8
2397.8	67241.8
2397.07	67354.4
2396.34	67027.9
2395.62	67648.2
2394.89	67500
2394.16	67297.1
2393.43	67450.8
2392.7	67001
2391.97	67497.5
2391.24	67431.7
2390.51	67489.3
2389.78	67999.1
2389.05	67933.3
2388.32	67977.1
2387.59	66993.5
2386.86	67982.4
2386.13	67738.6
2385.4	67590.7
2384.67	67620.9
2383.94	68212.1
2383.21	67858.9
2382.48	67738.5
2381.75	67604.4
2381.02	67415.6
2380.28	68020.1
2379.55	68159.4
2378.82	67957
2378.09	67973.3
2377.36	68481.6
2376.63	68607.1
2375.89	67994.9
2375.16	68270.7
2374.43	68669.3
2373.7	68712.8
2372.97	68606.1
2372.23	68676.9
2371.5	68351.8
2370.77	67931.3
2370.03	68261.4
2369.3	68686.9
2368.57	68443.9
2367.84	68596.4
2367.1	68108
2366.37	68151.5
2365.63	68481.2
2364.9	68442.8
2364.17	68350
2363.43	67916.5
2362.7	68382.3
2361.96	68643.5
2361.23	68482.6
2360.5	68457.9
2359.76	68501.2
2359.03	68816.7
2358.29	68873.6
2357.56	68386.2
2356.82	68511.1
2356.09	68472.8
2355.35	68801.7
2354.62	68695.3
2353.88	68847.3
2353.14	69352.6
2352.41	69341.4
2351.67	69031.1
2350.94	68924.8
2350.2	69158.1
2349.46	68943.2
2348.73	69434.4
2347.99	68880
2347.25	69153.9
2346.52	68613.3
2345.78	68900.7
2345.04	69174.4
2344.31	69366.7
2343.57	69721.7
2342.83	69832.4
2342.1	69414.2
2341.36	70094.4
2340.62	69595
2339.88	69380.4
2339.14	69206.4
2338.41	69696.5
2337.67	69644.5
2336.93	69877
2336.19	69310.4
2335.45	69691.8
2334.71	69707.5
2333.98	69628.5
2333.24	70063.8
2332.5	70174.1
2331.76	69445.7
2331.02	69258.5
2330.28	70099.3
2329.54	70114.9
2328.8	69833.1
2328.06	70119.1
2327.32	70134.8
2326.58	69501.7
2325.84	69625.5
2325.1	70208.6
2324.36	69535.3
2323.62	69280.9
2322.88	69877.2
2322.14	69798.3
2321.4	69031
2320.66	70315.4
2319.92	69845.2
2319.17	69658.4
2318.43	69876.4
2317.69	69945.9
2316.95	69853.6
2316.21	69923.1
2315.47	69857.8
2314.72	69711.6
2313.98	70252.8
2313.24	69688.9
2312.5	70216.4
2311.76	69787.4
2311.01	69937.7
2310.27	70128.2
2309.53	70386.1
2308.79	70213.1
2308.04	70672.7
2307.3	70028.7
2306.56	70340.2
2305.81	69804
2305.07	70397.9
2304.33	70776.4
2303.58	70455.6
2302.84	69745.1
2302.09	69666.5
2301.35	70878.1
2300.61	70369.3
2299.86	70035.4
2299.12	70118
2298.37	70509.5
2297.63	70968
2296.88	70097.1
2296.14	69454.8
2295.39	69953.4
2294.65	70425.1
2293.9	70011.1
2293.16	70241.2
2292.41	70430.9
2291.67	70459.6
2290.92	70863.8
2290.17	70543.9
2289.43	70599.3
2288.68	70051.7
2287.94	70603.1
2287.19	70645.1
2286.44	70218.4
2285.7	70247.1
2284.95	70329.3
2284.2	70304.4
2283.45	70948.9
2282.71	70361.8
2281.96	69614.3
2281.21	70780.3
2280.47	70113.2
2279.72	70382.7
2278.97	70799.1
2278.22	70653.8
2277.47	70989.9
2276.73	70644.1
2275.98	70592.5
2275.23	70380.5
2274.48	70569.4
2273.73	69756.3
2272.98	70786.7
2272.23	70321.1
2271.49	70162.7
2270.74	69777.5
2269.99	69872.8
2269.24	70568.7
2268.49	70330.3
2267.74	71132.6
2266.99	70680.8
2266.24	70962.6
2265.49	70271
2264.74	70912.7
2263.99	70527.9
2263.24	70729.6
2262.49	70824.6
2261.74	70906.3
2260.99	70575
2260.24	70789.9
2259.49	70951.4
2258.73	69994.4
2257.98	70874.9
2257.23	70677
2256.48	70998.1
2255.73	70454.2
2254.98	70708.8
2254.23	70324.7
2253.47	71058
2252.72	70860.2
2251.97	71141.1
2251.22	70783.8
2250.46	70971.6
2249.71	70959.9
2248.96	70749
2248.21	71109.4
2247.45	70672.7
2246.7	70143.2
2245.95	70384
2245.19	70651.3
2244.44	70745.9
2243.69	71026.2
2242.93	70245
2242.18	71228.5
2241.43	71017.8
2240.67	71019.5
2239.92	70941.5
2239.16	70863.6
2238.41	70905
2237.65	70774.1
2236.9	71014.3
2236.15	71241.1
2235.39	71123.4
2234.64	70727.7
2233.88	70994.2
2233.13	71194.4
2232.37	71235.6
2231.61	71118.1
2230.86	71278.4
2230.1	71438.8
2229.35	71202.1
2228.59	71574
2227.83	71073
2227.08	71127.4
2226.32	71036.4
2225.57	70866.1
2224.81	71211.3
2224.05	70723.9
2223.3	70448.1
2222.54	70515.8
2221.78	71521.2
2221.02	70664.3
2220.27	71246.9
2219.51	71182.3
2218.75	70774.7
2217.99	70881.8
2217.24	70672.3
2216.48	70805.8
2215.72	71163.5
2214.96	71059.5
2214.2	72419.2
2213.45	71088.9
2212.69	71472.6
2211.93	71263.2
2211.17	71304.2
2210.41	71253
2209.65	71320.3
2208.89	71163.7
2208.13	71520.7
2207.37	71469.5
2206.61	71905.3
2205.85	72012
2205.09	71723.8
2204.33	71435.6
2203.57	71134.5
2202.81	71070.2
2202.05	71492.5
2201.29	70981
2200.53	71179.7
2199.77	71693.8
2199.01	71721.5
2198.25	71630.8
2197.49	72249.7
2196.73	71370.8
2195.97	72147.1
2195.2	71793.8
2194.44	72346.6
2193.68	72216.5
2192.92	71705.9
2192.16	72494.6
2191.39	71826.6
2190.63	71801.7
2189.87	71566.9
2189.11	71542
2188.34	71740
2187.58	72003.5
2186.82	72175.2
2186.06	72163.3
2185.29	72112.1
2184.53	72467.1
2183.77	71551.2
2183	72011
2182.24	71161
2181.48	72105.1
2180.71	71700.5
2179.95	71518.5
2179.18	71768.5
2178.42	71730.5
2177.66	72189.6
2176.89	71706.9
2176.13	72074.3
2175.36	71787.8
2174.6	71854.4
2173.83	71868.7
2173.07	72000.7
2172.3	71518.4
2171.54	71990
2170.77	72017.3
2170	71731.2
2169.24	72333.1
2168.47	71759.8
2167.71	71917.6
2166.94	71931.9
2166.17	71828.7
2165.41	72012.5
2164.64	72235.5
2163.87	71714.9
2163.11	72263.8
2162.34	71925.9
2161.57	72018.4
2160.81	71824
2160.04	71356
2159.27	71422.4
2158.5	71462.7
2157.74	71190.4
2156.97	71243.8
2156.2	70945.5
2155.43	71649.9
2154.67	71664.1
2153.9	71535.2
2153.13	72603.5
2152.36	71459.5
2151.59	71655.9
2150.82	72359.4
2150.05	71905.3
2149.28	71997.5
2148.52	71829.6
2147.75	72389.6
2146.98	72117.8
2146.21	72001.9
2145.44	71574.2
2144.67	71926.1
2143.9	71966.2
2143.13	70915.5
2142.36	71371.2
2141.59	70723.3
2140.82	71204.8
2140.05	71582.4
2139.28	71583.5
2138.5	71701.4
2137.73	72299.2
2136.96	72001.9
2136.19	71860.4
2135.42	71978.1
2134.65	71888.4
2133.88	72213.5
2133.1	72318.2
2132.33	72047.1
2131.56	71918.6
2130.79	72334.1
2130.02	71804.2
2129.24	72323.2
2128.47	72531.3
2127.7	72402.8
2126.93	72352
2126.15	72365.9
2125.38	72366.9
2124.61	71902.2
2123.83	71916.2
2123.06	72033.6
2122.29	72254.3
2121.51	72164.8
2120.74	71946.1
2119.97	72011.7
2119.19	72439.1
2118.42	71690.8
2117.64	71898.5
2116.87	72093.2
2116.09	72378.2
2115.32	72056.4
2114.54	72238.1
2113.77	72342.3
2113	72136.8
2112.22	72679.5
2111.44	72293.4
2110.67	72397.5
2109.89	71972.9
2109.12	72683
2108.34	72413.1
2107.57	72633.1
2106.79	72685.5
2106.01	72918.2
2105.24	72648.5
2104.46	73138.8
2103.68	72740.3
2102.91	72123.2
2102.13	72059.7
2101.35	72562.6
2100.58	72370.4
2099.8	73336.3
2099.02	72565.1
2098.24	72424.5
2097.47	72155.3
2096.69	72606.2
2095.91	72709.9
2095.13	72877.7
2094.36	72621.5
2093.58	72313.9
2092.8	72867.2
2092.02	71917.4
2091.24	72355
2090.46	72420
2089.68	72292.5
2088.9	71420.5
2088.13	72294.2
2087.35	72372
2086.57	72321.5
2085.79	72335.1
2085.01	71707.5
2084.23	71798.2
2083.45	72273.5
2082.67	72287.1
2081.89	72262.3
2081.11	73070.5
2080.33	71943.6
2079.55	72636.3
2078.77	71868.5
2077.98	71702.9
2077.2	71755
2076.42	72191.2
2075.64	71820.8
2074.86	71744.9
2074.08	72475.1
2073.3	71938.5
2072.51	72425.5
2071.73	71914.6
2070.95	72529.3
2070.17	72351
2069.39	71993.9
2068.6	72365.3
2067.82	72212.7
2067.04	72290.2
2066.26	71958.8
2065.47	72457.7
2064.69	71883.8
2063.91	71693.1
2063.12	71183.3
2062.34	71796.9
2061.56	72295.4
2060.77	72143
2059.99	72080
2059.2	71749.2
2058.42	71163.3
2057.64	71597.8
2056.85	71636.9
2056.07	71752.4
2055.28	72352.2
2054.5	72085.4
2053.71	72162.5
2052.93	71895.8
2052.14	71871.1
2051.36	71489.8
2050.57	71758
2049.79	71886.1
2049	71632.3
2048.22	70882.3
2047.43	70908.7
2046.64	71075
2045.86	71406.6
2045.07	70746.1
2044.28	71230.2
2043.5	71866.7
2042.71	72299.6
2041.92	71512.4
2041.14	71818.1
2040.35	71501.3
2039.56	71464
2038.78	71972.8
2037.99	71846.5
2037.2	71656.8
2036.41	70794.3
2035.62	71201.4
2034.84	71570.2
2034.05	71380.7
2033.26	71838.1
2032.47	71851.5
2031.68	71991.7
2030.89	71244.3
2030.11	71929.7
2029.32	71664.2
2028.53	71246.7
2027.74	72299.2
2026.95	71489
2026.16	71021.1
2025.37	71287.9
2024.58	70845.5
2023.79	71428.7
2023	70910.5
2022.21	71594.7
2021.42	71329.7
2020.63	72114.9
2019.84	71900.5
2019.05	71787.3
2018.26	71117.7
2017.47	71333.5
2016.68	71726.1
2015.88	71056.9
2015.09	71196.7
2014.3	70666.8
2013.51	71690.9
2012.72	71236.8
2011.93	71363.8
2011.13	71503.4
2010.34	71794.5
2009.55	71618.4
2008.76	71505.5
2007.96	71834.3
2007.17	71342.9
2006.38	71785
2005.59	71003.7
2004.79	71244.1
2004	71307.8
2003.21	71585.8
2002.41	71258.8
2001.62	71183.9
2000.83	71310.6
2000.03	71601
1999.24	71626.8
1998.44	71488.9
1997.65	71464.4
1996.86	71666.5
1996.06	71629.3
1995.27	71164.3
1994.47	71567.6
1993.68	70725.4
1992.88	71191.5
1992.09	70877.8
1991.29	71356.3
1990.5	70590.1
1989.7	70930.3
1988.9	71295.4
1988.11	71044.8
1987.31	71133.4
1986.52	71360.1
1985.72	71348.2
1984.92	71260.9
1984.13	71613.1
1983.33	70483.9
1982.53	70735.7
1981.74	70723.9
1980.94	71364.5
1980.14	71415.2
1979.35	71353.1
1978.55	71441.5
1977.75	71354.3
1976.95	70966.3
1976.16	71869.4
1975.36	71443.8
1974.56	70680.1
1973.76	70555.5
1972.96	71119.9
1972.16	71108
1971.37	70495
1970.57	70858.8
1969.77	70959.6
1968.97	70559.7
1968.17	70522.9
1967.37	70924
1966.57	70586.8
1965.77	70750.1
1964.97	70425.7
1964.17	70951.5
1963.37	70489.6
1962.57	70690.2
1961.77	70865.8
1960.97	70729
1960.17	70479.8
1959.37	70455.5
1958.57	70543.6
1957.77	70419.4
1956.97	70582.4
1956.17	70383.3
1955.36	70159.4
1954.56	70272.4
1953.76	70572.5
1952.96	70510.8
1952.16	69276.8
1951.36	69901.1
1950.55	69615.1
1949.75	70089.5
1948.95	70476.6
1948.15	70938.3
1947.34	70241.2
1946.54	70216.9
1945.74	69881.3
1944.94	70429.9
1944.13	69608.9
1943.33	70779.8
1942.53	69212.1
1941.72	69536.5
1940.92	69611.9
1940.11	69525.6
1939.31	69389.6
1938.51	70086.7
1937.7	69005.7
1936.9	69553.5
1936.09	69790.4
1935.29	69517.7
1934.48	69555.8
1933.68	68922.9
1932.87	69495.2
1932.07	69322
1931.26	69384.9
1930.46	69236.7
1929.65	69212.6
1928.85	69362.4
1928.04	69127.3
1927.23	69252.2
1926.43	68992.5
1925.62	69142.1
1924.81	68894.9
1924.01	69503.2
1923.2	68908.9
1922.39	69132.8
1921.59	69108.8
1920.78	69369.8
1919.97	68825.5
1919.17	68863.4
1918.36	68542.3
1917.55	68654.6
1916.74	68828.7
1915.93	68792.4
1915.13	68619.9
1914.32	69152.8
1913.51	69079.3
1912.7	69055.3
1911.89	68586.1
1911.08	69155.8
1910.28	68563.1
1909.47	69083
1908.66	68898.4
1907.85	68615
1907.04	68479.9
1906.23	68147.2
1905.42	68753.2
1904.61	68754
1903.8	68828.9
1902.99	68656.8
1902.18	68250.3
1901.37	68115.4
1900.56	68585.1
1899.75	68067.8
1898.94	68315.4
1898.13	68821.8
1897.31	68218.4
1896.5	68256.2
1895.69	68306.3
1894.88	67838.9
1894.07	68320.3
1893.26	67816
1892.45	68679.1
1891.63	68655.2
1890.82	68520.5
1890.01	68570.5
1889.2	67968.2
1888.38	67526
1887.57	68179.1
1886.76	68204.5
1885.95	67664.1
1885.13	68181.5
1884.32	67838
1883.51	67826.6
1882.69	68110.1
1881.88	68541.1
1881.06	67841.4
1880.25	68198.6
1879.44	68383.6
1878.62	67917.6
1877.81	68102.7
1876.99	67759.7
1876.18	68006
1875.36	68608.2
1874.55	67983.1
1873.73	68008.4
1872.92	66917.4
1872.1	67875.1
1871.29	68403.2
1870.47	67999.3
1869.66	68184
1868.84	68123.5
1868.02	67964.9
1867.21	67732.9
1866.39	68015.5
1865.58	67697.8
1864.76	67674.1
1863.94	67968.8
1863.13	67859.4
1862.31	67664.3
1861.49	67420.4
1860.67	67959.6
1859.86	68082.7
1859.04	67606.4
1858.22	67668.3
1857.4	67375.7
1856.59	67890
1855.77	67438.5
1854.95	68026
1854.13	67537.9
1853.31	67441
1852.49	67527.3
1851.68	67051.8
1850.86	67516.7
1850.04	67322.1
1849.22	67103.2
1848.4	67604.5
1847.58	67336.8
1846.76	67715.9
1845.94	67350.6
1845.12	66973.3
1844.3	66779.1
1843.48	67365.3
1842.66	67256.3
1841.84	66599
1841.02	67270.2
1840.2	66929.8
1839.38	67003.7
1838.56	67065.5
1837.74	66993.3
1836.91	66969.7
1836.09	67141
1835.27	67312.3
1834.45	66485.5
1833.63	67155.6
1832.81	66973.9
1831.98	66536.9
1831.16	66708
1830.34	66599.5
1829.52	66649
1828.69	66516.1
1827.87	65970.1
1827.05	66457.2
1826.22	66385.2
1825.4	66677.6
1824.58	66229.1
1823.75	66242.2
1822.93	66498
1822.11	66365.4
1821.28	66232.8
1820.46	66112.3
1819.64	65907
1818.81	66223.4
1817.99	66030.2
1817.16	66176.7
1816.34	66092.7
1815.51	66687.7
1814.69	66203.7
1813.86	65707.7
1813.04	65951
1812.21	65964.1
1811.39	65734.8
1810.56	65554.2
1809.73	65833.6
1808.91	65495.6
1808.08	66150.2
1807.26	66018
1806.43	65716.4
1805.6	65971.4
1804.78	65911.8
1803.95	66130.5
1803.12	65538.8
1802.29	65938.8
1801.47	65371.5
1800.64	65191.2
1799.81	66509.4
1798.98	65362.4
1798.16	65592.9
1797.33	65002.1
1796.5	65643.1
1795.67	65837.2
1794.84	66031.3
1794.02	65899.4
1793.19	65188.3
1792.36	65454.7
1791.53	65479.8
1790.7	65902.9
1789.87	64770.2
1789.04	65217.4
1788.21	65387.1
1787.38	65183.2
1786.55	65557.7
1785.72	65281.5
1784.89	65270.4
1784.06	66042.3
1783.23	65380.7
1782.4	65478
1781.57	65647.4
1780.74	65708.5
1779.91	65432.6
1779.08	65397.4
1778.25	65290
1777.42	64990.2
1776.58	65364
1775.75	65377
1774.92	65293.7
1774.09	65210.5
1773.26	65151.4
1772.42	65032.1
1771.59	64684.7
1770.76	65154.2
1769.93	65095
1769.09	65276.1
1768.26	65277
1767.43	64821.8
1766.6	65026.8
1765.76	65039.7
1764.93	65004.6
1764.09	65545.4
1763.26	64850.6
1762.43	65463.1
1761.59	65044.3
1760.76	64805.5
1759.92	64890.4
1759.09	65011.1
1758.26	64928.2
1757.42	64150.4
1756.59	65049.8
1755.75	64487.9
1754.92	64357.2
1754.08	65100.4
1753.24	64514.8
1752.41	64563.6
1751.57	64337.3
1750.74	63895.6
1749.9	64088.1
1749.07	64483.8
1748.23	64556.5
1747.39	64366.2
1746.56	63817.3
1745.72	63949.9
1744.88	64918.8
1744.05	64095.3
1743.21	63714.1
1742.37	63977.9
1741.53	64229.7
1740.7	64553.1
1739.86	64410.8
1739.02	64125.3
1738.18	63816
1737.34	63936.4
1736.51	63412.6
1735.67	63521
1734.83	63569.8
1733.99	64059.7
1733.15	63417
1732.31	63441.9
1731.47	63204.7
1730.63	63515.6
1729.79	63576.3
1728.95	63541.6
1728.11	63757
1727.27	63127
1726.43	63175.8
1725.59	63343.5
1724.75	63082.8
1723.91	63060.1
1723.07	63287.3
1722.23	62931.6
1721.39	62908.9
1720.55	62303.7
1719.71	62602.1
1718.87	63245.2
1718.03	62770.9
1717.18	62760.2
1716.34	63034.6
1715.5	62715
1714.66	62407.4
1713.82	62479.9
1712.97	62576
1712.13	62968.9
1711.29	62614
1710.45	62544
1709.6	62497.7
1708.76	61490.6
1707.92	62073.1
1707.07	62691
1706.23	62040
1705.39	62361.3
1704.54	62172.9
1703.7	62008.2
1702.85	62210.9
1702.01	62591.2
1701.17	62296.2
1700.32	61788.2
1699.48	61505.4
1698.63	61648.7
1697.79	61673.7
1696.94	61876.1
1696.1	61865.6
1695.25	62186.2
1694.41	62222.9
1693.56	61644.6
1692.71	61929.6
1691.87	61836.3
1691.02	61033.8
1690.18	61354.3
1689.33	61780.9
1688.48	61770.4
1687.64	62007.8
1686.79	61702
1685.94	61963
1685.1	61728.1
1684.25	61587.7
1683.4	61671.6
1682.55	61649.2
1681.71	61839.2
1680.86	61321.4
1680.01	61770.8
1679.16	61076.4
1678.31	61337.1
1677.47	61515.2
1676.62	61186.4
1675.77	61069.9
1674.92	61106.6
1674.07	61166.8
1673.22	61521.4
1672.37	61004.5
1671.52	61088.3
1670.67	61183.7
1669.82	60855.5
1668.97	61727.5
1668.12	61081.7
1667.27	60506.6
1666.42	60907.9
1665.57	61120.8
1664.72	60816.4
1663.87	60923.6
1663.02	60830.8
1662.17	60926.2
1661.32	61256.4
1660.47	60611.6
1659.62	60836.1
1658.76	60696.5
1657.91	61120.5
1657.06	61450.4
1656.21	60735.7
1655.36	60737
1654.5	60691.4
1653.65	61009.4
1652.8	60963.8
1651.95	60566.3
1651.09	60649.7
1650.24	60604.2
1649.39	60253.9
1648.53	60231.8
1647.68	60444.1
1646.83	59848
1645.97	60317.9
1645.12	60623.7
1644.26	60777.2
1643.41	60439
1642.56	60065.8
1641.7	59926.8
1640.85	60290.9
1639.99	60888.8
1639.14	59942.7
1638.28	60178
1637.43	60179.3
1636.57	59946.9
1635.72	59995
1634.86	59645.8
1634	59518.7
1633.15	59929
1632.29	59638.4
1631.43	59815
1630.58	59863.1
1629.72	59642.7
1628.87	59270.6
1628.01	59400.5
1627.15	59752
1626.29	59718.4
1625.44	59043.2
1624.58	59208
1623.72	58521.6
1622.86	58989.5
1622.01	59632.1
1621.15	59505.3
1620.29	58621.1
1619.43	59414.9
1618.57	58903.8
1617.71	59394.4
1616.86	59419.2
1616	59443.9
1615.14	58781.8
1614.28	58515.6
1613.42	58901.2
1612.56	58716.5
1611.7	58985.6
1610.84	58998.7
1609.98	58953.7
1609.12	58769.1
1608.26	58956.6
1607.4	58342.1
1606.54	58425
1605.68	58403.4
1604.82	58137.7
1603.96	58464.5
1603.09	58187.4
1602.23	58212.2
1601.37	58480.8
1600.51	58470.7
1599.65	57729.6
1598.79	57858.8
1597.92	57860.5
1597.06	57827.3
1596.2	57527.4
1595.34	57830.6
1594.47	57867
1593.61	57810.6
1592.75	57429.8
1591.89	58057.2
1591.02	57699.6
1590.16	57828.7
1589.29	57841.9
1588.43	57473
1587.57	57428.3
1586.7	57626.8
1585.84	57454.8
1584.97	57282.9
1584.11	57851.4
1583.25	57378.8
1582.38	57322.7
1581.52	57174
1580.65	57487.8
1579.79	57570.4
1578.92	57733.8
1578.06	57377.2
1577.19	57921.8
1576.32	56895.4
1575.46	57405.2
1574.59	57210.6
1573.73	57270
1572.86	57075.4
1571.99	57192.5
1571.13	57298
1570.26	57068.9
1569.39	57024.5
1568.52	57164.5
1567.66	57097
1566.79	57052.6
1565.92	56477.9
1565.05	57079
1564.19	57218.9
1563.32	57174.4
1562.45	56830.5
1561.58	56901.3
1560.71	57329
1559.84	56593.9
1558.98	56388.4
1558.11	56977.1
1557.24	56921.2
1556.37	56911.4
1555.5	56683
1554.63	56903.2
1553.76	56778.4
1552.89	56780.1
1552.02	56689.8
1551.15	56898.3
1550.28	56658.7
1549.41	57154.4
1548.54	56765.4
1547.67	56480
1546.8	56872.1
1545.93	56713
1545.06	56760.6
1544.18	56739.3
1543.31	56339.3
1542.44	56295.2
1541.57	56296.9
1540.7	56229.8
1539.82	56254.5
1538.95	56485.5
1538.08	56120.4
1537.21	56087.8
1536.33	56433.3
1535.46	56114.2
1534.59	56219
1533.72	56026
1532.84	56107.9
1531.97	56121.1
1531.1	56283.1
1530.22	56055.9
1529.35	56069.1
1528.47	56070.8
1527.6	56267
1526.72	55902.7
1525.85	55492.8
1524.98	55894.7
1524.1	56022.2
1523.23	55475.4
1522.35	55534.3
1521.48	55661.8
1520.6	55640.7
1519.72	55379.8
1518.85	55678.5
1517.97	55155.1
1517.1	55499.4
1516.22	55307.2
1515.34	55902.4
1514.47	55550.4
1513.59	55346.8
1512.71	54812.6
1511.84	54996.9
1510.96	54941.8
1510.08	54795.5
1509.21	54979.7
1508.33	54514.4
1507.45	54732.8
1506.57	54837.2
1505.69	54497.4
1504.82	55045.9
1503.94	54615.1
1503.06	55004
1502.18	54072.6
1501.3	54780.1
1500.42	54474.8
1499.54	54397.1
1498.66	54239.8
1497.79	54435.1
1496.91	54448.3
1496.03	54495.7
1495.15	54440.8
1494.27	54067.7
1493.39	53956.1
1492.51	54423.8
1491.63	54221.3
1490.74	53893.9
1489.86	54043.5
1488.98	54000
1488.1	53933.9
1487.22	53754.3
1486.34	53733.6
1485.46	53554.1
1484.58	54202.6
1483.69	53773.6
1482.81	53650.9
1481.93	53766.3
1481.05	53915.6
1480.17	53770.2
1479.28	53670.3
1478.4	53389
1477.52	53730.9
1476.63	53778.1
1475.75	53146.1
1474.87	53759.4
1473.98	53569
1473.1	53514.4
1472.22	53550.4
1471.33	53190.4
1470.45	53373.4
1469.56	53850.4
1468.68	53524.4
1467.79	53786.4
1466.91	53155.4
1466.02	52920.1
1465.14	53826.1
1464.25	53331
1463.37	53739.6
1462.48	53481.8
1461.6	53325.7
1460.71	53542.2
1459.83	53194.3
1458.94	53196.3
1458.05	53536.8
1457.17	53121.4
1456.28	53597.1
1455.39	52527.7
1454.51	52653.9
1453.62	53276
1452.73	53559.8
1451.85	53742
1450.96	53383.3
1450.07	52979.8
1449.18	53443.6
1448.29	52961.3
1447.41	53042.1
1446.52	53010.4
1445.63	53744
1444.74	53138.2
1443.85	52656.4
1442.96	52545.9
1442.07	52728
1441.18	53078.6
1440.3	53136.8
1439.41	52959
1438.52	53129.6
1437.63	52783.2
1436.74	52549.2
1435.85	52832.1
1434.96	52632
1434.06	52746.3
1433.17	52804.5
1432.28	52918.8
1431.39	52729.9
1430.5	52395.3
1429.61	52307.6
1428.72	52657.5
1427.83	51919.2
1426.94	52616.7
1426.04	52708.4
1425.15	52800.1
1424.26	52353.7
1423.37	52221.3
1422.47	52279.4
1421.58	52584
1420.69	52205.2
1419.8	51770.5
1418.9	52063.8
1418.01	52345.7
1417.12	52112.7
1416.22	51924.6
1415.33	52519.7
1414.43	52163.7
1413.54	52053.9
1412.65	52056
1411.75	51901.6
1410.86	51948.4
1409.96	52062.3
1409.07	51941.4
1408.17	51865.3
1407.28	51733.3
1406.38	51523.2
1405.49	51972.1
1404.59	51829
1403.7	51663.7
1402.8	51889
1401.9	51422.4
1401.01	51792.8
1400.11	51516
1399.21	51261.6
1398.32	51252.6
1397.42	51310.5
1396.52	51145.5
1395.63	51069.7
1394.73	51005
1393.83	50973.8
1392.93	50886.9
1392.04	51033.9
1391.14	50902.5
1390.24	50414.8
1389.34	51040.5
1388.44	50975.9
1387.54	50610.9
1386.65	51091.6
1385.75	50893.5
1384.85	50573.2
1383.95	51020.3
1383.05	50333.1
1382.15	50813.4
1381.25	50815.6
1380.35	50862.3
1379.45	50509
1378.55	50277.9
1377.65	50435.7
1376.75	50304.7
1375.85	50384.7
1374.95	50620.1
1374.05	50023
1373.15	50635.7
1372.24	50571.3
1371.34	50739.9
1370.44	50265.2
1369.54	50345.1
1368.64	50147.8
1367.73	50360.7
1366.83	50396.2
1365.93	50043.9
1365.03	50046.2
1364.13	50369.7
1363.22	49840.3
1362.32	50341
1361.42	49977.8
1360.51	50832.5
1359.61	49993.5
1358.71	50062.2
1357.8	50153
1356.9	50155.2
1355.99	49958.4
1355.09	50204
1354.18	49929.8
1353.28	49843.7
1352.38	49647
1351.47	49572
1350.57	49961
1349.66	49742.4
1348.75	49733.7
1347.85	49592.4
1346.94	49749.3
1346.04	49497.7
1345.13	49433.8
1344.22	49690
1343.32	49946
1342.41	49727.7
1341.51	49895.4
1340.6	49996.9
1339.69	49679.4
1338.78	49450.2
1337.88	49529.7
1336.97	49521
1336.06	49391.1
1335.15	49635.8
1334.25	48999.3
1333.34	49354
1332.43	49521.5
1331.52	49446.8
1330.61	49746.2
1329.7	49330.3
1328.79	49365.7
1327.89	49093
1326.98	49370.3
1326.07	49251.7
1325.16	49166
1324.25	49113.4
1323.34	48917.9
1322.43	48722.5
1321.52	49219.3
1320.61	48782.3
1319.7	49059.2
1318.79	49105.5
1317.88	48822.4
1316.96	49121.1
1316.05	49233.2
1315.14	48829.5
1314.23	48634.4
1313.32	48582
1312.41	48770.8
1311.49	48817.1
1310.58	48841.4
1309.67	48931.4
1308.76	48769.3
1307.85	48191
1306.93	48105.8
1306.02	48524.5
1305.11	48548.8
1304.19	48189.9
1303.28	48455.1
1302.37	48315.2
1301.45	47989.3
1300.54	48221.5
1299.62	47764.5
1298.71	48281.1
1297.8	48327.3
1296.88	48121.9
1295.97	47829.2
1295.05	48137.8
1294.14	48063.7
1293.22	47847.6
1292.31	47861
1291.39	47732.4
1290.47	47811.4
1289.56	47955.8
1288.64	48351.3
1287.73	47535
1286.81	47483
1285.89	47922
1284.98	47586.2
1284.06	47556
1283.14	47340.4
1282.23	47124.9
1281.31	47203.8
1280.39	47893.1
1279.47	47285.2
1278.56	47146.1
1277.64	47530
1276.72	47205.7
1275.8	46990.5
1274.88	47080.2
1273.96	47158.9
1273.05	47335.6
1272.13	46663.5
1271.21	47166.6
1270.29	47267
1269.37	47073.8
1268.45	47152.5
1267.53	46937.6
1266.61	46896.7
1265.69	46681.9
1264.77	47010.5
1263.85	46763.1
1262.93	46820.1
1262.01	46475.1
1261.09	47031.5
1260.17	46936.4
1259.25	46841.2
1258.32	46561.6
1257.4	46249.5
1256.48	46295.6
1255.56	46395.9
1254.64	46930
1253.71	46618
1252.79	46512.2
1251.87	46178.8
1250.95	46625.8
1250.02	46520
1249.1	46392.6
1248.18	46048.6
1247.25	46170.4
1246.33	46877
1245.41	46175.7
1244.48	46557.3
1243.56	46473.3
1242.64	46313.5
1241.71	46835.5
1240.79	45907.7
1239.86	46267.3
1238.94	46226.7
1238.01	46272.6
1237.09	46091.4
1236.16	46288.6
1235.24	46366.8
1234.31	45915.7
1233.39	46220.8
1232.46	45931.8
1231.53	45966.8
1230.61	46012.7
1229.68	45982.9
1228.75	46449.6
1227.83	45945.1
1226.9	46109.5
1225.97	45939.6
1225.05	45726.5
1224.12	45793.9
1223.19	45548.6
1222.26	45863.9
1221.34	45898.9
1220.41	45750.6
1219.48	45677.9
1218.55	45820.6
1217.62	45737.1
1216.69	45427.5
1215.76	45882.3
1214.84	45831.1
1213.91	45586.2
1212.98	45836.4
1212.05	45677.6
1211.12	45583.5
1210.19	45607.7
1209.26	45653.3
1208.33	45548.5
1207.4	45282.4
1206.47	45704.2
1205.54	45040.7
1204.6	45430.2
1203.67	45207.3
1202.74	45532.2
1201.81	45341.6
1200.88	45065.2
1199.95	45271.8
1199.02	45070.6
1198.08	45642
1197.15	45129.7
1196.22	45068
1195.29	44931.4
1194.35	45266.5
1193.42	45108.3
1192.49	44821.7
1191.56	45017.3
1190.62	45095
1189.69	44722.8
1188.75	45025.4
1187.82	44899.6
1186.89	44549.1
1185.95	44894.4
1185.02	44436.9
1184.08	45006.8
1183.15	44677.9
1182.21	44423.9
1181.28	44405.3
1180.34	44814.4
1179.41	44785.1
1178.47	44798.5
1177.54	44672.9
1176.6	44483.3
1175.67	44443.4
1174.73	44467.5
1173.79	44470.3
1172.86	44227.5
1171.92	43803.2
1170.98	44350.5
1170.05	44556
1169.11	44473.4
1168.17	44145.4
1167.23	44628.2
1166.3	44151
1165.36	43983.2
1164.42	44519.1
1163.48	44244.7
1162.54	44407.3
1161.61	44069.1
1160.67	44135.8
1159.73	44245.1
1158.79	44162.7
1157.85	43963.2
1156.91	43912.8
1155.97	44394.6
1155.03	44088.7
1154.09	43974.4
1153.15	43764.5
1152.21	43607.8
1151.27	43653.2
1150.33	44091.9
1149.39	43499.4
1148.45	43874.3
1147.51	43887.7
1146.57	43922.4
1145.62	43691.5
1144.68	43789.9
1143.74	43930.7
1142.8	43891
1141.86	43862
1140.92	43843.5
1139.97	43729.6
1139.03	44082.5
1138.09	44244.4
1137.14	43854.7
1136.2	44080.1
1135.26	43913.2
1134.31	44096.2
1133.37	43473.6
1132.43	43815.6
1131.48	43627.6
1130.54	43566.9
1129.6	43527.3
1128.65	43297.2
1127.71	43903.5
1126.76	43345.2
1125.82	43538.6
1124.87	43604.9
1123.93	43396.1
1122.98	43483.5
1122.04	43211.4
1121.09	43341.1
1120.14	43460.2
1119.2	43336.2
1118.25	43761.7
1117.31	43436.9
1116.36	43714.4
1115.41	43706.6
1114.46	43582.6
1113.52	43500.9
1112.57	43387.6
1111.62	43432.6
1110.68	43372
1109.73	43332.6
1108.78	43029.5
1107.83	43612.5
1106.88	43351.6
1105.93	43090.8
1104.99	43388.8
1104.04	43528.6
1103.09	43078.2
1102.14	43354.9
1101.19	43526.3
1100.24	42886.6
1099.29	42994.7
1098.34	42997.5
1097.39	43263.5
1096.44	43529.4
1095.49	42837.7
1094.54	43019.4
1093.59	42801.3
1092.64	43056.6
1091.69	43395.8
1090.74	42830.9
1089.78	43538
1088.83	43256.9
1087.88	42881.4
1086.93	42674.1
1085.98	43202.2
1085.03	42984.4
1084.07	42840.2
1083.12	43032
1082.17	42751.4
1081.21	42911.6
1080.26	42809.5
1079.31	43074.6
1078.36	42752.2
1077.4	42797
1076.45	42611.1
1075.49	42760.7
1074.54	43109.4
1073.59	42902.5
1072.63	42905.3
1071.68	43054.7
1070.72	42387.2
1069.77	42829.9
1068.81	42822.2
1067.86	42835.4
1066.9	42367.2
1065.95	42610.8
1064.99	42373
1064.03	42501.3
1063.08	42368.2
1062.12	42454.7
1061.16	42530.7
1060.21	42523.1
1059.25	42787.2
1058.29	42257.1
1057.34	42406.2
1056.38	42429.9
1055.42	42652.1
1054.46	42550.4
1053.51	42605.4
1052.55	42201.1
1051.59	41911.8
1050.63	42530.3
1049.67	42616.5
1048.71	42316.8
1047.76	42705.5
1046.8	42499.7
1045.84	42033.4
1044.88	42171.8
1043.92	42456
1042.96	41927.4
1042	41982.4
1041.04	42026.9
1040.08	42175.6
1039.12	42074.3
1038.16	42077.1
1037.2	41923.8
1036.24	41885.1
1035.27	42044
1034.31	41672.4
1033.35	41727.3
1032.39	41657.4
1031.43	42096.9
1030.47	41590.4
1029.5	41718
1028.54	42188.5
1027.58	41879.7
1026.62	41591.7
1025.65	41656.9
1024.69	41774
1023.73	41745.7
1022.76	42226
1021.8	41782.6
1020.84	41941.1
1019.87	41611.9
1018.91	41407.3
1017.94	41441.4
1016.98	41361.3
1016.02	41613
1015.05	41843.9
1014.09	41442.6
1013.12	41694.2
1012.16	41458.8
1011.19	41451.3
1010.22	41578.4
1009.26	41498.5
1008.29	41263.3
1007.33	41587
1006.36	41434.7
1005.39	41199.6
1004.43	41378.3
1003.46	41257.1
1002.49	41528.9
1001.53	41573.1
1000.56	41162.4
999.591	41351.4
998.623	41405.9
997.655	41408.8
996.687	41587.3
995.719	41838
994.75	41056
993.782	41399.6
992.813	41681.1
991.844	41508.5
990.875	41408.1
989.906	41380
988.936	41630.4
987.966	41220.7
986.997	41213.3
986.027	41391.4
985.056	41816.9
984.086	41273.4
983.115	41379.3
982.145	41588.2
981.174	40911.2
980.203	41192.1
979.232	41483.3
978.26	41342
977.289	41612.4
976.317	41162.4
975.345	41834
974.373	41137.2
973.4	41345.8
972.428	40885.9
971.455	41423.4
970.483	41631.8
969.51	41305.6
968.536	41472.9
967.563	41393.4
966.59	41375.7
965.616	41142.3
964.642	41463.4
963.668	41353.3
962.694	41027.6
961.719	41235.7
960.745	40766.5
959.77	41518.3
958.795	41305.6
957.82	41318.7
956.845	41208.7
955.869	41211.5
954.894	41019.5
953.918	41401.5
952.942	41404.3
951.966	41058.7
950.989	41286.9
950.013	40808.3
949.036	40852.1
948.059	41121.1
947.082	41062.5
946.105	41157.4
945.128	40996.5
944.15	40753.8
943.172	41063.5
942.194	41291.2
941.216	40793
940.238	41133.2
939.259	41176.8
938.281	41005.9
937.302	40579.6
936.323	41215.7
935.344	40942.7
934.364	40843.4
933.385	40744.1
932.405	40675.5
931.425	40382.4
930.445	40589.3
929.465	40449.4
928.485	40625.6
927.504	40597.9
926.523	40427.4
925.542	40705.5
924.561	40779.6
923.58	40792.6
922.598	40367.5
921.617	40492.6
920.635	40536.2
919.653	40539
918.671	40440
917.688	40727.9
916.706	40343.9
915.723	40570.7
914.74	40319.1
913.757	40383
912.774	40538.4
911.79	40398.9
910.807	40330.5
909.823	40313.1
908.839	40529.3
907.855	39993.6
906.87	40209.8
905.886	40141.6
904.901	40469.4
903.916	39954.4
902.931	40119.7
901.946	40285
900.961	40044.3
899.975	39945.7
898.989	40313.8
898.003	40205
897.017	40684.5
896.031	40149.8
895.044	40760.9
894.058	40419
893.071	40239.4
892.084	40029.5
891.097	39769
890.109	40116.2
889.122	40351.9
888.134	40314.2
887.146	40185.4
886.158	40147.8
885.17	40403.6
884.181	40042.1
883.193	40024.7
882.204	40128.7
881.215	39929.3
880.226	39952.3
879.236	39672.2
878.247	39897.4
877.257	39991.2
876.267	40276.8
875.277	40118
874.287	40050.1
873.296	40244.8
872.306	40055.7
871.315	39796.1
870.324	39859.5
869.333	39933
868.341	40097.2
867.35	40221
866.358	40012
865.366	40216.4
864.374	40128.5
863.382	40292.5
862.39	40436.3
861.397	39784.2
860.404	40089.2
859.411	40011.4
858.418	40165.2
857.425	40258.5
856.431	40291.5
855.438	40072.8
854.444	39874.3
853.45	40028
852.455	40141.4
851.461	39772.1
850.466	39634.1
849.472	40270.2
848.477	39830.7
847.481	39743.1
846.486	39816.2
845.491	40180.6
844.495	40454.5
843.499	39945
842.503	39947.8
841.507	39779.9
840.51	40083.7
839.514	39735.3
838.517	39838.4
837.52	40322.6
836.523	40215
835.526	40157.5
834.528	39929.6
833.53	39481.3
832.533	39704.6
831.534	39877.7
830.536	39920.5
829.538	39622.7
828.539	39855.8
827.54	39948.7
826.541	40011.5
825.542	39653.9
824.543	39906.8
823.543	39749.4
822.544	39752.2
821.544	39524.9
820.544	39797.6
819.544	39660.4
818.543	39893.1
817.543	39635.9
816.542	39528.8
815.541	39681.4
814.54	39784
813.538	39706.8
812.537	39599.7
811.535	39642.4
810.533	39585.2
809.531	39727.7
808.529	39900
807.526	39413.9
806.524	39805.6
805.521	39369.5
804.518	39611.6
803.515	39684.1
802.511	39896.1
801.508	40327.3
800.504	39642.4
799.5	39655.1
798.496	39817.1
797.492	39710.3
796.487	40031.5
795.483	39576.3
794.478	39807.9
793.473	39880.2
792.468	39872.9
791.462	39607
790.457	39719.1
789.451	39990.2
788.445	39943.1
787.439	39935.8
786.433	40176.9
785.426	39792
784.42	39715.2
783.413	39707.9
782.406	39710.5
781.399	40160
780.391	40122.8
779.384	40075.8
778.376	39800.5
777.368	40289.3
776.36	39746.2
775.351	40254.7
774.343	40217.5
773.334	39942.5
772.325	39915.3
771.316	39927.8
770.307	39791.7
769.297	39853.8
768.288	39846.5
767.278	39849.1
766.268	39960.6
765.258	39606.7
764.247	40173.5
763.237	40027.6
762.226	39842.2
761.215	40309.7
760.204	39896.8
759.193	40383.9
758.181	39555.9
757.17	39667.3
756.158	39897.2
755.146	39237.7
754.134	39428.1
753.121	39875.2
752.109	39877.7
751.096	39811.2
750.083	39813.7
749.07	39411.6
748.056	39947.1
747.043	39890.5
746.029	39577.3
745.015	39708.1
744.001	39927.7
742.987	39969.6
741.972	39637
740.958	39550.8
739.943	40046.1
738.928	40216.1
737.913	39588.1
736.897	40014.2
735.882	39672
734.866	39773
733.85	39736.2
732.834	39630.5
731.818	39731.4
730.801	39320.8
729.784	39667.6
728.767	39719.3
727.75	39603.9
726.733	39763.7
725.716	39658.1
724.698	39650.8
723.68	39564.9
722.662	39803.2
721.644	39756.6
720.626	39464.5
719.607	39457.3
718.588	39675.8
717.569	39688.1
716.55	39847.6
715.531	39575.4
714.511	39470
713.492	39717.7
712.472	39798.6
711.452	40056
710.432	40107.4
709.411	39737.4
708.39	40239.6
707.37	39850.2
706.349	39852.6
705.327	39766.9
704.306	39935.8
703.284	39732.7
702.263	39715.6
701.241	40089.9
700.219	39710.7
699.196	40055.5
698.174	39862.3
697.151	40031
696.128	39857.4
695.105	40172.6
694.082	40028.4
693.058	39767
692.035	39798.7
691.011	39762.1
689.987	40116.1
688.963	40323.5
687.938	39974.4
686.914	39859.6
685.889	40076.7
684.864	39981.5
683.839	39701
682.813	40093.5
681.788	39998.4
680.762	39981.2
679.736	39876.4
678.71	39781.3
677.684	39637.6
676.657	39805.6
675.631	39934.6
674.604	39781.1
673.577	40007.5
672.549	39649.6
671.522	39856.4
670.494	39897.7
669.466	39919.5
668.438	39970.5
667.41	39865.9
666.382	39771
665.353	40172
664.325	40174.3
663.296	40001.6
662.266	39887.4
661.237	40249.2
660.208	39843.5
659.178	39486.5
658.148	39770.5
657.118	39549.6
656.088	40027.6
655.057	40068.7
654.026	40012.7
652.996	39947.1
651.964	39774.9
650.933	39728.7
649.902	39857.1
648.87	39588
647.838	39871.4
646.806	40077.2
645.774	39740.4
644.742	40014
643.709	39716
642.676	39921.7
641.643	39846.5
640.61	40265
639.577	39967.3
638.543	39921.2
637.51	40039.5
636.476	39800
635.442	39889.3
634.407	40036.6
633.373	40145.2
632.338	40118.4
631.303	39753.5
630.268	40093.9
629.233	39651.8
628.197	40146.7
627.162	40110.3
626.126	40102.8
625.09	40153.3
624.054	40174.8
623.017	40360.3
621.981	40053.8
620.944	40056
619.907	40048.6
618.87	40253.3
617.832	39985.5
616.795	40026.3
615.757	40192.3
614.719	40358.3
613.681	40293
612.643	40112.2
611.604	40201
610.565	40280.2
609.526	40253.5
608.487	40871.6
607.448	40325.2
606.409	40567.8
605.369	40329.4
604.329	40562.4
603.289	39987.6
602.249	40585.7
601.208	40213
600.168	40119
599.127	40323
598.086	40392.3
597.044	40624.9
596.003	40559.7
594.961	40398.6
593.92	40314.3
592.878	40489.2
591.835	40539.2
590.793	40464.5
589.75	40332.3
588.708	40142.6
587.665	40279
586.621	40357.8
585.578	40350.3
584.535	40448.2
583.491	40392.7
582.447	40720.5
581.403	40349
580.358	40303.2
579.314	40324.4
578.269	40240.3
577.224	40749.6
576.179	40244.5
575.134	40351.8
574.088	40334.7
573.043	40298.6
571.997	40444
570.951	40350.5
569.904	40285.6
568.858	40201.7
567.811	39706.9
566.764	40549.7
565.717	40561.3
564.67	40324.5
563.623	40450.7
562.575	40510
561.527	40321.1
560.479	40657.1
559.431	40544.6
558.382	40441.6
557.334	40386.4
556.285	40302.6
555.236	40094.9
554.187	40554.5
553.137	40480.2
552.088	40425
551.038	40731.9
549.988	40448.1
548.938	40726.2
547.887	40337.8
546.837	40511.1
545.786	40379.9
544.735	40762.4
543.684	40431.4
542.633	40633.1
541.581	40549.5
540.529	40570.4
539.477	40230.1
538.425	40935.5
537.373	40490.7
536.32	40483.1
535.268	40380.6
534.215	40734
533.161	40773.8
532.108	40775.7
531.055	40597.3
530.001	40561.2
528.947	40743.4
527.893	40403.8
526.839	40462.6
525.784	40644.7
524.729	40144.1
523.674	40458.9
522.619	40233.4
521.564	40472.2
520.509	40568.9
519.453	40760.2
518.397	40345.4
517.341	40271.6
516.285	40320.8
515.228	40767.7
514.172	40353.1
513.115	40345.6
512.058	40252.9
511	40264.3
509.943	39840.7
508.885	40466.7
507.827	40147.2
506.769	40168
505.711	40047.1
504.653	40455.3
503.594	40230.5
502.535	40364.6
501.476	40064.4
500.417	40047.4
499.357	39728.5
498.298	40089.1
497.238	39817.4
496.178	39847.7
495.118	40179.8
494.057	40077.9
492.997	40051.6
491.936	40430.6
490.875	40046
489.813	39576.8
488.752	40002.8
487.69	40004.7
486.629	40119.6
485.567	40262.8
484.504	40490.6
483.442	40012.4
482.379	40108.4
481.316	40025.6
480.253	40225.1
479.19	40095.3
478.127	40275.9
477.063	40155.5
475.999	39753.2
474.935	40272
473.871	40330.2
472.807	40585.7
471.742	40099.1
470.677	40467.2
469.612	40271.8
468.547	40367.6
467.482	40641.6
466.416	40277.4
465.35	40307.3
464.284	40665.6
463.218	40507.9
462.152	40566
461.085	40352.1
460.018	40466.4
458.951	40655.6
457.884	40591.8
456.817	40462.4
455.749	40464.1
454.681	40615.7
453.613	40701.7
452.545	40422.6
451.477	40639.7
450.408	40725.6
449.339	40661.8
448.27	40654.2
447.201	40637.2
446.131	40760.5
445.062	40668.7
443.992	41100.4
442.922	40560
441.852	40589.7
440.781	40768.9
439.711	40611.8
438.64	40781.6
437.569	40830
436.498	41195.7
435.426	40908
434.355	41086.9
433.283	40874
432.211	40670.4
431.138	40989.2
430.066	40748.3
428.993	41141.6
427.921	40854.2
426.848	41293.8
425.774	40848.1
424.701	41045.4
423.627	40702.4
422.553	40918.2
421.479	41152.6
420.405	40698
419.331	41025.4
418.256	41064.2
417.181	41121.6
416.106	40741.8
415.031	41124.8
413.955	41061.2
412.88	40728.1
411.804	40813.4
410.728	41279.7
409.651	40881.7
408.575	40892.5
407.498	40857
406.421	41192.9
405.344	41519.3
404.267	41028.8
403.189	40863.3
402.112	40753.6
401.034	40662.4
399.956	40747.5
398.877	40795.5
397.799	40778.5
396.72	41039.6
395.641	40614.8
394.562	41181.7
393.483	40914.5
392.403	41138.4
391.324	40834.3
390.244	41169.2
389.164	40661.5
388.083	40653.8
387.003	41469.8
385.922	41110.4
384.841	41158.1
383.76	40290.2
382.678	40985.4
381.597	40876
380.515	40785.1
379.433	40749.6
378.351	41185.5
377.269	40798.9
376.186	41151.5
375.103	41042.1
374.02	40849.7
372.937	40888.2
371.854	41046.6
370.77	40826.6
369.686	40735.8
368.602	41014.1
367.518	41227.7
366.434	40934.1
365.349	40797.3
364.264	41066.1
363.179	41168.9
362.094	41004.5
361.008	41070.5
359.923	41136.4
358.837	41119.4
357.751	41194.5
356.664	40910.5
355.578	40856.8
354.491	40913.5
353.404	40951.7
352.317	40971.6
351.23	41368.5
350.142	41011.3
349.055	41435.6
347.967	41188.8
346.879	41263.7
345.79	41265.1
344.702	41119.5
343.613	41341.3
342.524	40966.2
341.435	41068.6
340.346	41373
339.256	40731.9
338.166	41384.8
337.076	41514.6
335.986	41277.4
334.896	41590.6
333.805	41124.3
332.714	41272.3
331.623	41227.9
330.532	41357.5
329.441	41606.2
328.349	41433.5
327.257	41196.6
326.165	41408.6
325.073	41501.5
323.981	41035.9
322.888	41458.3
321.795	41569.4
320.702	41406
319.609	41142
318.515	41271.4
317.421	41300.2
316.328	40844.4
315.233	41174.8
314.139	41678.8
313.045	41259.7
311.95	41151.4
310.855	41125.4
309.76	40944.1
308.664	40881.5
307.569	41038.1
306.473	41395.3
305.377	41250.6
304.281	41060.3
303.184	40778.9
302.088	40725.6
300.991	41410.8
299.894	41275.3
298.797	41577.3
297.699	41797.2
296.602	41042.3
295.504	40925.2
294.406	41363.6
293.307	41173.7
292.209	41011.1
291.11	40830.4
290.011	41186.6
288.912	40669.3
287.813	40843.5
286.713	40653.9
285.614	40700.7
284.514	41229.3
283.414	41212.4
282.313	40850.2
281.213	41205.8
280.112	40843.7
279.011	41181.1
277.91	41282.2
276.808	41410.6
275.707	41103.2
274.605	41431.2
273.503	40851.6
272.401	40626.1
271.298	40827
270.195	40991.5
269.093	40965.6
267.989	41383.9
266.886	41276.3
265.783	41386.3
264.679	40816.7
263.575	41361.5
262.471	41598.1
261.367	41463.5
260.262	41518.9
259.157	41429.6
258.052	41349.3
256.947	41730.5
255.842	41315.5
254.736	41271.4
253.63	40612.4
252.524	41165.3
251.418	40696.4
250.312	41221.9
249.205	41096.6
248.098	41179.1
246.991	40900.3
245.884	41235.7
244.776	41263.9
243.668	41842.9
242.56	41013.5
241.452	41041.8
240.344	41169.3
239.235	40800.6
238.127	41198.7
237.018	40830.2
235.908	40858.5
234.799	40949.8
233.689	41014.1
232.58	40826.1
231.47	41142.6
230.359	40873.6
229.249	40892.8
228.138	40452.8
227.027	40427.1
225.916	40707.4
224.805	40861.6
223.693	40790.8
222.582	40684.1
221.47	40568.4
220.357	40641.6
219.245	40975.4
218.133	40599.1
217.02	40852
215.907	41122.7
214.794	40836.4
213.68	40999.2
212.566	41117.1
211.453	40741.1
210.338	41074.5
209.224	40914
208.11	40699.9
206.995	40781.8
205.88	40818.9
204.765	40739.3
203.65	40704.6
202.534	40696.9
201.418	40904.2
200.302	40761.9
199.186	41049.8
198.07	41041.9
196.953	40577.4
195.836	40739.7
194.719	40794.6
193.602	40742.1
192.484	40993.8
191.367	40789.1
190.249	40852.9
189.131	40934.5
188.012	40604.8
186.894	40659.6
185.775	40499.8
184.656	40402.7
183.537	40457.5
182.417	40905.4
181.298	40370.6
180.178	40371.8
179.058	39944.4
177.938	40231.4
176.817	40339.7
175.696	40064.3
174.575	40627.6
173.454	40646.5
172.333	40567.4
171.211	40211.9
170.09	40070.5
168.968	40294.6
167.845	40206.6
166.723	39887.1
165.6	40013.1
164.478	39952
163.354	39873.1
162.231	40372.9
161.108	40133.7
159.984	39957
158.86	39958.2
157.736	40012.8
156.612	40022.9
155.487	40139.7
154.362	39563
153.237	40168.8
152.112	40276.6
150.987	40162.3
149.861	40385.5
148.735	40546.6
147.609	40121.4
146.483	40024.9
145.356	40265.8
144.229	40675.2
143.102	40161.6
141.975	40384.6
140.848	40563.1
139.72	40324.7
138.592	40184
137.464	39892.6
136.336	40292.6
135.208	40382.4
134.079	40082.2
132.95	39932.8
131.821	39712.6
130.692	40023.7
129.562	39901
128.432	40088
127.302	40009.5
126.172	40090.3
125.042	39560.7
123.911	39623.8
122.78	39952.2
121.649	39865
120.518	39583.3
119.386	39796.6
118.255	40089.4
117.123	39710.7
115.991	39650
114.858	39757.2
113.726	39272.8
112.593	39177
111.46	39045.9
110.327	38720.7
109.193	37981
108.06	37523.8
106.926	36934.5
105.791	36010.4
104.657	35042.5
103.523	33123.2
102.388	30711
101.253	28326.2
100.118	24400.8
98.9822	20573.7
97.8466	16739.4
96.7107	13258.6
95.5746	10316.1
94.4383	8598.06
93.3018	6951.03
92.165	5894.05
91.0281	5206.87
89.8909	4722.21
88.7535	4378.42
87.6159	4131.44
86.478	3998.82
85.34	3769.59
84.2017	3663.44
83.0632	3636.38
81.9245	3705.94
80.7856	3529.62
79.6464	3528.94
78.5071	3572.14
77.3675	3483.7
76.2277	3456.71
75.0876	3429.73
73.9474	3376.45
72.8069	3384.57
71.6662	3436.51
70.5253	3356.96
69.3842	3426.42
68.2428	3425.76
67.1012	3355.02
65.9594	3363.13
64.8174	3336.21
63.6752	3309.31
62.5327	3352.43
61.3901	3325.53
60.2472	3342.39
59.1041	3341.74
57.9607	3384.83
56.8172	3331.71
55.6734	3322.32
54.5294	3365.39
53.3852	3364.74
52.2407	3320.4
51.0961	3276.08
