2501.49	23194.5
2500.78	22983.7
2500.07	21603.5
2499.36	21586
2498.64	21526.3
2497.93	21536.9
2497.22	21772.1
2496.51	21642.3
2495.79	21610.7
2495.08	21509
2494.37	21758.1
2493.66	21642.4
2492.94	21709
2492.23	21831.7
2491.52	21449.7
2490.8	21726.6
2490.09	21751.1
2489.38	21845.7
2488.66	21716.1
2487.95	21782.7
2487.23	21765.2
2486.52	21845.7
2485.81	21884.2
2485.09	21754.7
2484.38	22255.1
2483.66	21803.7
2482.95	21800.1
2482.23	21740.7
2481.52	21681.2
2480.8	21957.5
2480.09	22191.6
2479.37	22020.3
2478.66	21988.8
2477.94	22208.9
2477.23	22079.5
2476.51	22327.5
2475.79	21960.7
2475.08	22306.3
2474.36	22079.3
2473.65	22508.6
2472.93	22239.7
2472.21	22264.1
2471.5	22232.6
2470.78	22159.2
2470.06	22532.3
2469.35	22193.9
2468.63	22483.2
2467.91	22354.1
2467.2	22448.1
2466.48	22179.6
2465.76	22245.7
2465.04	22242.2
2464.33	22224.6
2463.61	22360.4
2462.89	22133.9
2462.17	22520.3
2461.45	22252.1
2460.74	22192.8
2460.02	22272.8
2459.3	22269.2
2458.58	22418.7
2457.86	22303.7
2457.14	22425.4
2456.42	22672.1
2455.7	22473.8
2454.99	22456.2
2454.27	22688.9
2453.55	22838.2
2452.83	22514.9
2452.11	22372.3
2451.39	22507.6
2450.67	22962.4
2449.95	22833.7
2449.23	22746.7
2448.51	22631.9
2447.79	22725.5
2447.07	22930
2446.35	22787.5
2445.63	22700.6
2444.9	22849.5
2444.18	23345.2
2443.46	22842.2
2442.74	22838.5
2442.02	22640.7
2441.3	22678.6
2440.58	22591.8
2439.86	22754.4
2439.13	22917
2438.41	22830.2
2437.69	22812.7
2436.97	23044.4
2436.25	23179.2
2435.52	23120
2434.8	23088.6
2434.08	22808.1
2433.36	23012
2432.63	23160.5
2431.91	23184.4
2431.19	22710.4
2430.46	23259.9
2429.74	23145.5
2429.02	23058.8
2428.29	22944.5
2427.57	23300.1
2426.85	22785.1
2426.12	23347.9
2425.4	22929.7
2424.68	23188.4
2423.95	23239.9
2423.23	23084.3
2422.5	23273.8
2421.78	23242.4
2421.05	23514.7
2420.33	23110.7
2419.6	23176
2418.88	23406.7
2418.15	23113.3
2417.43	23440.5
2416.7	23354
2415.98	23805.1
2415.25	23277.5
2414.53	23301.3
2413.8	23573.1
2413.07	23817.2
2412.35	23386.4
2411.62	23534.1
2410.9	23599.2
2410.17	23526.5
2409.44	23701.6
2408.72	23739.1
2407.99	23294.9
2407.26	23800.2
2406.54	23493.7
2405.81	23998.8
2405.08	23637.4
2404.35	23716
2403.63	23904.7
2402.9	23928.3
2402.17	23649.6
2401.44	24167.8
2400.71	23999.1
2399.99	23885.3
2399.26	23812.8
2398.53	23808.9
2397.8	23626.6
2397.07	23883.6
2396.34	23838.5
2395.62	23903.3
2394.89	24022.9
2394.16	24279.6
2393.43	23987.7
2392.7	23778.1
2391.97	24089.6
2391.24	24305
2390.51	24027
2389.78	23968.2
2389.05	23882.2
2388.32	24344.1
2387.59	24175.8
2386.86	24473.1
2386.13	23921.4
2385.4	23917.6
2384.67	24146.4
2383.94	24156.2
2383.21	24357.5
2382.48	24162
2381.75	24226.5
2381.02	24441.4
2380.28	24300.7
2379.55	24255.7
2378.82	24374.8
2378.09	24124.8
2377.36	24298.6
2376.63	24567.9
2375.89	24427.3
2375.16	24355.1
2374.43	24542.3
2373.7	24483.7
2372.97	24315.9
2372.23	24530.4
2371.5	24444.5
2370.77	24426.9
2370.03	24654.9
2369.3	24596.3
2368.57	24646.9
2367.84	24779.3
2367.1	24911.6
2366.37	24675.8
2365.63	24944.4
2364.9	24572.4
2364.17	24718.3
2363.43	24768.8
2362.7	24655.8
2361.96	24406.6
2361.23	24974.6
2360.5	24848
2359.76	25061.7
2359.03	25003.2
2358.29	24972
2357.56	25049.5
2356.82	25113.5
2356.09	25123
2355.35	25064.5
2354.62	25182.8
2353.88	25138
2353.14	25337.8
2352.41	25374.4
2351.67	25180.1
2350.94	25216.7
2350.2	25144.7
2349.46	25357.9
2348.73	25611.8
2347.99	25376.8
2347.25	25019.8
2346.52	25327.9
2345.78	25350.9
2345.04	25292.5
2344.31	25668.3
2343.57	25664.1
2342.83	25375.1
2342.1	25411.7
2341.36	25434.6
2340.62	25267.8
2339.88	25548.3
2339.14	25462.9
2338.41	25689.1
2337.67	25332.7
2336.93	25843.2
2336.19	25730.7
2335.45	25997.3
2334.71	25424.5
2333.98	25488
2333.24	25605.7
2332.5	25899.2
2331.76	25516.2
2331.02	25606.7
2330.28	25643.1
2329.54	26071.7
2328.8	25783.5
2328.06	25725.2
2327.32	25545.3
2326.58	25825
2325.84	25901.8
2325.1	26059.7
2324.36	26339.1
2323.62	25997.2
2322.88	25790.4
2322.14	26150.7
2321.4	25944
2320.66	25939.8
2319.92	26340.4
2319.17	26025.8
2318.43	26426.2
2317.69	26354.5
2316.95	26255.8
2316.21	26238
2315.47	26125.9
2314.72	26027.3
2313.98	26319.5
2313.24	26288.3
2312.5	26270.5
2311.76	26064.2
2311.01	25925.3
2310.27	26042.2
2309.53	26711.2
2308.79	26706.8
2308.04	26823.6
2307.3	26455.9
2306.56	26572.7
2305.81	26729.7
2305.07	26671.6
2304.33	26694.1
2303.58	26649.4
2302.84	26672
2302.09	26963.3
2301.35	26985.8
2300.61	26806.7
2299.86	26694.9
2299.12	26784.5
2298.37	27035.4
2297.63	27030.9
2296.88	26731.2
2296.14	27008.7
2295.39	26937.2
2294.65	26865.7
2293.9	26767.4
2293.16	26950.8
2292.41	26933
2291.67	26807.9
2290.92	26803.5
2290.17	27147.7
2289.43	27491.8
2288.68	27112
2287.94	27389
2287.19	26996
2286.44	27165.7
2285.7	27308.6
2284.95	27264
2284.2	27192.6
2283.45	27281.9
2282.71	27197.1
2281.96	27152.5
2281.21	27174.8
2280.47	27371.1
2279.72	27099.1
2278.97	27335.4
2278.22	27183.8
2277.47	27259.6
2276.73	27709.6
2275.98	27758.5
2275.23	27553.5
2274.48	27228.4
2273.73	27424.3
2272.98	27513.3
2272.23	27415.3
2271.49	27571.1
2270.74	27566.6
2269.99	27562.1
2269.24	27731
2268.49	27833.2
2267.74	27521.9
2266.99	27584
2266.24	27739.6
2265.49	28281.7
2264.74	27797.2
2263.99	27499.4
2263.24	27761.4
2262.49	27490.4
2261.74	28311.9
2260.99	27774.4
2260.24	27969.7
2259.49	27685.4
2258.73	28320
2257.98	28009.2
2257.23	28364
2256.48	28146.4
2255.73	27982.1
2254.98	27950.9
2254.23	28092.7
2253.47	28101.4
2252.72	28256.3
2251.97	27773.1
2251.22	28606
2250.46	28627.9
2249.71	28330.8
2248.96	28286.3
2248.21	27830
2247.45	28237.2
2246.7	28059.9
2245.95	28440.4
2245.19	28342.8
2244.44	28855.8
2243.69	28439.7
2242.93	28302.3
2242.18	28549.8
2241.43	28531.8
2240.67	28381.3
2239.92	28191
2239.16	28928.8
2238.41	28751.7
2237.65	28203.6
2236.9	28517
2236.15	28909.8
2235.39	28719.6
2234.64	28728.1
2233.88	28471.8
2233.13	28943.8
2232.37	29097.9
2231.61	29040.2
2230.86	29101.6
2230.1	29163
2229.35	28986.2
2228.59	28955
2227.83	29201.5
2227.08	29249.6
2226.32	28927.5
2225.57	29411.9
2224.81	28970.9
2224.05	28662.2
2223.3	28789.6
2222.54	29088.7
2221.78	29255.7
2221.02	28881.1
2220.27	29681.8
2219.51	28977.2
2218.75	29368.5
2217.99	29126.1
2217.24	29490.8
2216.48	28852.7
2215.72	29085.4
2214.96	29542.2
2214.2	29497.8
2213.45	29624.8
2212.69	29659.4
2211.93	29522.8
2211.17	29478.4
2210.41	29908.3
2209.65	29956.1
2208.89	29490.2
2208.13	29617
2207.37	29599
2206.61	29660
2205.85	29576.1
2205.09	29650.2
2204.33	29526.9
2203.57	29732.5
2202.81	29175.2
2202.05	29657
2201.29	29573.2
2200.53	29726.1
2199.77	29458.4
2199.01	29624.4
2198.25	30158.3
2197.49	29956.2
2196.73	29977.6
2195.97	30130.3
2195.2	30112.2
2194.44	30080.9
2193.68	30128.5
2192.92	30044.8
2192.16	30184.2
2191.39	30231.7
2190.63	29990.6
2189.87	30064.4
2189.11	30741.4
2188.34	30054.5
2187.58	30220
2186.82	30555.8
2186.06	30275.6
2185.29	30519.5
2184.53	30580
2183.77	30666.7
2183	30635.4
2182.24	30617.3
2181.48	30429
2180.71	30240.7
2179.95	30379.7
2179.18	30427
2178.42	30631.4
2177.66	30639.4
2176.89	30582
2176.13	30537.7
2175.36	30441.2
2174.6	30619.2
2173.83	30679.5
2173.07	30596
2172.3	30734.7
2171.54	30873.4
2170.77	30816
2170	30523.6
2169.24	30570.8
2168.47	30722.5
2167.71	31056.8
2166.94	30908.1
2166.17	31255.4
2165.41	31015.4
2164.64	30840.7
2163.87	30900.8
2163.11	31404.3
2162.34	31268.7
2161.57	31367.9
2160.81	31571.3
2160.04	31618.2
2159.27	31456.6
2158.5	31529.6
2157.74	31680.7
2156.97	31206.6
2156.2	31774.4
2155.43	31339.5
2154.67	31542.6
2153.9	31927.9
2153.13	31649.3
2152.36	32021.5
2151.59	31638.9
2150.82	31971.9
2150.05	32226.7
2149.28	31883.3
2148.52	31865
2147.75	31287.8
2146.98	32335.4
2146.21	31784.3
2145.44	31467.2
2144.67	31682.8
2143.9	31716.6
2143.13	31412.7
2142.36	31173.8
2141.59	31220.5
2140.82	31332.2
2140.05	31521.7
2139.28	31568.4
2138.5	31628
2137.73	31895.2
2136.96	31760.2
2136.19	32131
2135.42	31684.9
2134.65	32185.2
2133.88	32141
2133.1	32109.7
2132.33	32441.3
2131.56	32150.9
2130.79	32171.5
2130.02	32153.3
2129.24	32238.6
2128.47	32039.1
2127.7	32202
2126.93	32546.1
2126.15	32126.7
2125.38	32393
2124.61	32012.6
2123.83	32330.6
2123.06	32428.7
2122.29	32177.7
2121.51	31991.4
2120.74	32283.3
2119.97	32290.9
2119.19	32388.9
2118.42	32370.7
2117.64	32184.5
2116.87	32411.6
2116.09	32199.7
2115.32	32349.2
2114.54	32498.8
2113.77	32686.9
2113	32359
2112.22	32237.5
2111.44	32374
2110.67	32471.9
2109.89	32286
2109.12	32809.2
2108.34	32378.4
2107.57	31960.6
2106.79	32638.2
2106.01	32272.1
2105.24	32318.3
2104.46	32750.8
2103.68	33093.1
2102.91	32302.2
2102.13	32541.5
2101.35	32548.9
2100.58	32427.7
2099.8	32937
2099.02	32905.8
2098.24	32501.6
2097.47	32779.2
2096.69	32928
2095.91	32331.2
2095.13	32660
2094.36	32474.7
2093.58	33124.6
2092.8	32682.3
2092.02	32869.6
2091.24	32440.3
2090.46	33038.4
2089.68	32994.4
2088.9	32603.9
2088.13	32688.3
2087.35	32849.7
2086.57	32664.6
2085.79	32877.3
2085.01	32256.2
2084.23	32648.4
2083.45	32771.2
2082.67	32842.6
2081.89	32632.1
2081.11	33024
2080.33	33018.5
2079.55	32359.7
2078.77	32648.9
2077.98	33232.6
2077.2	32689.3
2076.42	32850.3
2075.64	33036.8
2074.86	32967.3
2074.08	33422.5
2073.3	33199.5
2072.51	32912.5
2071.73	32983.8
2070.95	33144.5
2070.17	32960
2069.39	32788.4
2068.6	33191.9
2067.82	33135.3
2067.04	32938.1
2066.26	33430.9
2065.47	32965.5
2064.69	33509.2
2063.91	33120.5
2063.12	32834.2
2062.34	32943.6
2061.56	33346.5
2060.77	33353.7
2059.99	33118.5
2059.2	33113
2058.42	32929
2057.64	33382.5
2056.85	32663
2056.07	33702.9
2055.28	33633.5
2054.5	33232.9
2053.71	33647.8
2052.93	33451.1
2052.14	33776.7
2051.36	33261.7
2050.57	33294.4
2049.79	33250.7
2049	33461.5
2048.22	33137.8
2047.43	33221.4
2046.64	33203.1
2045.86	33108.5
2045.07	33319.2
2044.28	33008.5
2043.5	33918.4
2042.71	33506
2041.92	33932.5
2041.14	33494.8
2040.35	33527.3
2039.56	34004.4
2038.78	33744.8
2037.99	33815.3
2037.2	33987.5
2036.41	33867.5
2035.62	33443.1
2034.84	33729.4
2034.05	33267
2033.26	34238.2
2032.47	34295.9
2031.68	34087.3
2030.89	34145
2030.11	34240.8
2029.32	34323.8
2028.53	34318.1
2027.74	34350.4
2026.95	33951.9
2026.16	34528.9
2025.37	33902.6
2024.58	33998.2
2023.79	34511.6
2023	34354
2022.21	34462.2
2021.42	34203.3
2020.63	34627.8
2019.84	34773.8
2019.05	34692.1
2018.26	34218.5
2017.47	34592.1
2016.68	34788.5
2015.88	34643.7
2015.09	34966.5
2014.3	34733.2
2013.51	35018
2012.72	34595.3
2011.93	35195.7
2011.13	35038.3
2010.34	35019.9
2009.55	35026.6
2008.76	35159.6
2007.96	35254.7
2007.17	34920.8
2006.38	34978
2005.59	34707.3
2004.79	35092.4
2004	35124.4
2003.21	35648
2002.41	35679.8
2001.62	35598.2
2000.83	35554.5
2000.03	35510.8
1999.24	35290.7
1998.44	35801.1
1997.65	35795.2
1996.86	35940.2
1996.06	36299.2
1995.27	36003.7
1994.47	35922.2
1993.68	35828.2
1992.88	35935.4
1992.09	36017.4
1991.29	35935.9
1990.5	36420.2
1989.7	36250.7
1988.9	36207
1988.11	36339.1
1987.31	35968.7
1986.52	36427.5
1985.72	36383.7
1984.92	36101.4
1984.13	36472
1983.33	36378
1982.53	36698.2
1981.74	36365.8
1980.94	36573
1980.14	36253.3
1979.35	36335
1978.55	36680.1
1977.75	36448.3
1976.95	36567.5
1976.16	36774.5
1975.36	36968.8
1974.56	36661.9
1973.76	36417.8
1972.96	36624.6
1972.16	36856.4
1971.37	36624.9
1970.57	36944.2
1969.77	36700.2
1968.97	37044.5
1968.17	37201
1967.37	36469.1
1966.57	36963.3
1965.77	37194.8
1964.97	37138.5
1964.17	37294.8
1963.37	36538.6
1962.57	36744.9
1961.77	37251.1
1960.97	37394.8
1960.17	37151.2
1959.37	37020.1
1958.57	36951.4
1957.77	37419.7
1956.97	37488.3
1956.17	37631.8
1955.36	37188.7
1954.56	37569.3
1953.76	37413.3
1952.96	37157.5
1952.16	38186.4
1951.36	36970.5
1950.55	37762.2
1949.75	37269.7
1948.95	37500.3
1948.15	37531.4
1947.34	38048.3
1946.54	37668.3
1945.74	37338.1
1944.94	37468.8
1944.13	37338
1943.33	37966.6
1942.53	37400.2
1941.72	37692.6
1940.92	37362.8
1940.11	37679.9
1939.31	37934.8
1938.51	37493.2
1937.7	38071.3
1936.9	37841.1
1936.09	37797.5
1935.29	38213.6
1934.48	38008.4
1933.68	37977.2
1932.87	37970.8
1932.07	38423.9
1931.26	38144.3
1930.46	37864.8
1929.65	38367.3
1928.85	38038.2
1928.04	37969.8
1927.23	37926.2
1926.43	38242.3
1925.62	38273.1
1924.81	38427.9
1924.01	38272.6
1923.2	38538.9
1922.39	38408.5
1921.59	38290.5
1920.78	38569.1
1919.97	38079.5
1919.17	38382.7
1918.36	38116.2
1917.55	38567.9
1916.74	38511.9
1915.93	38468.3
1915.13	38412.3
1914.32	38443
1913.51	38646.8
1912.7	38603.2
1911.89	38819.3
1911.08	38429.5
1910.28	38336.5
1909.47	38033.4
1908.66	38694.3
1907.85	38465.4
1907.04	38458.9
1906.23	39045.4
1905.42	38927.6
1904.61	38649.4
1903.8	38976.3
1902.99	38895.7
1902.18	38876.8
1901.37	38907.2
1900.56	38431.9
1899.75	38943.5
1898.94	38949.3
1898.13	38708.4
1897.31	39047.1
1896.5	38991.2
1895.69	39083.3
1894.88	39064.4
1894.07	39107.1
1893.26	39100.5
1892.45	38896.8
1891.63	38594.7
1890.82	39117.7
1890.01	39061.8
1889.2	39055.2
1888.38	39011.7
1887.57	39029.8
1886.76	39121.6
1885.95	39361
1885.13	39034.6
1884.32	39286.3
1883.51	39046.1
1882.69	39309.9
1881.88	39241.8
1881.06	39923.3
1880.25	39793.7
1879.44	39455.4
1878.62	39166.2
1877.81	39491.2
1876.99	39533.6
1876.18	39293.7
1875.36	39483.5
1874.55	39943.1
1873.73	39359.7
1872.92	39573.9
1872.1	39604
1871.29	39805.8
1870.47	39271.9
1869.66	39939.5
1868.84	39638.6
1868.02	39938.3
1867.21	39809
1866.39	39875.8
1865.58	39673.1
1864.76	39813.3
1863.94	39978
1863.13	39885.6
1862.31	40013.5
1861.49	40165.8
1860.67	39975.5
1859.86	39932.1
1859.04	40157.7
1858.22	39979.7
1857.4	40462.1
1856.59	40235.2
1855.77	39800.6
1854.95	40294.9
1854.13	39860.4
1853.31	40000.3
1852.49	40482.2
1851.68	40231.1
1850.86	40236.5
1850.04	40583.7
1849.22	39917.7
1848.4	40460.2
1847.58	40355.7
1846.76	40031.7
1845.94	40878.8
1845.12	40481.6
1844.3	40243.1
1843.48	40784.9
1842.66	40899.9
1841.84	40819.9
1841.02	40508.3
1840.2	40647.7
1839.38	40653
1838.56	40012.7
1837.74	40444.4
1836.91	40827.2
1836.09	40625.5
1835.27	40399.5
1834.45	40599.6
1833.63	40921.2
1832.81	40427.7
1831.98	41187.2
1831.16	40985.6
1830.34	40954.4
1829.52	41190.6
1828.69	40758.2
1827.87	40423.1
1827.05	40720.1
1826.22	40834.7
1825.4	40852
1824.58	40687.2
1823.75	40935.3
1822.93	40758.4
1822.11	41225
1821.28	40611.1
1820.46	40992.6
1819.64	40779.4
1818.81	40905.9
1817.99	41177.9
1817.16	41413.5
1816.34	41067
1815.51	40732.7
1814.69	41162.1
1813.86	41058.2
1813.04	41317.8
1812.21	40826.2
1811.39	40952.6
1810.56	41284.7
1809.73	41725.7
1808.91	41403.9
1808.08	41106.4
1807.26	41268.8
1806.43	40789.9
1805.6	41303.2
1804.78	41066.4
1803.95	41011
1803.12	41161.3
1802.29	41613.7
1801.47	41377
1800.64	41454.6
1799.81	41870.5
1798.98	41597.6
1798.16	41240.2
1797.33	41293.6
1796.5	41226.2
1795.67	41593.5
1794.84	41719.2
1794.02	41579.4
1793.19	41886.1
1792.36	41673.8
1791.53	41763.3
1790.7	41346.1
1789.87	41761.2
1789.04	41790.2
1788.21	42108.6
1787.38	41884.5
1786.55	42010
1785.72	42014.9
1784.89	41959.6
1784.06	41759.7
1783.23	41885.1
1782.4	41805.7
1781.57	42316.3
1780.74	42333.2
1779.91	41832.6
1779.08	42162.4
1778.25	42034.9
1777.42	41979.6
1776.58	41912.4
1775.75	41905.2
1774.92	42138.6
1774.09	42323.7
1773.26	42100.2
1772.42	42069
1771.59	42446.3
1770.76	42487.1
1769.93	42756.2
1769.09	42220.5
1768.26	42393.4
1767.43	42314.2
1766.6	42547
1765.76	42287.8
1764.93	42880.5
1764.09	42777.2
1763.26	42422.1
1762.43	43182.4
1761.59	42947.3
1760.76	42544.3
1759.92	43064.5
1759.09	42829.5
1758.26	42786.2
1757.42	43246.1
1756.59	42687.8
1755.75	42656.6
1754.92	42517.6
1754.08	42725.9
1753.24	42826.3
1752.41	42926.7
1751.57	42859.6
1750.74	42720.7
1749.9	43227.8
1749.07	42718.1
1748.23	42938
1747.39	42859
1746.56	43246.1
1745.72	42402.2
1744.88	43076.1
1744.05	43236
1743.21	43145
1742.37	42946.6
1741.53	42855.6
1740.7	43063.2
1739.86	43139.5
1739.02	42929.2
1738.18	42933.8
1737.34	43367.9
1736.51	43014.6
1735.67	42780.7
1734.83	43405.4
1733.99	43290.7
1733.15	43176
1732.31	43371.3
1731.47	43232.8
1730.63	43451.8
1729.79	43206.1
1728.95	43448.9
1728.11	43024.7
1727.27	42934
1726.43	43212.4
1725.59	43097.9
1724.75	43114.3
1723.91	43499.6
1723.07	43171
1722.23	43520.4
1721.39	43382.2
1720.55	43303.4
1719.71	43141.5
1718.87	43241.1
1718.03	43364.5
1717.18	43594.7
1716.34	43551.6
1715.5	43282.9
1714.66	43109.2
1713.82	43327.4
1712.97	43450.6
1712.13	43455.1
1711.29	43886.8
1710.45	43452.1
1709.6	43693.8
1708.76	43686.3
1707.92	43655.2
1707.07	43398.7
1706.23	43782.5
1705.39	43786.9
1704.54	44466.8
1703.7	44210.3
1702.85	44214.6
1702.01	44147.8
1701.17	44318
1700.32	44168.3
1699.48	43852.9
1698.63	44401.8
1697.79	44027.3
1696.94	44138.1
1696.1	43905.7
1695.25	44004.7
1694.41	44281
1693.56	43871.4
1692.71	44076.7
1691.87	44033.7
1691.02	44215.3
1690.18	44255
1689.33	44200.1
1688.48	44405.2
1687.64	43984.2
1686.79	43894
1685.94	44122.7
1685.1	44705.4
1684.25	44461.6
1683.4	44100
1682.55	44021.7
1681.71	44273.7
1680.86	44513.8
1680.01	44341
1679.16	44144.8
1678.31	44208
1677.47	44000
1676.62	44746.7
1675.77	44185.3
1674.92	44342.6
1674.07	44287.9
1673.22	44928
1672.37	44943.9
1671.52	44700.7
1670.67	44893.2
1669.82	44320.6
1668.97	44701.3
1668.12	45293.6
1667.27	44568.3
1666.42	44972.3
1665.57	44823.5
1664.72	45039.2
1663.87	44702.3
1663.02	44941.5
1662.17	45074.8
1661.32	45372.5
1660.47	45176.8
1659.62	45028.1
1658.76	45360.9
1657.91	45094.8
1657.06	45404
1656.21	45149.8
1655.36	45376.7
1654.5	45380.7
1653.65	45056.2
1652.8	45154
1651.95	45204.9
1651.09	45595.8
1650.24	45271.4
1649.39	45451.2
1648.53	45607.4
1647.68	45787.1
1646.83	45685.5
1645.97	46380.4
1645.12	45857.2
1644.26	45884.4
1643.41	46204.3
1642.56	46348.5
1641.7	46048
1640.85	46040.1
1639.99	46383.1
1639.14	46550.6
1638.28	46741.4
1637.43	46710
1636.57	47648.9
1635.72	47710.8
1634.86	47726
1634	47776.2
1633.15	47744.6
1632.29	48121.9
1631.43	47704.9
1630.58	47965.2
1629.72	47770.2
1628.87	47668.6
1628.01	48057.2
1627.15	47838.9
1626.29	48099
1625.44	47647.5
1624.58	48455.6
1623.72	48295.7
1622.86	47902.7
1622.01	47894.5
1621.15	48305.8
1620.29	47633.3
1619.43	47718.3
1618.57	47768.3
1617.71	47748.5
1616.86	47495.7
1616	47638.9
1615.14	47619.1
1614.28	48111.3
1613.42	47463
1612.56	47722.5
1611.7	47923.6
1610.84	47961.9
1609.98	48046.7
1609.12	47585
1608.26	48344
1607.4	48324
1606.54	48129.8
1605.68	48342.2
1604.82	48299
1603.96	49196.6
1603.09	48479.8
1602.23	48680.4
1601.37	48741.7
1600.51	48280.7
1599.65	48922.2
1598.79	49551.9
1597.92	49369.3
1597.06	49442
1596.2	50245.2
1595.34	49993.1
1594.47	50587.2
1593.61	51053.7
1592.75	52354.3
1591.89	52936.2
1591.02	54120.2
1590.16	55384.9
1589.29	57193.4
1588.43	58515
1587.57	59708.8
1586.7	60821.2
1585.84	61921.6
1584.97	62547.3
1584.11	63068.6
1583.25	63682.3
1582.38	63127.8
1581.52	63036
1580.65	64077
1579.79	64563
1578.92	65580.3
1578.06	66805.3
1577.19	68064.5
1576.32	69588.9
1575.46	70939.5
1574.59	72081.9
1573.73	71538.4
1572.86	70960.5
1571.99	69263.4
1571.13	67070.8
1570.26	65236.5
1569.39	63391.3
1568.52	61973.4
1567.66	59714.4
1566.79	58712.6
1565.92	57181
1565.05	55500.2
1564.19	54730.1
1563.32	54156.2
1562.45	53651.5
1561.58	52732.5
1560.71	52343.4
1559.84	51816.3
1558.98	51980
1558.11	51625.8
1557.24	51639.9
1556.37	51193.8
1555.5	51012.4
1554.63	51049.6
1553.76	50661.3
1552.89	50687
1552.02	50379.4
1551.15	50554.6
1550.28	50120.7
1549.41	50043.1
1548.54	50562.8
1547.67	50416.3
1546.8	50499.4
1545.93	50708.8
1545.06	50906.6
1544.18	50519.1
1543.31	50269.4
1542.44	50123
1541.57	50424
1540.7	50461.2
1539.82	50452.5
1538.95	50650.1
1538.08	50423.5
1537.21	50151.2
1536.33	50509.2
1535.46	50202.6
1534.59	50113.7
1533.72	50208.1
1532.84	50016.2
1531.97	50019
1531.1	49655.5
1530.22	50127.5
1529.35	50141.8
1528.47	50144.5
1527.6	49804.1
1526.72	49601
1525.85	49764
1524.98	50006.9
1524.1	50021.1
1523.23	49692.4
1522.35	49649.5
1521.48	50063.6
1520.6	49803.6
1519.72	49269.6
1518.85	50494.3
1517.97	49458.1
1517.1	49791.9
1516.22	49726.2
1515.34	49478
1514.47	49971.4
1513.59	49939.9
1512.71	49885.6
1511.84	49797.2
1510.96	50084.9
1510.08	49745.7
1509.21	50044.8
1508.33	49751.2
1507.45	49548.9
1506.57	49415
1505.69	49429.2
1504.82	49580
1503.94	49013.6
1503.06	49505.9
1502.18	49781.9
1501.3	49761.8
1500.42	49309.5
1499.54	49027.9
1498.66	49406.1
1497.79	49431.6
1496.91	49377.6
1496.03	49721.4
1495.15	49758.2
1494.27	49385.9
1493.39	50070.4
1492.51	49959.5
1491.63	49587.3
1490.74	49715
1489.86	49967.5
1488.98	49765.8
1488.1	50302
1487.22	50906
1486.34	50568.1
1485.46	50808.9
1484.58	51117.7
1483.69	51131.4
1482.81	50895.8
1481.93	50955
1481.05	50889.4
1480.17	50586
1479.28	50633.8
1478.4	50058.6
1477.52	50276.4
1476.63	50052.5
1475.75	50089.1
1474.87	50454
1473.98	50207.5
1473.1	50006.4
1472.22	50405
1471.33	50328.4
1470.45	50444
1469.56	50740.6
1468.68	50765.6
1467.79	51333.3
1466.91	51245.3
1466.02	51326.8
1465.14	52097.4
1464.25	52483.7
1463.37	53016.7
1462.48	52747.8
1461.6	52580.5
1460.71	52244
1459.83	52302.6
1458.94	51988.8
1458.05	51889.5
1457.17	51970.7
1456.28	51848.9
1455.39	51772.2
1454.51	50951.4
1453.62	50649.4
1452.73	51598.6
1451.85	51274.1
1450.96	50713.1
1450.07	50760.5
1449.18	50717.9
1448.29	50709.1
1447.41	50610.2
1446.52	50364.9
1445.63	50671.3
1444.74	50459.9
1443.85	50721.1
1442.96	51016
1442.07	50309.8
1441.18	50930.8
1440.3	50730.7
1439.41	50485.8
1438.52	50308.4
1437.63	51142.5
1436.74	51088.6
1435.85	51057.2
1434.96	50576.6
1434.06	50579
1433.17	50805.9
1432.28	51077.7
1431.39	51001.5
1430.5	50734.5
1429.61	51039.8
1428.72	50851.4
1427.83	50932.2
1426.94	51001.8
1426.04	51071.4
1425.15	51286.7
1424.26	50907.9
1423.37	50899
1422.47	51259.8
1421.58	51127.6
1420.69	51421.1
1419.8	51277.8
1418.9	51145.6
1418.01	51226.3
1417.12	51620.2
1416.22	51208.4
1415.33	51602.2
1414.43	51302.3
1413.54	50969
1412.65	51340.3
1411.75	51778.6
1410.86	51613
1409.96	51469.9
1409.07	51405
1408.17	51072
1407.28	51610.5
1406.38	51043
1405.49	51458.4
1404.59	51326.6
1403.7	51898.1
1402.8	51386.8
1401.9	51656.8
1401.01	52094
1400.11	51292.9
1399.21	51808.1
1398.32	51241.5
1397.42	51422
1396.52	51502.2
1395.63	51069.7
1394.73	50949.3
1393.83	51430.6
1392.93	51466.2
1392.04	51245.5
1391.14	51414.8
1390.24	51327.8
1389.34	51753
1388.44	51922
1387.54	51445.5
1386.65	51636.8
1385.75	51672.2
1384.85	51841.1
1383.95	51665.3
1383.05	51823
1382.15	51636
1381.25	52171.6
1380.35	52151.4
1379.45	51397.8
1378.55	51599.9
1377.65	51579.7
1376.75	52003.8
1375.85	52250
1374.95	52385.2
1374.05	51943.1
1373.15	52244.7
1372.24	52646.1
1371.34	52226.4
1370.44	52993.6
1369.54	53427.9
1368.64	53163.5
1367.73	53254
1366.83	53798.8
1365.93	53700.7
1365.03	53946.1
1364.13	53393.9
1363.22	53583.9
1362.32	53353
1361.42	53598.3
1360.51	53821.4
1359.61	53037.2
1358.71	53160.6
1357.8	52642.4
1356.9	53263.7
1355.99	52491.2
1355.09	53134.4
1354.18	52738.1
1353.28	52651.5
1352.38	52741.7
1351.47	52621.9
1350.57	52237
1349.66	52647.6
1348.75	52340.2
1347.85	52397.2
1346.94	52531.6
1346.04	52423
1345.13	52148.9
1344.22	52128.7
1343.32	52406.4
1342.41	52639.9
1341.51	52796
1340.6	52764.7
1339.69	52468.8
1338.78	53121
1337.88	52626.7
1336.97	52275.8
1336.06	52718.4
1335.15	52466.8
1334.25	52710.8
1333.34	52569.4
1332.43	52593.2
1331.52	52804.1
1330.61	53301.1
1329.7	52609.5
1328.79	52996.3
1327.89	52690
1326.98	52944.7
1326.07	52561.5
1325.16	52794.1
1324.25	53059.6
1323.34	53204.2
1322.43	53348.6
1321.52	53657.8
1320.61	53428.7
1319.7	53353.4
1318.79	53431.9
1317.88	53861.6
1316.96	54554.6
1316.05	54940.1
1315.14	55084.1
1314.23	55480.3
1313.32	56205.5
1312.41	56140.7
1311.49	56394
1310.58	55945.5
1309.67	55574
1308.76	54972.4
1307.85	54206.6
1306.93	53649.3
1306.02	53256.5
1305.11	53575.6
1304.19	53106.3
1303.28	53086
1302.37	52956.2
1301.45	52651.4
1300.54	52598.4
1299.62	52457.8
1298.71	52842.3
1297.8	52526.8
1296.88	52681.6
1295.97	52737.9
1295.05	52553.7
1294.14	52588.1
1293.22	52830.2
1292.31	52744.4
1291.39	52363.7
1290.47	52671.2
1289.56	52640
1288.64	52849.1
1287.73	52479.6
1286.81	52721.3
1285.89	52428.3
1284.98	52397.2
1284.06	52780.7
1283.14	52760.4
1282.23	52315
1281.31	52829
1280.39	52906.9
1279.47	52864.9
1278.56	52899.1
1277.64	52650.1
1276.72	52989.3
1275.8	52402.8
1274.88	52350
1273.96	53179
1273.05	52734.2
1272.13	52420.2
1271.21	52770
1270.29	52477.8
1269.37	53306.1
1268.45	53361.9
1267.53	53243.7
1266.61	53180
1265.69	53029.3
1264.77	52726.5
1263.85	53249.6
1262.93	53653
1262.01	52839.7
1261.09	53677.4
1260.17	53331.4
1259.25	53843
1258.32	53974.6
1257.4	53096.9
1256.48	53781.9
1255.56	53620.5
1254.64	53947.2
1253.71	54024.4
1252.79	54708.8
1251.87	54233
1250.95	54678.6
1250.02	55037.3
1249.1	54052.5
1248.18	54833.7
1247.25	55257.2
1246.33	54554.4
1245.41	54360.7
1244.48	53939.7
1243.56	54417.2
1242.64	54472.5
1241.71	54462.9
1240.79	54226.1
1239.86	54551.7
1238.94	54477.2
1238.01	54240.5
1237.09	54717.3
1236.16	54740.1
1235.24	54795.2
1234.31	55142
1233.39	55488.7
1232.46	55446.5
1231.53	56095.3
1230.61	55696.7
1229.68	56140.2
1228.75	56238.2
1227.83	56379.3
1226.9	56628.2
1225.97	56682.9
1225.05	56370.9
1224.12	56759.8
1223.19	56501.8
1222.26	56287
1221.34	55673.5
1220.41	55706.7
1219.48	54824.2
1218.55	55094.6
1217.62	54438.6
1216.69	54579.7
1215.76	54139.4
1214.84	54581.9
1213.91	54152.5
1212.98	54551.8
1212.05	54154.8
1211.12	53919.3
1210.19	53931.3
1209.26	53943.2
1208.33	53471.4
1207.4	53601.6
1206.47	53527.6
1205.54	54109
1204.6	53938.3
1203.67	54068.3
1202.74	53768.8
1201.81	53404.9
1200.88	53416.9
1199.95	53987
1199.02	54063.3
1198.08	53581.6
1197.15	53722.2
1196.22	53498.2
1195.29	54099.9
1194.35	53918.8
1193.42	53973.5
1192.49	53953.2
1191.56	54104.3
1190.62	53816.2
1189.69	54224.4
1188.75	54150.5
1187.82	53691.1
1186.89	53767.2
1185.95	53757.6
1185.02	54176.2
1184.08	54113.1
1183.15	53878.8
1182.21	53740.8
1181.28	54212.5
1180.34	53946.2
1179.41	53690.8
1178.47	53724
1177.54	53393.8
1176.6	54142.9
1175.67	53930.3
1174.73	53632.3
1173.79	54284.9
1172.86	53987
1171.92	54351
1170.98	54010.4
1170.05	53851.4
1169.11	53959.2
1168.17	53704.2
1167.23	54260
1166.3	54037
1165.36	53664.9
1164.42	53857.9
1163.48	53560.5
1162.54	53764.1
1161.61	53988.9
1160.67	54160.4
1159.73	53458.4
1158.79	53885.5
1157.85	53993.1
1156.91	53908.9
1155.97	53792.9
1155.03	53921.6
1154.09	54082.3
1153.15	54189.6
1152.21	54328.9
1151.27	54617
1150.33	54713.5
1149.39	55118.4
1148.45	54534.6
1147.51	55183.7
1146.57	54515.2
1145.62	54601
1144.68	54219.6
1143.74	54390.4
1142.8	55283.2
1141.86	54296.7
1140.92	54223.3
1139.97	54638.1
1139.03	54161.6
1138.09	54268.6
1137.14	53983.1
1136.2	54344.6
1135.26	54409.2
1134.31	54558.5
1133.37	53785.6
1132.43	54380
1131.48	54423.3
1130.54	54540.7
1129.6	54615.7
1128.65	54330.6
1127.71	54935
1126.76	54829.9
1125.82	54925.9
1124.87	55043.1
1123.93	54525.4
1122.98	54864.8
1122.04	54802.1
1121.09	54824
1120.14	55057.4
1119.2	54614.2
1118.25	55027.1
1117.31	54436.1
1116.36	54891.2
1115.41	54754.7
1114.46	55378.5
1113.52	55168
1112.57	54978.7
1111.62	55391
1110.68	55286.2
1109.73	54833.1
1108.78	54696.7
1107.83	55108.8
1106.88	55352.1
1105.93	55437.1
1104.99	55205.8
1104.04	55280.2
1103.09	55565.4
1102.14	55271
1101.19	56030.1
1100.24	55367
1099.29	55757.3
1098.34	55842.1
1097.39	55747.9
1096.44	55748.4
1095.49	55275.4
1094.54	55749.5
1093.59	55834.2
1092.64	55908.3
1091.69	55456.7
1090.74	55898.8
1089.78	55195
1088.83	56036.4
1087.88	55994.9
1086.93	55806.2
1085.98	55554.7
1085.03	56216.8
1084.07	55755.3
1083.12	55997.2
1082.17	55661.8
1081.21	55725.3
1080.26	55809.7
1079.31	55957.1
1078.36	55831.7
1077.4	55905.6
1076.45	55602
1075.49	56053.3
1074.54	55445.8
1073.59	56064.6
1072.63	55593.5
1071.68	55835
1070.72	55940.2
1069.77	55343.7
1068.81	56024.8
1067.86	55606.5
1066.9	55491.9
1065.95	55408.7
1064.99	55932.3
1064.03	55472.5
1063.08	55535.7
1062.12	55170.2
1061.16	55589
1060.21	55338.6
1059.25	55746.7
1058.29	55371
1057.34	55967
1056.38	55424.2
1055.42	55863.3
1054.46	55926.4
1053.51	55603.2
1052.55	56010.7
1051.59	55906.7
1050.63	55740.1
1049.67	55511.1
1048.71	55626.2
1047.76	55261.7
1046.8	56012.9
1045.84	55627.5
1044.88	55992.8
1043.92	56066.1
1042.96	55420.4
1042	55712.6
1041.04	56035.9
1040.08	55567.6
1039.12	55963.7
1038.16	56026.5
1037.2	55329.5
1036.24	55600.5
1035.27	55954.6
1034.31	56163
1033.35	55830.5
1032.39	56246.8
1031.43	55820.8
1030.47	55686
1029.5	56122.9
1028.54	55780.3
1027.58	56071.6
1026.62	55583.7
1025.65	56009.8
1024.69	56103.6
1023.73	55709.4
1022.76	55875.8
1021.8	56177.1
1020.84	56032.1
1019.87	56364.4
1018.91	56426.8
1017.94	56686.3
1016.98	57039
1016.02	57184.2
1015.05	57049.6
1014.09	57350.2
1013.12	56676.7
1012.16	56697.6
1011.19	56345.6
1010.22	56470.1
1009.26	56428.8
1008.29	56387.6
1007.33	56191.1
1006.36	56491.5
1005.39	56460.6
1004.43	56481.4
1003.46	56440.2
1002.49	55602.8
1001.53	56213.1
1000.56	56626.8
999.591	56502.9
998.623	56534
997.655	56823.5
996.687	55955.9
995.719	56575.8
994.75	56482.9
993.782	56338.5
992.813	56958
991.844	56968.4
990.875	56927.2
989.906	56380.4
988.936	57267.6
987.966	56968.6
986.997	56937.6
986.027	56855.2
985.056	56824.3
984.086	57267.5
983.115	56989.3
982.145	56803.9
981.174	56855.4
980.203	56958.4
979.232	57668.9
978.26	57318.7
977.289	57267.2
976.317	57298
975.345	57215.7
974.373	57277.3
973.4	57400.7
972.428	57482.9
971.455	57678.1
970.483	57749.9
969.51	57873.1
968.536	57554.4
967.563	57924.1
966.59	57985.5
965.616	58663.2
964.642	57985.1
963.668	58046.5
962.694	58508.2
961.719	58487.3
960.745	58230.5
959.77	57871.2
958.795	58147.9
957.82	57788.7
956.845	58126.9
955.869	58321.4
954.894	58013.6
953.918	58228.6
952.942	58136
951.966	57941.1
950.989	58002.3
950.013	58073.8
949.036	58216.8
948.059	58206.3
947.082	58257.2
946.105	58789
945.128	58553.3
944.15	58297.2
943.172	58542.3
942.194	58439.7
941.216	58296.2
940.238	58561.6
939.259	58336.4
938.281	58520
937.302	58703.5
936.323	58325.1
935.344	58283.9
934.364	58201.9
933.385	58446.5
932.405	58629.9
931.425	58425.4
930.445	58455.6
929.465	58302.2
928.485	58261
927.504	58576.8
926.523	58698.7
925.542	58728.8
924.561	58402.2
923.58	58880.8
922.598	59094.3
921.617	58676.1
920.635	58624.7
919.653	58685.3
918.671	58878.3
917.688	58440.1
916.706	58337.9
915.723	58571.5
914.74	58886.5
913.757	59140.3
912.774	58519.3
911.79	59007
910.807	58437.1
909.823	58406.1
908.839	58842.7
907.855	58537.4
906.87	59166.8
905.886	58729.4
904.901	58505.5
903.916	58657.3
902.931	58717.7
901.946	59092.8
900.961	58960.3
899.975	59101.7
898.989	58756.2
898.003	58938.3
897.017	59211.5
896.031	58896.6
895.044	59362.3
894.058	59098.2
893.071	59269.8
892.084	59005.8
891.097	59035.5
890.109	58710.9
889.122	59226.7
888.134	59205.8
887.146	58992.6
886.158	59194.4
885.17	59203.9
884.181	58727.8
883.193	58737.3
882.204	59394.1
881.215	59494.5
880.226	59251.2
879.236	59553.7
878.247	59229.6
877.257	59431
876.267	59773.8
875.277	59530.6
874.287	59388.5
873.296	59630.1
872.306	60194.6
871.315	59739.6
870.324	60213.1
869.333	59919.6
868.341	60171
867.35	60139.9
866.358	59907.1
865.366	60128.1
864.374	60540.5
863.382	60186.8
862.39	60578.9
861.397	60406.6
860.404	60284.8
859.411	60253.7
858.418	60101.8
857.425	59970
856.431	60331.5
855.438	60240
854.444	60078.1
853.45	60258.3
852.455	60146.7
851.461	60186
850.466	60506.9
849.472	60113.8
848.477	60082.8
847.481	60242.6
846.486	60070.9
845.491	59959.5
844.495	59838.1
843.499	60259
842.503	60187.7
841.507	60056.3
840.51	59724.2
839.514	60355.5
838.517	60093.7
837.52	59711.6
836.523	60432.8
835.526	60070.8
834.528	59899.4
833.53	60680.3
832.533	60689.3
831.534	60307.5
830.536	60506.8
829.538	60636
828.539	60494.8
827.54	61064.4
826.541	60392.6
825.542	60231.4
824.543	60850.9
823.543	60509.6
822.544	60788.6
821.544	60637.5
820.544	60566.4
819.544	61155.2
818.543	60964.1
817.543	60663.1
816.542	60552.1
815.541	60571
814.54	61478.9
813.538	61108.1
812.537	61636.1
811.535	60876.2
810.533	61034.7
809.531	60784
808.529	61231.9
807.526	61200.7
806.524	61369.1
805.521	61567.3
804.518	61516.1
803.515	61724.2
802.511	61692.9
801.508	61382.7
800.504	61590.7
799.5	61509.7
798.496	61817.1
797.492	61586.7
796.487	61446
795.483	61534.3
794.478	61473.3
793.473	61870
792.468	61848.7
791.462	62115.9
790.457	62054.8
789.451	62302
788.445	62211
787.439	61941.2
786.433	61751
785.426	62534.5
784.42	62533
783.413	62491.8
782.406	62609.4
781.399	62478.8
780.391	62824.7
779.384	63239.9
778.376	63029.9
777.368	63296.1
776.36	63254.8
775.351	63411.8
774.343	63281.1
773.334	63547.1
772.325	63158.8
771.316	63672.5
770.307	64007.6
769.297	64055.3
768.288	64162.4
767.278	63586.2
766.268	64534.9
765.258	64434
764.247	64451.8
763.237	65459.3
762.226	65180.1
761.215	65405.6
760.204	65245.2
759.193	65332.1
758.181	65438.8
757.17	65308.1
756.158	65197.3
755.146	65452.1
754.134	64422.6
753.121	64667.5
752.109	64695.2
751.096	64140.2
750.083	63634.9
749.07	64412.8
748.056	64095
747.043	63935.3
746.029	64081.3
745.015	63813.1
744.001	64343.8
742.987	63562.9
741.972	63847
740.958	63470.6
739.943	63468.8
738.928	63683.7
737.913	63455.3
736.897	64113.3
735.882	63717.5
734.866	63252.9
733.85	63408.6
732.834	63810.3
731.818	63523.1
730.801	63865.5
729.784	63598.1
728.767	63684.7
727.75	63791
726.733	63218.9
725.716	63521.8
724.698	63372.5
723.68	64215.6
722.662	63860
721.644	63484.9
720.626	64347.1
719.607	63569.5
718.588	64205.6
717.569	64174.2
716.55	63917.1
715.531	63954.3
714.511	64021
713.492	63970
712.472	63958.2
711.452	64201.3
710.432	63758.3
709.411	64128.7
708.39	63646.6
707.37	63752.4
706.349	64112.8
705.327	63699.5
704.306	64187.1
703.284	63959.9
702.263	64280.9
701.241	63965.7
700.219	63826.7
699.196	63863.9
698.174	64125.9
697.151	63654.6
696.128	64073
695.105	64188.2
694.082	64635.7
693.058	64281.8
692.035	63732.7
691.011	64717.1
689.987	64021.6
688.963	65142.4
687.938	64349.4
686.914	64464.4
685.889	64852.6
684.864	64489.4
683.839	64555.6
682.813	65294.6
681.788	65614.1
680.762	66157.7
679.736	66165
678.71	65938.3
677.684	67417
676.657	67346.1
675.631	67664.8
674.604	67399.1
673.577	67435.3
672.549	66868
671.522	66758.3
670.494	66424.9
669.466	65566.1
668.438	65729.1
667.41	66106
666.382	65588.1
665.353	65896.8
664.325	66020.8
663.296	66552.8
662.266	65763.1
661.237	66042.4
660.208	65991.4
659.178	65522.7
658.148	66316.5
657.118	66110.1
656.088	66631.7
655.057	66338
654.026	66199.6
652.996	66090.3
651.964	66417.5
650.933	66230.7
649.902	66984.4
648.87	66225.6
647.838	67075.9
646.806	67160.4
645.774	67138.3
644.742	66835.2
643.709	67190.9
642.676	67594.8
641.643	68008.2
640.61	67579.5
639.577	67973.4
638.543	67670.5
637.51	67832.1
636.476	68100.1
635.442	68068.1
634.407	68422.9
633.373	67849.6
632.338	67895
631.303	67940.4
630.268	68014.7
629.233	67992.5
628.197	67670.8
627.162	67764.5
626.126	68128.5
625.09	68135.1
624.054	67620.7
623.017	67772.2
621.981	67759.6
620.944	67640.9
619.907	67985.2
618.87	67779.8
617.832	67246.7
616.795	67677.5
615.757	67125.4
614.719	67161.1
613.681	67428
612.643	67222.8
611.604	67345.2
610.565	67130.5
609.526	67060.3
608.487	67096
607.448	67352.9
606.409	67109.5
605.369	67154.8
604.329	67767.4
603.289	68427.9
602.249	69674.4
601.208	71545.3
600.168	72339.2
599.127	72220.1
598.086	71534.3
597.044	70032.3
596.003	68934.3
594.961	68585.5
593.92	68313.6
592.878	67523.5
591.835	68009.9
590.793	68342.6
589.75	67015.9
588.708	67578.8
587.665	67115.6
586.621	67803
585.578	67416.6
584.535	67528.6
583.491	66826.2
582.447	67302.3
581.403	67155.7
580.358	67459.2
579.314	66948.9
578.269	67702.2
577.224	67708.7
576.179	67887.5
575.134	67377.4
574.088	66934.4
573.043	66855.1
571.997	67588.4
570.951	67136.1
569.904	67658.8
568.858	68143.1
567.811	67547.6
566.764	67258.1
565.717	68171.9
564.67	67777.3
563.623	68127.5
562.575	67818.9
561.527	67873.1
560.479	68099
559.431	68773.1
558.382	69036.9
557.334	68976.4
556.285	70041
555.236	70657.1
554.187	71473.1
553.137	71983.9
552.088	72189.6
551.038	73357.4
549.988	74753.2
548.938	75824.8
547.887	77010.2
546.837	77852.6
545.786	78313.9
544.735	78765.5
543.684	77704.4
542.633	75121.8
541.581	73605.2
540.529	72764.3
539.477	71172.7
538.425	70123.5
537.373	69948.8
536.32	69935.8
535.268	69390.8
534.215	69244.9
533.161	69175
532.108	68440.6
531.055	68627.1
530.001	68424.5
528.947	68222
527.893	68256.7
526.839	67750.7
525.784	67785.5
524.729	68313.3
523.674	67997.2
522.619	68069.8
521.564	67573.8
520.509	67295.9
519.453	67415.9
518.397	67431.7
517.341	67485.4
516.285	67340.3
515.228	67195.2
514.172	67229.9
513.115	67189
512.058	66712.9
511	66643.7
509.943	66612.3
508.885	66495.8
507.827	66587.4
506.769	66471
505.711	66496.3
504.653	66266.6
503.594	66386.5
502.535	66109.6
501.476	66531.6
500.417	66358.7
499.357	65581.7
498.298	66097.9
497.238	66217.6
496.178	65941.1
495.118	65664.7
494.057	66039
492.997	65659
491.936	65646.7
490.875	65804
489.813	65970.8
488.752	65920.7
487.69	65493.9
486.629	65745.4
485.567	65412.9
484.504	65466.6
483.442	65652
482.379	65865.5
481.316	65815.5
480.253	65812.6
479.19	65903.8
478.127	65280.2
477.063	65897.9
475.999	65359.1
474.935	65384.5
473.871	65879.6
472.807	65679.4
471.742	65873.7
470.677	66255.8
469.612	66609.6
468.547	66155.9
467.482	66312.4
466.416	66478.3
465.35	66587.8
464.284	66200.1
463.218	66131.4
462.152	65997.1
461.085	66537.8
460.018	66234.8
458.951	66494.1
457.884	66547.2
456.817	66366.1
455.749	66231.9
454.681	65751.2
453.613	66319.4
452.545	66522.3
451.477	66846.7
450.408	66066.8
449.339	66260.3
448.27	66724.9
447.201	66403.7
446.131	66176.2
445.062	66238.6
443.992	66347.6
442.922	66466
441.852	66472.2
440.781	66525.1
439.711	66624.7
438.64	66500.1
437.569	66469
436.498	66605.8
435.426	66929.3
434.355	66440.8
433.283	66176.4
432.211	66835.6
431.138	66729.8
430.066	66484.1
428.993	66667.4
427.921	66841.3
426.848	66726.2
425.774	66741.6
424.701	66207.4
423.627	66604.8
422.553	66387.4
421.479	66868.3
420.405	66967.5
419.331	66833.9
418.256	66421.2
417.181	66883.1
416.106	66377.6
415.031	66848.7
413.955	66696.6
412.88	67074.5
411.804	66745.9
410.728	66473.1
409.651	66813.6
408.575	66429.5
407.498	66491.3
406.421	66543.8
405.344	66651.9
404.267	66528
403.189	66237
402.112	66373
401.034	66638.8
399.956	67015.8
398.877	66131.5
397.799	66434.3
396.72	66384.7
395.641	66770.7
394.562	66517.2
393.483	66263.8
392.403	66316.1
391.324	66664.8
390.244	66763.4
389.164	66297.1
388.083	66460.5
387.003	66448
385.922	66130.1
384.841	65821.6
383.76	65910.9
382.678	66259.1
381.597	66181.9
380.515	66520.7
379.433	65916.6
378.351	65663.9
377.269	65845.6
376.186	65860.8
375.103	65599.1
374.02	66085.3
372.937	66109.7
371.854	66143.4
370.77	65448
369.686	66266.1
368.602	65700.1
367.518	65595.4
366.434	65693.7
365.349	65874.9
364.264	65862.4
363.179	65472.1
362.094	65892.9
361.008	65346.1
359.923	65849.5
358.837	66122.6
357.751	65778.6
356.664	65517.6
355.578	66002.3
354.491	65575.7
353.404	65590.9
352.317	66038.4
351.23	65759.2
350.142	65664
349.055	65329.8
347.967	65620.8
346.879	66031.1
345.79	65991.1
344.702	65482.5
343.613	65663
342.524	65724.1
341.435	65959.5
340.346	65818.5
339.256	65695.9
338.166	66114.8
337.076	65772
335.986	65356
334.896	65215.2
333.805	65716.3
332.714	65914.7
331.623	65737.3
330.532	65825.6
329.441	65703.2
328.349	65443.4
327.257	65733.3
326.165	65821.6
325.073	65671.8
323.981	66025.5
322.888	65143.5
321.795	66165.2
320.702	65695.2
319.609	66039.5
318.515	65716
317.421	65301.3
316.328	65627.1
315.233	65779.2
314.139	66260.2
313.045	66183.7
311.95	65851.4
310.855	66268.2
309.76	65890.4
308.664	65567.5
307.569	65646.3
306.473	65323.6
305.377	65201.7
304.281	65034.2
303.184	64939.8
302.088	64772.5
300.991	64213.1
299.894	65030.5
298.797	64990.8
297.699	64850.9
296.602	64000.4
295.504	64990.2
294.406	64440.6
293.307	64737.9
292.209	64762
291.11	64758.8
290.011	65019.5
288.912	64916.2
287.813	65085.8
286.713	65591.9
285.614	65197.5
284.514	66403.3
283.414	66118
282.313	66032.8
281.213	67374.1
280.112	67533.9
279.011	68147.7
277.91	68607
276.808	68730.1
275.707	68163.3
274.605	67959.8
273.503	66957.8
272.401	67090.2
271.298	66551.4
270.195	67672.3
269.093	68348.6
267.989	69405.3
266.886	69346.8
265.783	70112.9
264.679	69565
263.575	68818
262.471	68551.3
261.367	68139.9
260.262	67203.5
259.157	67833.3
258.052	68064.8
256.947	69409.1
255.842	71603.2
254.736	73362.3
253.63	74958
252.524	75649
251.418	73609.7
250.312	71065.1
249.205	68810.6
248.098	67099
246.991	66399.7
245.884	65664.6
244.776	65128.4
243.668	65079.9
242.56	64868.9
241.452	64630.9
240.344	64690.8
239.235	64804.7
238.127	64819.4
237.018	64617.7
235.908	64623.4
234.799	64710.3
233.689	64094.1
232.58	63847.6
231.47	63682.3
230.359	63472
229.249	63297.8
228.138	62817.6
227.027	62571.5
225.916	62712.6
224.805	61863.8
223.693	62688.7
222.582	62218
221.47	61873.3
220.357	61933.5
219.245	61651.9
218.133	62134.5
217.02	61673.3
215.907	61967
214.794	61497.1
213.68	61584.1
212.566	62102.2
211.453	61668.3
210.338	61701.4
209.224	62021.7
208.11	61534.3
206.995	61800.7
205.88	61995.1
204.765	62216.5
203.65	61837
202.534	62031.3
201.418	62127
200.302	61622.3
199.186	61628.4
198.07	61446.5
196.953	61819.8
195.836	61834.9
194.719	61849.9
193.602	61793.3
192.484	62309.5
191.367	61680.2
190.249	61856.3
189.131	62041.2
188.012	61859.4
186.894	62142.6
185.775	62193.3
184.656	62252.9
183.537	62464.4
182.417	62479.2
181.298	62431.5
180.178	62214.2
179.058	62488
177.938	62734.9
176.817	62696.1
175.696	62291.5
174.575	62065.4
173.454	62472.8
172.333	62398.4
171.211	62110
170.09	62356.7
168.968	62050.6
167.845	61254.5
166.723	61135.9
165.6	60750
164.478	61005.6
163.354	61074
162.231	61115.7
161.108	60587.8
159.984	60789.7
158.86	60297.6
157.736	60330.6
156.612	60541.3
155.487	60778.7
154.362	60447
153.237	60631
152.112	60503.8
150.987	60669.9
149.861	60436.2
148.735	60939.7
147.609	61434.2
146.483	61591.1
145.356	62227.3
144.229	62242
143.102	63339.3
141.975	63611
140.848	63723
139.72	63701.9
138.592	64106.4
137.464	64439.8
136.336	64197
135.208	64441.7
134.079	64296.4
132.95	63788
131.821	63288.6
130.692	62453
129.562	61785.8
128.432	60950.8
127.302	60717.8
126.172	60078
125.042	59571
123.911	59409.2
122.78	59247.5
121.649	59094.6
120.518	59313.1
119.386	59611
118.255	59210.8
117.123	59093.4
115.991	58949.5
114.858	58532
113.726	58785.6
112.593	58668.3
111.46	57845.1
110.327	57736.9
109.193	57231.7
108.06	56532.7
106.926	56089.7
105.791	55664.4
104.657	53114.8
103.523	51553.3
102.388	47939.1
101.253	43498.2
100.118	38160.4
98.9822	32120.1
97.8466	25668.2
96.7107	20090.4
95.5746	15843.9
94.4383	12294.3
93.3018	9775.44
92.165	8128.51
91.0281	7009.93
89.8909	6217.14
88.7535	5547.75
87.6159	5168.7
86.478	4807.37
85.34	4613.13
84.2017	4480.47
83.0632	4224.88
81.9245	4232.85
80.7856	4021.31
79.6464	4081.98
78.5071	4002.2
77.3675	4010.21
76.2277	3956.79
75.0876	3885.86
73.9474	3823.72
72.8069	3840.52
71.6662	3839.78
70.5253	3839.04
69.3842	3855.82
68.2428	3679.85
67.1012	3819.29
65.9594	3853.59
64.8174	3739.01
63.6752	3729.54
62.5327	3720.06
61.3901	3719.34
60.2472	3771.12
59.1041	3752.9
57.9607	3655.97
56.8172	3716.47
55.6734	3663.3
54.5294	3636.37
53.3852	3661.88
52.2407	3634.96
51.0961	3634.26
